0 19991 1.4993e+07 4.9976e+06 499.76 999.53 1e+06 100
1 18714 2.8345e+07 4.6609e+06 620.85 960.69 9.0924e+05 114.85
2 17446 5.2436e+07 4.8452e+06 738.59 922.77 8.161e+05 128.99
3 16190 9.4566e+07 6.0004e+06 871.38 885.74 7.2957e+05 144.86
4 14952 1.6526e+08 9.3764e+06 1057.5 849.57 6.5299e+05 167.21
5 13738 2.7676e+08 1.8747e+07 1394 814.25 5.8288e+05 206.1
6 12555 4.3588e+08 4.4578e+07 2151.1 779.75 5.1798e+05 279.61
7 11409 6.3417e+08 1.0518e+08 3983.5 746.07 4.5753e+05 402.57
8 10306 8.5339e+08 2.138e+08 7984.3 713.21 4.0166e+05 566.68
9 9251.9 1.0751e+09 3.7066e+08 15410 681.14 3.5025e+05 753.09
10 8253.3 1.2798e+09 5.6807e+08 27401 649.9 3.0341e+05 948.79
11 7314.9 1.4476e+09 7.9366e+08 44826 619.47 2.6106e+05 1147
12 6440.8 1.5608e+09 1.0314e+09 68180 589.88 2.2309e+05 1344.2
13 5634.2 1.608e+09 1.2633e+09 97508 561.15 1.8933e+05 1538.7
14 4896.9 1.5862e+09 1.4711e+09 1.3238e+05 533.29 1.5957e+05 1729.3
15 4229.6 1.5013e+09 1.6395e+09 1.7193e+05 506.34 1.3355e+05 1915.5
16 3631.2 1.3666e+09 1.7575e+09 2.1495e+05 480.3 1.1101e+05 2096.9
17 3099.8 1.1993e+09 1.8201e+09 2.6004e+05 455.21 91633 2273.5
18 2632.2 1.0175e+09 1.828e+09 3.0574e+05 431.09 75128 2444.9
19 2224.3 8.3694e+08 1.7867e+09 3.507e+05 407.94 61187 2611.3
20 1871.3 6.6943e+08 1.7051e+09 3.9375e+05 385.77 49507 2772.5
21 1568.1 5.2225e+08 1.5935e+09 4.3399e+05 364.59 39803 2928.5
22 1309.5 3.9855e+08 1.4624e+09 4.708e+05 344.39 31805 3079.4
23 1090.1 2.9838e+08 1.3213e+09 5.0384e+05 325.16 25263 3224.9
24 905.12 2.1972e+08 1.1781e+09 5.3296e+05 306.88 19952 3365.2
25 749.81 1.5955e+08 1.0386e+09 5.5821e+05 289.52 15672 3500
26 619.94 1.145e+08 9.0696e+08 5.7979e+05 273.07 12247 3629.5
27 511.72 8.1374e+07 7.8574e+08 5.9794e+05 257.48 9523.2 3753.3
28 421.8 5.7381e+07 6.7624e+08 6.1298e+05 242.74 7371.2 3871.5
29 347.28 4.0213e+07 5.7882e+08 6.2524e+05 228.8 5681.1 3983.8
30 285.65 2.8049e+07 4.9322e+08 6.3506e+05 215.63 4361 4090.1
31 234.76 1.9498e+07 4.1873e+08 6.4274e+05 203.19 3335.4 4190.3
32 192.81 1.3524e+07 3.5441e+08 6.4857e+05 191.44 2542.6 4284.3
33 158.27 9.3687e+06 2.9924e+08 6.5282e+05 180.37 1932.4 4371.8
34 129.86 6.4878e+06 2.5215e+08 6.5572e+05 169.92 1464.9 4452.9
35 106.51 4.4948e+06 2.1213e+08 6.5747e+05 160.07 1108.1 4527.4
36 87.325 3.1176e+06 1.7822e+08 6.5825e+05 150.78 836.7 4595.2
37 71.58 2.1662e+06 1.4958e+08 6.5823e+05 142.02 630.97 4656.2
38 58.661 1.5089e+06 1.2543e+08 6.5752e+05 133.77 475.46 4710.2
39 48.066 1.0543e+06 1.051e+08 6.5624e+05 126 358.21 4757
40 39.379 7.3943e+05 8.8019e+07 6.5448e+05 118.67 269.99 4796.2
41 32.258 5.2099e+05 7.3679e+07 6.5233e+05 111.77 203.74 4827.4
42 26.422 3.6903e+05 6.1651e+07 6.4985e+05 105.27 154.05 4850.2
43 21.64 2.6297e+05 5.1572e+07 6.471e+05 99.141 116.82 4864.1
44 17.723 1.8867e+05 4.3129e+07 6.4414e+05 93.372 88.948 4868.7
45 14.514 1.3636e+05 3.6061e+07 6.4099e+05 87.938 68.081 4863.7
46 11.885 99330 3.0146e+07 6.3769e+05 82.819 52.461 4848.9
47 9.7324 72958 2.5198e+07 6.3427e+05 77.998 40.765 4824.4
48 7.9693 54044 2.106e+07 6.3076e+05 73.457 32.005 4790.2
49 6.5255 40376 1.76e+07 6.2717e+05 69.18 25.446 4746.7
50 5.3431 30421 1.4707e+07 6.2353e+05 65.153 20.542 4694.5
51 4.3749 23109 1.2289e+07 6.1984e+05 61.359 16.888 4634.2
52 3.5821 17694 1.0268e+07 6.1611e+05 57.786 14.19 4566.6
53 2.9329 13649 8.5792e+06 6.1236e+05 54.421 12.234 4492.5
54 2.4014 10603 7.1678e+06 6.086e+05 51.252 10.875 4412.8
55 1.9661 8289.5 5.9884e+06 6.0483e+05 48.268 10.018 4328.5
56 1.6098 6519.8 5.003e+06 6.0105e+05 45.457 9.6223 4240.3
57 1.318 5155.9 4.1796e+06 5.9727e+05 42.81 9.7018 4149
58 1.0791 4097.6 3.4917e+06 5.935e+05 40.317 10.346 4055.6
59 0.88352 3271.3 2.9169e+06 5.8974e+05 37.969 11.765 3960.5
60 0.72338 2622.4 2.4368e+06 5.8599e+05 35.758 14.397 3864.5
61 0.59226 2110.1 2.0356e+06 5.8225e+05 33.676 19.14 3768.1
62 0.48491 1703.7 1.7005e+06 5.7853e+05 31.715 27.923 3671.6
63 0.39701 1380 1.4206e+06 5.7482e+05 29.868 45.164 3575.6
64 0.32505 1121.1 1.1867e+06 5.7113e+05 28.129 81.814 3480.2
65 0.26613 913.46 9.9129e+05 5.6746e+05 26.491 167.59 3385.6
66 0.21789 746.36 8.2808e+05 5.638e+05 24.948 391.6 3291.9
67 0.17839 611.48 6.9173e+05 5.6017e+05 23.495 1051.3 3199.2
68 0.14606 502.19 5.7783e+05 5.5656e+05 22.127 3260.4 3107.9
69 0.11958 413.28 4.8269e+05 5.5296e+05 20.838 11722 3018.5
70 0.097906 340.73 4.0321e+05 5.4939e+05 19.625 48970 2931.3
71 0.080159 281.39 3.3681e+05 5.4584e+05 18.482 2.395e+05 2846.3
72 0.065629 232.76 2.8135e+05 5.4232e+05 17.406 1.5446e+06 2763.5
73 0.053733 192.84 2.3502e+05 5.3881e+05 16.392 1.812e+07 2682.9
74 0.043993 160.03 1.9632e+05 5.3532e+05 15.437 9.1371e+07 2604.6
75 0.036018 133.01 1.6399e+05 5.3186e+05 14.538 2.0131e+08 2528.4
76 0.02949 110.72 1.3699e+05 5.2842e+05 13.692 3.1933e+08 2454.3
77 0.024144 92.311 1.1443e+05 5.25e+05 12.894 4.3614e+08 2382.3
78 0.019768 77.081 95587 5.216e+05 12.143 5.4855e+08 2312.4
79 0.016184 64.464 79847 5.1822e+05 11.436 6.5538e+08 2244.4
80 0.013251 53.994 66698 5.1486e+05 10.77 7.5622e+08 2178.4
81 0.010849 45.294 55715 5.1153e+05 10.143 8.5103e+08 2114.3
82 0.0088823 38.054 46540 5.0822e+05 9.5524 9.3992e+08 2052
83 0.0072722 32.02 38876 5.0493e+05 8.9961 1.0231e+09 1991.6
84 0.005954 26.984 32475 5.0165e+05 8.4722 1.1009e+09 1932.9
85 0.0048747 22.774 27127 4.9841e+05 7.9788 1.1735e+09 1875.9
86 0.0039911 19.251 22660 4.9518e+05 7.5142 1.2413e+09 1820.5
87 0.0032677 16.297 18929 4.9197e+05 7.0766 1.3045e+09 1766.8
88 0.0026753 13.817 15812 4.8878e+05 6.6645 1.3634e+09 1714.7
89 0.0021904 11.732 13209 4.8562e+05 6.2764 1.4183e+09 1664.1
90 0.0017933 9.9764 11034 4.8247e+05 5.9109 1.4694e+09 1614.9
91 0.0014683 8.4964 9217.3 4.7934e+05 5.5666 1.517e+09 1567.3
92 0.0012021 7.2467 7699.8 4.7624e+05 5.2425 1.5613e+09 1521
93 0.00098422 6.19 6432.3 4.7315e+05 4.9372 1.6026e+09 1476.1
94 0.00080581 5.2952 5373.4 4.7009e+05 4.6496 1.641e+09 1432.5
95 0.00065974 4.5364 4489 4.6704e+05 4.3789 1.6767e+09 1390.1
96 0.00054016 3.8921 3750.1 4.6402e+05 4.1239 1.7099e+09 1349.1
97 0.00044224 3.3441 3133 4.6101e+05 3.8837 1.7409e+09 1309.2
98 0.00036208 2.8774 2617.5 4.5802e+05 3.6575 1.7696e+09 1270.5
99 0.00029645 2.4795 2186.9 4.5506e+05 3.4445 1.7964e+09 1233
100 0.00024271 2.1396 1827.2 4.5211e+05 3.244 1.8213e+09 1196.6
101 0.00019872 1.8489 1526.7 4.4918e+05 3.055 1.8444e+09 1161.2
102 0.00016269 1.6 1275.7 4.4627e+05 2.8771 1.8659e+09 1126.9
103 0.0001332 1.3865 1066 4.4338e+05 2.7096 1.8859e+09 1093.6
104 0.00010906 1.2032 890.89 4.405e+05 2.5518 1.9045e+09 1061.3
105 8.929e-05 1.0456 744.59 4.3765e+05 2.4032 1.9218e+09 1029.9
106 7.3104e-05 0.9098 622.38 4.3481e+05 2.2632 1.9379e+09 999.48
107 5.9853e-05 0.79274 520.29 4.32e+05 2.1314 1.9529e+09 969.94
108 4.9004e-05 0.69167 435.01 4.292e+05 2.0073 1.9668e+09 941.28
109 4.0121e-05 0.60428 363.77 4.2642e+05 1.8904 1.9797e+09 913.46
110 3.2848e-05 0.52863 304.26 4.2365e+05 1.7803 1.9917e+09 886.47
111 2.6894e-05 0.46305 254.55 4.2091e+05 1.6766 2.0029e+09 860.27
112 2.2019e-05 0.40612 213.02 4.1818e+05 1.579 2.0133e+09 834.85
113 1.8028e-05 0.35664 178.33 4.1547e+05 1.487 2.0229e+09 810.17
114 1.476e-05 0.31359 149.35 4.1278e+05 1.4004 2.0319e+09 786.23
115 1.2084e-05 0.27607 125.13 4.1011e+05 1.3189 2.0402e+09 762.99
116 9.8939e-06 0.24334 104.9 4.0745e+05 1.2421 2.048e+09 740.44
117 8.1005e-06 0.21475 88.005 4.0481e+05 1.1698 2.0552e+09 718.56
118 6.6321e-06 0.18974 73.885 4.0219e+05 1.1016 2.0619e+09 697.33
119 5.4299e-06 0.16784 62.088 3.9958e+05 1.0375 2.0681e+09 676.72
120 4.4457e-06 0.14864 52.231 3.9699e+05 0.97706 2.0739e+09 656.72
121 3.6398e-06 0.13178 43.994 3.9442e+05 0.92016 2.0792e+09 637.31
122 2.98e-06 0.11697 37.112 3.9187e+05 0.86657 2.0842e+09 618.47
123 2.4399e-06 0.10394 31.36 3.8933e+05 0.81611 2.0889e+09 600.19
124 1.9976e-06 0.092462 26.553 3.868e+05 0.76858 2.0932e+09 582.46
125 1.6355e-06 0.082338 22.535 3.843e+05 0.72382 2.0972e+09 565.24
126 1.339e-06 0.0734 19.176 3.8181e+05 0.68167 2.1009e+09 548.54
127 1.0963e-06 0.0655 16.367 3.7933e+05 0.64197 2.1044e+09 532.33
128 8.9759e-07 0.05851 14.019 3.7688e+05 0.60459 2.1076e+09 516.59
129 7.3489e-07 0.052319 12.056 3.7444e+05 0.56938 2.1106e+09 501.33
130 6.0168e-07 0.046828 10.413 3.7201e+05 0.53622 2.1134e+09 486.51
131 4.9261e-07 0.041954 9.0382 3.696e+05 0.50499 2.116e+09 472.13
132 4.0332e-07 0.037624 7.8877 3.672e+05 0.47559 2.1184e+09 458.18
133 3.3021e-07 0.033771 6.9243 3.6483e+05 0.44789 2.1206e+09 444.64
134 2.7035e-07 0.030341 6.1174 3.6246e+05 0.42181 2.1227e+09 431.49
135 2.2135e-07 0.027284 5.4411 3.6011e+05 0.39724 2.1246e+09 418.74
136 1.8122e-07 0.024557 4.874 3.5778e+05 0.37411 2.1264e+09 406.37
137 1.4837e-07 0.022121 4.398 3.5546e+05 0.35232 2.1281e+09 394.36
138 1.2148e-07 0.019944 3.9983 3.5316e+05 0.33181 2.1296e+09 382.7
139 9.9459e-08 0.017996 3.6623 3.5087e+05 0.31248 2.1311e+09 371.39
140 8.1431e-08 0.016251 3.3794 3.486e+05 0.29428 2.1324e+09 360.41
141 6.667e-08 0.014687 3.1411 3.4634e+05 0.27715 2.1337e+09 349.76
142 5.4585e-08 0.013284 2.9399 3.441e+05 0.26101 2.1348e+09 339.43
143 4.469e-08 0.012025 2.7697 3.4187e+05 0.24581 2.1359e+09 329.39
144 3.659e-08 0.010893 2.6255 3.3965e+05 0.23149 2.1369e+09 319.66
145 2.9957e-08 0.0098745 2.503 3.3745e+05 0.21801 2.1378e+09 310.21
146 2.4527e-08 0.0089579 2.3987 3.3527e+05 0.20532 2.1387e+09 301.04
147 2.0081e-08 0.008132 2.3095 3.3309e+05 0.19336 2.1395e+09 292.15
148 1.6441e-08 0.0073874 2.233 3.3094e+05 0.1821 2.1402e+09 283.51
149 1.3461e-08 0.0067154 2.1671 3.2879e+05 0.17149 2.1409e+09 275.13
150 1.1021e-08 0.0061086 2.1101 3.2666e+05 0.16151 2.1415e+09 267
151 9.0231e-09 0.0055602 2.0605 3.2454e+05 0.1521 2.1421e+09 259.11
152 7.3875e-09 0.0050642 2.0172 3.2244e+05 0.14324 2.1427e+09 251.45
153 6.0484e-09 0.0046153 1.9791 3.2035e+05 0.1349 2.1432e+09 244.02
154 4.952e-09 0.0042087 1.9453 3.1828e+05 0.12705 2.1437e+09 236.81
155 4.0544e-09 0.0038402 1.9152 3.1622e+05 0.11965 2.1441e+09 229.81
156 3.3195e-09 0.0035059 1.8881 3.1417e+05 0.11268 2.1446e+09 223.02
157 2.7177e-09 0.0032026 1.8637 3.1213e+05 0.10612 2.1449e+09 216.43
158 2.2251e-09 0.002927 1.8414 3.1011e+05 0.099938 2.1453e+09 210.03
159 1.8218e-09 0.0026766 1.8209 3.081e+05 0.094118 2.1456e+09 203.82
160 1.4915e-09 0.0024489 1.802 3.061e+05 0.088637 2.1459e+09 197.8
161 1.2212e-09 0.0022417 1.7843 3.0412e+05 0.083475 2.1462e+09 191.95
162 9.9982e-10 0.0020531 1.7678 3.0215e+05 0.078614 2.1465e+09 186.28
163 8.1859e-10 0.0018812 1.7522 3.0019e+05 0.074036 2.1467e+09 180.78
164 6.702e-10 0.0017246 1.7373 2.9825e+05 0.069724 2.147e+09 175.43
165 5.4872e-10 0.0015817 1.7232 2.9632e+05 0.065664 2.1472e+09 170.25
166 4.4925e-10 0.0014513 1.7096 2.944e+05 0.06184 2.1474e+09 165.22
167 3.6782e-10 0.0013322 1.6964 2.9249e+05 0.058239 2.1476e+09 160.33
168 3.0115e-10 0.0012234 1.6837 2.9059e+05 0.054847 2.1477e+09 155.6
169 2.4656e-10 0.001124 1.6714 2.8871e+05 0.051653 2.1479e+09 151
170 2.0187e-10 0.0010331 1.6594 2.8684e+05 0.048645 2.148e+09 146.53
171 1.6527e-10 0.00094986 1.6476 2.8498e+05 0.045812 2.1482e+09 142.2
172 1.3532e-10 0.0008737 1.6361 2.8314e+05 0.043144 2.1483e+09 138
173 1.1079e-10 0.00080394 1.6248 2.813e+05 0.040632 2.1484e+09 133.92
174 9.0705e-11 0.00074003 1.6137 2.7948e+05 0.038265 2.1485e+09 129.96
175 7.4263e-11 0.00068144 1.6028 2.7767e+05 0.036037 2.1486e+09 126.12
176 6.0802e-11 0.0006277 1.592 2.7587e+05 0.033938 2.1487e+09 122.4
177 4.978e-11 0.0005784 1.5813 2.7408e+05 0.031962 2.1488e+09 118.78
178 4.0757e-11 0.00053315 1.5708 2.7231e+05 0.030101 2.1489e+09 115.27
179 3.3369e-11 0.00049159 1.5604 2.7054e+05 0.028348 2.149e+09 111.86
180 2.732e-11 0.00045341 1.5501 2.6879e+05 0.026697 2.1491e+09 108.56
181 2.2368e-11 0.00041833 1.5399 2.6705e+05 0.025142 2.1491e+09 105.35
182 1.8313e-11 0.00038607 1.5298 2.6532e+05 0.023678 2.1492e+09 102.23
183 1.4994e-11 0.00035641 1.5197 2.636e+05 0.022299 2.1492e+09 99.212
184 1.2276e-11 0.00032911 1.5098 2.6189e+05 0.021001 2.1493e+09 96.28
185 1.0051e-11 0.00030399 1.4999 2.602e+05 0.019778 2.1493e+09 93.434
186 8.2289e-12 0.00028086 1.4901 2.5851e+05 0.018626 2.1494e+09 90.673
187 6.7373e-12 0.00025956 1.4804 2.5684e+05 0.017541 2.1494e+09 87.993
188 5.516e-12 0.00023993 1.4708 2.5517e+05 0.01652 2.1495e+09 85.392
189 4.5162e-12 0.00022185 1.4612 2.5352e+05 0.015558 2.1495e+09 82.869
190 3.6975e-12 0.00020517 1.4517 2.5188e+05 0.014652 2.1495e+09 80.42
191 3.0273e-12 0.00018979 1.4423 2.5024e+05 0.013798 2.1496e+09 78.043
192 2.4785e-12 0.0001756 1.4329 2.4862e+05 0.012995 2.1496e+09 75.736
193 2.0293e-12 0.00016251 1.4236 2.4701e+05 0.012238 2.1496e+09 73.498
194 1.6614e-12 0.00015043 1.4144 2.4541e+05 0.011525 2.1497e+09 71.326
195 1.3603e-12 0.00013928 1.4052 2.4382e+05 0.010854 2.1497e+09 69.218
196 1.1137e-12 0.00012897 1.3961 2.4224e+05 0.010222 2.1497e+09 67.172
197 9.1182e-13 0.00011946 1.387 2.4067e+05 0.0096268 2.1497e+09 65.187
198 7.4654e-13 0.00011066 1.378 2.3911e+05 0.0090662 2.1497e+09 63.26
199 6.1121e-13 0.00010254 1.3691 2.3757e+05 0.0085382 2.1498e+09 61.391
200 5.0042e-13 9.5023e-05 1.3602 2.3603e+05 0.008041 2.1498e+09 59.576
