0 10000 1e+07 1e+07 1000 5000 1e+06 100
1 8961.5 1.301e+07 8.6784e+06 1234.9 4773.9 2.0609e+06 121.72
2 7979.5 1.6584e+07 7.6656e+06 1438.1 4553.7 3.7313e+06 140.29
3 7059.1 2.0681e+07 6.9284e+06 1617.6 4339.2 5.8332e+06 156.4
4 6204 2.52e+07 6.4408e+06 1780.2 4130.8 1.0009e+07 170.73
5 5417 2.9975e+07 6.1817e+06 1932.2 3928.5 3.8405e+07 183.89
6 4699.7 3.4781e+07 6.1341e+06 2079.2 3732.4 1.1229e+08 196.5
7 4052.1 3.9356e+07 6.2825e+06 2226.6 3542.8 2.0903e+08 209.11
8 3473.1 4.3429e+07 6.611e+06 2379.3 3359.8 3.1059e+08 222.25
9 2960.2 4.6753e+07 7.1008e+06 2541.6 3183.6 4.0995e+08 236.38
10 2510.1 4.9136e+07 7.7279e+06 2717.4 3014.2 5.0415e+08 251.91
11 2118.3 5.0466e+07 8.4613e+06 2909.8 2851.8 5.9187e+08 269.13
12 1780.1 5.0715e+07 9.2621e+06 3120.9 2696.3 6.7255e+08 288.23
13 1490.1 4.9941e+07 1.0085e+07 3351.8 2547.9 7.4608e+08 309.27
14 1243.2 4.8267e+07 1.0881e+07 3602.3 2406.4 8.1263e+08 332.18
15 1034.1 4.5864e+07 1.1601e+07 3870.9 2271.7 8.726e+08 356.74
16 858.03 4.2923e+07 1.2203e+07 4155 2143.8 9.2657e+08 382.63
17 710.38 3.9634e+07 1.2651e+07 4450.8 2022.4 9.7522e+08 409.46
18 587.05 3.6171e+07 1.2925e+07 4754.2 1907.3 1.0193e+09 436.74
19 484.36 3.2682e+07 1.3016e+07 5060.4 1798.3 1.0596e+09 464.01
20 399.11 2.928e+07 1.2928e+07 5364.5 1695.2 1.097e+09 490.77
21 328.51 2.6048e+07 1.2673e+07 5662.2 1597.8 1.132e+09 516.58
22 270.14 2.3042e+07 1.2275e+07 5949.5 1505.8 1.1654e+09 541.03
23 221.97 2.029e+07 1.1757e+07 6222.9 1418.9 1.1976e+09 563.77
24 182.28 1.7804e+07 1.1147e+07 6480 1336.8 1.2291e+09 584.52
25 149.6 1.5582e+07 1.0472e+07 6718.6 1259.4 1.2602e+09 603.07
26 122.73 1.3612e+07 9.7569e+06 6937.7 1186.5 1.2912e+09 619.28
27 100.65 1.1878e+07 9.0233e+06 7136.5 1117.7 1.322e+09 633.05
28 82.517 1.0358e+07 8.2896e+06 7314.9 1052.8 1.3529e+09 644.37
29 67.634 9.0308e+06 7.5705e+06 7473.4 991.64 1.3838e+09 653.26
30 55.425 7.8755e+06 6.8773e+06 7612.5 934.02 1.4146e+09 659.78
31 45.412 6.8713e+06 6.2182e+06 7733.2 879.73 1.4454e+09 664.03
32 37.203 5.9996e+06 5.5989e+06 7836.5 828.57 1.4759e+09 666.13
33 30.475 5.2433e+06 5.0227e+06 7923.6 780.38 1.5062e+09 666.22
34 24.961 4.5872e+06 4.4909e+06 7995.9 734.98 1.5361e+09 664.47
35 20.443 4.0177e+06 4.0038e+06 8054.4 692.21 1.5655e+09 661.04
36 16.742 3.5233e+06 3.5603e+06 8100.6 651.93 1.5943e+09 656.09
37 13.711 3.0936e+06 3.1588e+06 8135.4 613.99 1.6224e+09 649.79
38 11.227 2.7199e+06 2.7969e+06 8160.2 578.25 1.6498e+09 642.3
39 9.1936 2.3944e+06 2.4721e+06 8175.9 544.58 1.6763e+09 633.76
40 7.5281 2.1106e+06 2.1816e+06 8183.6 512.88 1.702e+09 624.34
41 6.1641 1.8629e+06 1.9227e+06 8184.1 483.02 1.7268e+09 614.15
42 5.0472 1.6464e+06 1.6924e+06 8178.2 454.9 1.7506e+09 603.32
43 4.1326 1.4569e+06 1.4881e+06 8166.8 428.41 1.7735e+09 591.98
44 3.3837 1.2908e+06 1.3073e+06 8150.4 403.46 1.7954e+09 580.22
45 2.7705 1.145e+06 1.1476e+06 8129.8 379.97 1.8163e+09 568.13
46 2.2683 1.0169e+06 1.0067e+06 8105.4 357.85 1.8362e+09 555.8
47 1.8572 9.042e+05 8.826e+05 8077.7 337.01 1.8551e+09 543.3
48 1.5206 8.0491e+05 7.7342e+05 8047.2 317.38 1.8732e+09 530.7
49 1.245 7.1733e+05 6.7747e+05 8014.2 298.9 1.8902e+09 518.06
50 1.0193 6.3997e+05 5.9323e+05 7979.1 281.5 1.9064e+09 505.42
51 0.83458 5.7157e+05 5.1932e+05 7942.2 265.1 1.9217e+09 492.82
52 0.68331 5.1101e+05 4.5454e+05 7903.8 249.66 1.9362e+09 480.32
53 0.55945 4.5734e+05 3.9777e+05 7864 235.13 1.9498e+09 467.93
54 0.45805 4.0972e+05 3.4807e+05 7823.1 221.43 1.9627e+09 455.68
55 0.37502 3.6741e+05 3.0456e+05 7781.2 208.54 1.9748e+09 443.6
56 0.30704 3.2978e+05 2.665e+05 7738.6 196.39 1.9862e+09 431.71
57 0.25139 2.9629e+05 2.332e+05 7695.3 184.96 1.9969e+09 420.02
58 0.20582 2.6644e+05 2.0407e+05 7651.5 174.19 2.007e+09 408.54
59 0.16851 2.3981e+05 1.7861e+05 7607.3 164.04 2.0164e+09 397.29
60 0.13797 2.1603e+05 1.5635e+05 7562.7 154.49 2.0253e+09 386.27
61 0.11296 1.9478e+05 1.3688e+05 7517.9 145.49 2.0336e+09 375.48
62 0.092483 1.7577e+05 1.1987e+05 7472.9 137.02 2.0414e+09 364.93
63 0.075719 1.5874e+05 1.0499e+05 7427.8 129.04 2.0487e+09 354.63
64 0.061993 1.4347e+05 91983 7382.6 121.53 2.0555e+09 344.58
65 0.050756 1.2978e+05 80611 7337.4 114.45 2.0619e+09 334.77
66 0.041556 1.1748e+05 70665 7292.2 107.78 2.0678e+09 325.2
67 0.034023 1.0643e+05 61967 7247.1 101.51 2.0734e+09 315.87
68 0.027856 96487 54358 7202 95.596 2.0786e+09 306.79
69 0.022807 87537 47699 7157.1 90.029 2.0835e+09 297.94
70 0.018672 79472 41872 7112.3 84.786 2.088e+09 289.33
71 0.015288 72201 36771 7067.6 79.848 2.0923e+09 280.95
72 0.012517 65638 32305 7023.1 75.198 2.0962e+09 272.8
73 0.010248 59712 28392 6978.8 70.819 2.0999e+09 264.87
74 0.0083902 54355 24964 6934.7 66.695 2.1034e+09 257.16
75 0.0068693 49510 21959 6890.7 62.811 2.1066e+09 249.66
76 0.0056242 45124 19324 6847 59.153 2.1096e+09 242.37
77 0.0046047 41151 17013 6803.5 55.708 2.1124e+09 235.28
78 0.00377 37550 14985 6760.2 52.464 2.115e+09 228.4
79 0.0030866 34284 13205 6717.2 49.409 2.1174e+09 221.71
80 0.0025271 31319 11642 6674.4 46.531 2.1197e+09 215.21
81 0.002069 28627 10269 6631.8 43.822 2.1218e+09 208.9
82 0.001694 26179 9061.5 6589.5 41.27 2.1237e+09 202.77
83 0.0013869 23954 8000.1 6547.4 38.866 2.1256e+09 196.81
84 0.0011355 21928 7066.4 6505.6 36.603 2.1273e+09 191.03
85 0.00092969 20084 6244.6 6464 34.471 2.1288e+09 185.41
86 0.00076117 18404 5521 6422.7 32.464 2.1303e+09 179.96
87 0.0006232 16872 4883.7 6381.6 30.573 2.1317e+09 174.66
88 0.00051023 15475 4321.9 6340.8 28.793 2.133e+09 169.52
89 0.00041774 14200 3826.6 6300.2 27.116 2.1342e+09 164.53
90 0.00034202 13035 3389.7 6259.9 25.537 2.1353e+09 159.68
91 0.00028002 11971 3004 6219.8 24.05 2.1363e+09 154.98
92 0.00022926 10999 2663.5 6180 22.649 2.1373e+09 150.41
93 0.00018771 10110 2362.7 6140.4 21.33 2.1381e+09 145.97
94 0.00015368 9295.7 2096.8 6101 20.088 2.139e+09 141.67
95 0.00012582 8550.7 1861.7 6062 18.918 2.1398e+09 137.49
96 0.00010302 7868.3 1653.7 6023.1 17.817 2.1405e+09 133.44
97 8.4343e-05 7243.1 1469.6 5984.5 16.779 2.1411e+09 129.5
98 6.9054e-05 6669.9 1306.6 5946.2 15.802 2.1418e+09 125.68
99 5.6537e-05 6144.1 1162.1 5908.1 14.882 2.1423e+09 121.97
100 4.6289e-05 5661.7 1034.1 5870.3 14.015 2.1429e+09 118.37
101 3.7898e-05 5218.9 920.57 5832.6 13.199 2.1434e+09 114.87
102 3.1029e-05 4812.3 819.84 5795.3 12.43 2.1438e+09 111.48
103 2.5404e-05 4438.7 730.44 5758.1 11.706 2.1443e+09 108.19
104 2.0799e-05 4095.4 651.04 5721.2 11.025 2.1447e+09 105
105 1.7029e-05 3779.7 580.51 5684.6 10.383 2.145e+09 101.9
106 1.3942e-05 3489.4 517.82 5648.2 9.7779 2.1454e+09 98.887
107 1.1415e-05 3222.3 462.07 5612 9.2085 2.1457e+09 95.967
108 9.3458e-06 2976.4 412.48 5576 8.6722 2.146e+09 93.133
109 7.6517e-06 2750 368.35 5540.3 8.1672 2.1463e+09 90.382
110 6.2647e-06 2541.5 329.06 5504.8 7.6916 2.1466e+09 87.712
111 5.1291e-06 2349.4 294.06 5469.6 7.2437 2.1468e+09 85.121
112 4.1994e-06 2172.3 262.88 5434.5 6.8218 2.147e+09 82.607
113 3.4382e-06 2009.1 235.08 5399.7 6.4246 2.1472e+09 80.166
114 2.815e-06 1858.5 210.29 5365.1 6.0504 2.1474e+09 77.798
115 2.3047e-06 1719.6 188.18 5330.8 5.6981 2.1476e+09 75.5
116 1.8869e-06 1591.5 168.44 5296.6 5.3662 2.1478e+09 73.269
117 1.5449e-06 1473.2 150.83 5262.7 5.0537 2.1479e+09 71.104
118 1.2649e-06 1364 135.09 5229 4.7594 2.1481e+09 69.004
119 1.0356e-06 1263.1 121.03 5195.5 4.4823 2.1482e+09 66.965
120 8.4786e-07 1169.9 108.47 5162.3 4.2212 2.1483e+09 64.986
121 6.9417e-07 1083.8 97.235 5129.2 3.9754 2.1485e+09 63.066
122 5.6834e-07 1004.2 87.19 5096.4 3.7439 2.1486e+09 61.203
123 4.6532e-07 930.67 78.203 5063.8 3.5259 2.1487e+09 59.394
124 3.8097e-07 862.64 70.161 5031.4 3.3205 2.1488e+09 57.639
125 3.1192e-07 799.72 62.961 4999.2 3.1272 2.1489e+09 55.936
126 2.5538e-07 741.51 56.515 4967.2 2.9451 2.1489e+09 54.283
127 2.0909e-07 687.65 50.741 4935.4 2.7735 2.149e+09 52.679
128 1.7119e-07 637.8 45.567 4903.8 2.612 2.1491e+09 51.122
129 1.4015e-07 591.65 40.93 4872.4 2.4599 2.1491e+09 49.612
130 1.1475e-07 548.93 36.774 4841.3 2.3167 2.1492e+09 48.145
131 9.3949e-08 509.36 33.047 4810.3 2.1818 2.1493e+09 46.723
132 7.6919e-08 472.71 29.704 4779.5 2.0547 2.1493e+09 45.342
133 6.2976e-08 438.75 26.704 4749 1.935 2.1494e+09 44.002
134 5.1561e-08 407.29 24.013 4718.6 1.8224 2.1494e+09 42.702
135 4.2215e-08 378.13 21.597 4688.4 1.7162 2.1494e+09 41.44
136 3.4563e-08 351.11 19.428 4658.4 1.6163 2.1495e+09 40.215
137 2.8298e-08 326.05 17.48 4628.7 1.5222 2.1495e+09 39.027
138 2.3168e-08 302.82 15.73 4599.1 1.4335 2.1496e+09 37.873
139 1.8969e-08 281.27 14.158 4569.7 1.35 2.1496e+09 36.754
140 1.553e-08 261.29 12.746 4540.5 1.2714 2.1496e+09 35.668
141 1.2715e-08 242.75 11.476 4511.4 1.1974 2.1496e+09 34.614
142 1.041e-08 225.55 10.335 4482.6 1.1276 2.1497e+09 33.591
143 8.5232e-09 209.59 9.3089 4454 1.062 2.1497e+09 32.598
144 6.9782e-09 194.78 8.386 4425.5 1.0001 2.1497e+09 31.635
145 5.7133e-09 181.04 7.5559 4397.2 0.94189 2.1497e+09 30.7
146 4.6777e-09 168.28 6.8092 4369.1 0.88703 2.1498e+09 29.793
147 3.8298e-09 156.43 6.1372 4341.2 0.83538 2.1498e+09 28.912
148 3.1356e-09 145.43 5.5325 4313.5 0.78673 2.1498e+09 28.058
149 2.5672e-09 135.21 4.9882 4285.9 0.74091 2.1498e+09 27.228
150 2.1018e-09 125.72 4.4982 4258.6 0.69777 2.1498e+09 26.424
151 1.7208e-09 116.91 4.0571 4231.4 0.65713 2.1498e+09 25.643
152 1.4089e-09 108.73 3.6598 4204.3 0.61886 2.1498e+09 24.885
153 1.1535e-09 101.12 3.3019 4177.5 0.58282 2.1499e+09 24.149
154 9.4443e-10 94.054 2.9796 4150.8 0.54888 2.1499e+09 23.436
155 7.7324e-10 87.487 2.6893 4124.3 0.51692 2.1499e+09 22.743
156 6.3308e-10 81.385 2.4276 4098 0.48681 2.1499e+09 22.071
157 5.1832e-10 75.713 2.1919 4071.9 0.45846 2.1499e+09 21.419
158 4.2437e-10 70.441 1.9794 4045.9 0.43177 2.1499e+09 20.786
159 3.4744e-10 65.541 1.7878 4020.1 0.40662 2.1499e+09 20.171
160 2.8446e-10 60.985 1.6152 3994.4 0.38294 2.1499e+09 19.575
161 2.329e-10 56.749 1.4595 3968.9 0.36064 2.1499e+09 18.997
162 1.9068e-10 52.811 1.3191 3943.6 0.33964 2.1499e+09 18.435
163 1.5612e-10 49.148 1.1925 3918.5 0.31986 2.1499e+09 17.89
164 1.2782e-10 45.743 1.0784 3893.5 0.30123 2.1499e+09 17.362
165 1.0465e-10 42.575 0.97538 3868.6 0.28369 2.1499e+09 16.849
166 8.568e-11 39.629 0.88247 3844 0.26717 2.1499e+09 16.351
167 7.0149e-11 36.888 0.79865 3819.5 0.25161 2.1499e+09 15.867
168 5.7433e-11 34.339 0.72302 3795.1 0.23696 2.15e+09 15.398
169 4.7023e-11 31.967 0.65477 3770.9 0.22316 2.15e+09 14.943
170 3.8499e-11 29.761 0.59318 3746.9 0.21016 2.15e+09 14.502
171 3.152e-11 27.708 0.53758 3723 0.19792 2.15e+09 14.073
172 2.5807e-11 25.798 0.4874 3699.3 0.1864 2.15e+09 13.657
173 2.1129e-11 24.02 0.44209 3675.7 0.17554 2.15e+09 13.254
174 1.7299e-11 22.366 0.40119 3652.3 0.16532 2.15e+09 12.862
175 1.4163e-11 20.827 0.36425 3629 0.15569 2.15e+09 12.482
176 1.1596e-11 19.394 0.3309 3605.9 0.14663 2.15e+09 12.113
177 9.494e-12 18.061 0.30077 3582.9 0.13809 2.15e+09 11.755
178 7.773e-12 16.82 0.27356 3560.1 0.13005 2.15e+09 11.407
179 6.364e-12 15.664 0.24898 3537.5 0.12247 2.15e+09 11.07
180 5.2104e-12 14.589 0.22677 3514.9 0.11534 2.15e+09 10.743
181 4.266e-12 13.588 0.2067 3492.6 0.10862 2.15e+09 10.426
182 3.4927e-12 12.656 0.18857 3470.3 0.1023 2.15e+09 10.118
183 2.8596e-12 11.788 0.17218 3448.2 0.09634 2.15e+09 9.8185
184 2.3412e-12 10.98 0.15737 3426.3 0.09073 2.15e+09 9.5283
185 1.9168e-12 10.228 0.14398 3404.5 0.085446 2.15e+09 9.2467
186 1.5694e-12 9.5272 0.13187 3382.8 0.08047 2.15e+09 8.9735
187 1.2849e-12 8.8749 0.12092 3361.3 0.075784 2.15e+09 8.7083
188 1.052e-12 8.2676 0.11102 3339.9 0.07137 2.15e+09 8.4509
189 8.613e-13 7.702 0.10207 3318.7 0.067214 2.15e+09 8.2011
190 7.0518e-13 7.1753 0.093965 3297.6 0.0633 2.15e+09 7.9587
191 5.7735e-13 6.6848 0.086634 3276.6 0.059614 2.15e+09 7.7235
192 4.727e-13 6.2279 0.079998 3255.8 0.056142 2.15e+09 7.4953
193 3.8701e-13 5.8024 0.073992 3235.1 0.052873 2.15e+09 7.2737
194 3.1686e-13 5.4061 0.068554 3214.5 0.049793 2.15e+09 7.0588
195 2.5942e-13 5.037 0.063629 3194.1 0.046894 2.15e+09 6.8502
196 2.124e-13 4.6932 0.059168 3173.8 0.044163 2.15e+09 6.6477
197 1.739e-13 4.373 0.055126 3153.6 0.041591 2.15e+09 6.4512
198 1.4238e-13 4.0746 0.051463 3133.6 0.039169 2.15e+09 6.2606
199 1.1657e-13 3.7967 0.048141 3113.7 0.036888 2.15e+09 6.0755
200 9.5439e-14 3.5379 0.045129 3093.9 0.03474 2.15e+09 5.896
