0 499.7 4.997e+05 4.997e+05 49.97 49.97 1e+06 100
1 411.83 4.7914e+05 4.225e+05 61.862 47.107 8.2044e+06 99.035
2 339.03 4.5648e+05 3.5765e+05 71.854 44.401 5.9532e+07 97.794
3 278.83 4.3257e+05 3.031e+05 80.247 41.844 1.6099e+08 96.334
4 229.14 4.0812e+05 2.5718e+05 87.294 39.429 2.7739e+08 94.7
5 188.18 3.8366e+05 2.1848e+05 93.206 37.151 3.948e+08 92.933
6 154.46 3.596e+05 1.8583e+05 98.161 35 5.0867e+08 91.064
7 126.72 3.3625e+05 1.5825e+05 102.31 32.973 6.1731e+08 89.12
8 103.93 3.138e+05 1.3494e+05 105.77 31.06 7.2011e+08 87.123
9 85.21 2.924e+05 1.152e+05 108.66 29.258 8.1691e+08 85.093
10 69.845 2.7212e+05 98481 111.06 27.559 9.0777e+08 83.043
11 57.238 2.53e+05 84296 113.04 25.958 9.9289e+08 80.986
12 46.899 2.3504e+05 72250 114.68 24.449 1.0725e+09 78.934
13 38.422 2.1822e+05 62008 116.01 23.027 1.1469e+09 76.893
14 31.474 2.0252e+05 53290 117.1 21.688 1.2163e+09 74.872
15 25.78 1.8788e+05 45861 117.96 20.426 1.2811e+09 72.875
16 21.114 1.7426e+05 39523 118.65 19.238 1.3415e+09 70.908
17 17.292 1.6159e+05 34108 119.17 18.118 1.3978e+09 68.973
18 14.161 1.4984e+05 29476 119.57 17.064 1.4503e+09 67.073
19 11.596 1.3893e+05 25510 119.85 16.07 1.4992e+09 65.211
20 9.4955 1.2881e+05 22109 120.03 15.135 1.5447e+09 63.387
21 7.7753 1.1943e+05 19188 120.13 14.254 1.587e+09 61.604
22 6.3665 1.1074e+05 16677 120.16 13.424 1.6265e+09 59.862
23 5.2129 1.0269e+05 14516 120.13 12.642 1.6632e+09 58.16
24 4.2683 95228 12652 120.05 11.906 1.6973e+09 56.501
25 3.4948 88318 11043 119.92 11.213 1.7291e+09 54.883
26 2.8615 81918 9651.7 119.76 10.56 1.7587e+09 53.306
27 2.3429 75990 8447.5 119.56 9.9452 1.7862e+09 51.77
28 1.9182 70499 7403.4 119.34 9.3661 1.8117e+09 50.275
29 1.5706 65412 6497.1 119.09 8.8207 1.8355e+09 48.819
30 1.2859 60699 5709.1 118.82 8.307 1.8576e+09 47.403
31 1.0528 56332 5023 118.53 7.8233 1.8782e+09 46.025
32 0.862 52286 4424.9 118.23 7.3677 1.8974e+09 44.686
33 0.70575 48536 3902.7 117.92 6.9387 1.9151e+09 43.383
34 0.57783 45060 3446.2 117.59 6.5346 1.9317e+09 42.117
35 0.47309 41838 3046.6 117.26 6.1541 1.9471e+09 40.887
36 0.38734 38851 2696.3 116.91 5.7957 1.9614e+09 39.691
37 0.31713 36081 2388.8 116.57 5.4582 1.9747e+09 38.529
38 0.25965 33513 2118.6 116.21 5.1403 1.987e+09 37.4
39 0.21258 31130 1880.8 115.85 4.841 1.9985e+09 36.304
40 0.17405 28920 1671.2 115.49 4.5591 2.0092e+09 35.238
41 0.1425 26870 1486.4 115.13 4.2936 2.0191e+09 34.204
42 0.11667 24967 1323.2 114.76 4.0435 2.0284e+09 33.199
43 0.095521 23202 1178.9 114.39 3.808 2.0369e+09 32.223
44 0.078206 21563 1051.2 114.02 3.5863 2.0449e+09 31.276
45 0.06403 20042 937.98 113.65 3.3774 2.0523e+09 30.356
46 0.052424 18630 837.6 113.28 3.1807 2.0592e+09 29.463
47 0.042921 17319 748.48 112.91 2.9955 2.0656e+09 28.595
48 0.035141 16101 669.28 112.53 2.8211 2.0716e+09 27.753
49 0.028771 14971 598.84 112.16 2.6568 2.0771e+09 26.936
50 0.023556 13921 536.13 111.79 2.5021 2.0823e+09 26.142
51 0.019286 12945 480.26 111.42 2.3564 2.0871e+09 25.372
52 0.01579 12039 430.44 111.05 2.2191 2.0915e+09 24.624
53 0.012928 11197 385.99 110.68 2.0899 2.0956e+09 23.898
54 0.010584 10415 346.29 110.32 1.9682 2.0995e+09 23.193
55 0.0086658 9688.2 310.81 109.95 1.8536 2.103e+09 22.509
56 0.007095 9012.7 279.09 109.58 1.7456 2.1064e+09 21.845
57 0.0058089 8384.8 250.7 109.22 1.644 2.1094e+09 21.201
58 0.004756 7801.1 225.29 108.86 1.5482 2.1123e+09 20.575
59 0.0038939 7258.5 202.53 108.5 1.4581 2.115e+09 19.968
60 0.003188 6754.1 182.13 108.14 1.3732 2.1174e+09 19.379
61 0.0026102 6285.1 163.84 107.78 1.2932 2.1197e+09 18.807
62 0.002137 5849.1 147.43 107.43 1.2179 2.1219e+09 18.252
63 0.0017496 5443.5 132.7 107.07 1.147 2.1239e+09 17.713
64 0.0014325 5066.4 119.47 106.72 1.0802 2.1257e+09 17.19
65 0.0011728 4715.6 107.59 106.37 1.0173 2.1274e+09 16.682
66 0.00096024 4389.4 96.914 106.02 0.95802 2.129e+09 16.19
67 0.00078618 4085.9 87.318 105.68 0.90223 2.1305e+09 15.712
68 0.00064367 3803.6 78.688 105.33 0.84969 2.1319e+09 15.248
69 0.00052699 3540.9 70.925 104.99 0.80021 2.1332e+09 14.797
70 0.00043147 3296.6 63.94 104.65 0.75361 2.1343e+09 14.36
71 0.00035326 3069.2 57.654 104.31 0.70972 2.1355e+09 13.936
72 0.00028922 2857.7 51.994 103.97 0.66839 2.1365e+09 13.525
73 0.0002368 2660.8 46.897 103.64 0.62947 2.1374e+09 13.125
74 0.00019387 2477.6 42.307 103.3 0.59281 2.1383e+09 12.737
75 0.00015873 2307.1 38.171 102.97 0.55829 2.1391e+09 12.361
76 0.00012996 2148.4 34.444 102.64 0.52577 2.1399e+09 11.996
77 0.0001064 2000.7 31.084 102.32 0.49516 2.1406e+09 11.642
78 8.7114e-05 1863.3 28.056 101.99 0.46632 2.1413e+09 11.298
79 7.1323e-05 1735.3 25.326 101.66 0.43916 2.1419e+09 10.964
80 5.8395e-05 1616.2 22.864 101.34 0.41359 2.1425e+09 10.64
81 4.781e-05 1505.3 20.643 101.02 0.3895 2.143e+09 10.326
82 3.9143e-05 1402 18.64 100.7 0.36682 2.1435e+09 10.021
83 3.2048e-05 1305.9 16.832 100.39 0.34546 2.144e+09 9.7245
84 2.6239e-05 1216.4 15.202 100.07 0.32534 2.1444e+09 9.4371
85 2.1483e-05 1133.1 13.73 99.759 0.30639 2.1448e+09 9.1583
86 1.7588e-05 1055.5 12.402 99.447 0.28855 2.1452e+09 8.8877
87 1.44e-05 983.26 11.203 99.138 0.27175 2.1455e+09 8.6251
88 1.179e-05 915.98 10.12 98.83 0.25592 2.1458e+09 8.3702
89 9.6528e-06 853.32 9.1433 98.524 0.24102 2.1461e+09 8.1229
90 7.9031e-06 794.97 8.2611 98.22 0.22698 2.1464e+09 7.8828
91 6.4705e-06 740.63 7.4644 97.918 0.21376 2.1466e+09 7.6499
92 5.2976e-06 690.02 6.7449 97.617 0.20132 2.1469e+09 7.4238
93 4.3374e-06 642.88 6.0951 97.319 0.18959 2.1471e+09 7.2045
94 3.5511e-06 598.98 5.5082 97.021 0.17855 2.1473e+09 6.9916
95 2.9074e-06 558.09 4.9781 96.726 0.16815 2.1475e+09 6.7849
96 2.3804e-06 520 4.4992 96.432 0.15836 2.1477e+09 6.5844
97 1.9489e-06 484.52 4.0665 96.141 0.14914 2.1478e+09 6.3899
98 1.5956e-06 451.46 3.6756 95.85 0.14045 2.148e+09 6.201
99 1.3064e-06 420.68 3.3225 95.562 0.13227 2.1481e+09 6.0178
100 1.0696e-06 392 3.0033 95.275 0.12457 2.1483e+09 5.8399
101 8.7572e-07 365.28 2.715 94.99 0.11732 2.1484e+09 5.6674
102 7.1698e-07 340.38 2.4544 94.706 0.11048 2.1485e+09 5.4999
103 5.8702e-07 317.19 2.2189 94.425 0.10405 2.1486e+09 5.3373
104 4.8061e-07 295.59 2.0061 94.144 0.097991 2.1487e+09 5.1796
105 3.9349e-07 275.46 1.8137 93.866 0.092284 2.1488e+09 5.0265
106 3.2216e-07 256.7 1.6398 93.589 0.08691 2.1489e+09 4.878
107 2.6377e-07 239.23 1.4827 93.314 0.081849 2.149e+09 4.7338
108 2.1595e-07 222.95 1.3407 93.04 0.077082 2.149e+09 4.5939
109 1.7681e-07 207.78 1.2123 92.768 0.072593 2.1491e+09 4.4582
110 1.4476e-07 193.64 1.0962 92.497 0.068366 2.1492e+09 4.3264
111 1.1852e-07 180.47 0.99125 92.229 0.064384 2.1492e+09 4.1985
112 9.7036e-08 168.2 0.89639 91.961 0.060635 2.1493e+09 4.0745
113 7.9446e-08 156.76 0.81063 91.695 0.057104 2.1493e+09 3.954
114 6.5045e-08 146.1 0.73309 91.431 0.053778 2.1494e+09 3.8372
115 5.3255e-08 136.17 0.66299 91.168 0.050647 2.1494e+09 3.7238
116 4.3602e-08 126.92 0.59961 90.907 0.047697 2.1495e+09 3.6137
117 3.5698e-08 118.3 0.5423 90.648 0.04492 2.1495e+09 3.5069
118 2.9227e-08 110.26 0.49048 90.389 0.042304 2.1495e+09 3.4033
119 2.3929e-08 102.77 0.44363 90.133 0.03984 2.1496e+09 3.3027
120 1.9592e-08 95.788 0.40126 89.878 0.03752 2.1496e+09 3.2051
121 1.604e-08 89.283 0.36295 89.624 0.035335 2.1496e+09 3.1104
122 1.3133e-08 83.22 0.3283 89.372 0.033277 2.1497e+09 3.0185
123 1.0752e-08 77.57 0.29698 89.121 0.031339 2.1497e+09 2.9293
124 8.8032e-09 72.304 0.26865 88.872 0.029514 2.1497e+09 2.8427
125 7.2075e-09 67.396 0.24303 88.624 0.027795 2.1497e+09 2.7587
126 5.901e-09 62.822 0.21986 88.377 0.026177 2.1497e+09 2.6771
127 4.8314e-09 58.559 0.1989 88.132 0.024652 2.1498e+09 2.598
128 3.9556e-09 54.586 0.17995 87.889 0.023217 2.1498e+09 2.5212
129 3.2386e-09 50.882 0.16281 87.647 0.021865 2.1498e+09 2.4467
130 2.6515e-09 47.43 0.14731 87.406 0.020591 2.1498e+09 2.3744
131 2.1709e-09 44.213 0.13329 87.167 0.019392 2.1498e+09 2.3042
132 1.7774e-09 41.214 0.12061 86.929 0.018263 2.1498e+09 2.2361
133 1.4552e-09 38.419 0.10915 86.692 0.017199 2.1498e+09 2.17
134 1.1914e-09 35.814 0.098775 86.457 0.016198 2.1499e+09 2.1059
135 9.7546e-10 33.385 0.089393 86.223 0.015254 2.1499e+09 2.0437
136 7.9864e-10 31.122 0.080908 85.99 0.014366 2.1499e+09 1.9833
137 6.5387e-10 29.012 0.073232 85.759 0.01353 2.1499e+09 1.9247
138 5.3535e-10 27.045 0.06629 85.529 0.012742 2.1499e+09 1.8678
139 4.3831e-10 25.212 0.06001 85.301 0.012 2.1499e+09 1.8126
140 3.5886e-10 23.503 0.05433 85.073 0.011301 2.1499e+09 1.759
141 2.9381e-10 21.91 0.049192 84.847 0.010643 2.1499e+09 1.707
142 2.4055e-10 20.425 0.044544 84.623 0.010023 2.1499e+09 1.6566
143 1.9695e-10 19.041 0.04034 84.4 0.0094392 2.1499e+09 1.6076
144 1.6125e-10 17.751 0.036537 84.177 0.0088895 2.1499e+09 1.5601
145 1.3202e-10 16.548 0.033097 83.957 0.0083718 2.1499e+09 1.514
146 1.0809e-10 15.427 0.029985 83.737 0.0078843 2.1499e+09 1.4692
147 8.8495e-11 14.382 0.027169 83.519 0.0074251 2.1499e+09 1.4258
148 7.2454e-11 13.408 0.024622 83.302 0.0069927 2.1499e+09 1.3837
149 5.932e-11 12.5 0.022318 83.086 0.0065855 2.15e+09 1.3428
150 4.8567e-11 11.653 0.020234 82.872 0.006202 2.15e+09 1.3031
151 3.9764e-11 10.864 0.018349 82.658 0.0058408 2.15e+09 1.2646
152 3.2556e-11 10.128 0.016643 82.446 0.0055007 2.15e+09 1.2272
153 2.6655e-11 9.442 0.015099 82.235 0.0051804 2.15e+09 1.191
154 2.1823e-11 8.8025 0.013703 82.026 0.0048787 2.15e+09 1.1558
155 1.7867e-11 8.2065 0.01244 81.817 0.0045946 2.15e+09 1.1216
156 1.4629e-11 7.6508 0.011297 81.61 0.004327 2.15e+09 1.0884
157 1.1977e-11 7.1327 0.010263 81.404 0.004075 2.15e+09 1.0563
158 9.8059e-12 6.6498 0.0093276 81.199 0.0038377 2.15e+09 1.0251
159 8.0284e-12 6.1996 0.0084812 80.995 0.0036142 2.15e+09 0.99477
160 6.5731e-12 5.7799 0.0077154 80.792 0.0034037 2.15e+09 0.96537
161 5.3816e-12 5.3886 0.0070224 80.591 0.0032055 2.15e+09 0.93684
162 4.4061e-12 5.0238 0.0063954 80.391 0.0030188 2.15e+09 0.90915
163 3.6074e-12 4.6837 0.0058281 80.191 0.002843 2.15e+09 0.88228
164 2.9535e-12 4.3667 0.0053147 79.993 0.0026775 2.15e+09 0.8562
165 2.4181e-12 4.0711 0.0048502 79.796 0.0025215 2.15e+09 0.8309
166 1.9798e-12 3.7956 0.0044298 79.601 0.0023747 2.15e+09 0.80634
167 1.6209e-12 3.5387 0.0040494 79.406 0.0022364 2.15e+09 0.78251
168 1.3271e-12 3.2992 0.0037052 79.212 0.0021062 2.15e+09 0.75938
169 1.0866e-12 3.0759 0.0033936 79.02 0.0019835 2.15e+09 0.73694
170 8.896e-13 2.8677 0.0031116 78.828 0.001868 2.15e+09 0.71516
171 7.2835e-13 2.6736 0.0028564 78.638 0.0017592 2.15e+09 0.69403
172 5.9632e-13 2.4927 0.0026255 78.449 0.0016568 2.15e+09 0.67351
173 4.8823e-13 2.324 0.0024164 78.261 0.0015603 2.15e+09 0.65361
174 3.9973e-13 2.1668 0.0022271 78.074 0.0014694 2.15e+09 0.63429
175 3.2727e-13 2.0201 0.0020558 77.887 0.0013839 2.15e+09 0.61554
176 2.6795e-13 1.8835 0.0019007 77.702 0.0013033 2.15e+09 0.59735
177 2.1938e-13 1.756 0.0017603 77.518 0.0012274 2.15e+09 0.5797
178 1.7961e-13 1.6372 0.0016332 77.335 0.0011559 2.15e+09 0.56257
179 1.4705e-13 1.5264 0.0015181 77.154 0.0010886 2.15e+09 0.54594
180 1.204e-13 1.4231 0.0014138 76.973 0.0010252 2.15e+09 0.5298
181 9.8574e-14 1.3269 0.0013194 76.793 0.00096548 2.15e+09 0.51415
182 8.0706e-14 1.2371 0.0012339 76.614 0.00090926 2.15e+09 0.49895
183 6.6077e-14 1.1534 0.0011565 76.436 0.00085631 2.15e+09 0.4842
184 5.4099e-14 1.0754 0.0010863 76.259 0.00080644 2.15e+09 0.46989
185 4.4293e-14 1.0026 0.0010227 76.083 0.00075948 2.15e+09 0.45601
186 3.6264e-14 0.93479 0.00096511 75.908 0.00071525 2.15e+09 0.44253
187 2.969e-14 0.87156 0.00091289 75.735 0.00067359 2.15e+09 0.42945
188 2.4309e-14 0.8126 0.00086556 75.562 0.00063437 2.15e+09 0.41676
189 1.9902e-14 0.75763 0.00082265 75.39 0.00059742 2.15e+09 0.40444
190 1.6295e-14 0.70638 0.00078373 75.219 0.00056263 2.15e+09 0.39249
191 1.3341e-14 0.6586 0.00074844 75.049 0.00052987 2.15e+09 0.38089
192 1.0923e-14 0.61405 0.00071641 74.88 0.00049901 2.15e+09 0.36963
193 8.9428e-15 0.57251 0.00068735 74.711 0.00046995 2.15e+09 0.35871
194 7.3217e-15 0.53379 0.00066097 74.544 0.00044258 2.15e+09 0.34811
195 5.9946e-15 0.49768 0.00063702 74.378 0.00041681 2.15e+09 0.33782
196 4.9079e-15 0.46402 0.00061526 74.213 0.00039254 2.15e+09 0.32783
197 4.0183e-15 0.43263 0.00059549 74.048 0.00036968 2.15e+09 0.31815
198 3.2899e-15 0.40337 0.00057751 73.885 0.00034815 2.15e+09 0.30874
199 2.6936e-15 0.37609 0.00056117 73.722 0.00032787 2.15e+09 0.29962
200 2.2053e-15 0.35065 0.00054629 73.56 0.00030878 2.15e+09 0.29076
