0,0,0,1e+06
0.1,0,0,1.3716e+06
0.2,0,0,1.8809e+06
0.3,0,0,2.5781e+06
0.4,0,0,3.5319e+06
0.5,0,0,4.8351e+06
0.6,0,0,6.6126e+06
0.7,0,0,9.0315e+06
0.8,0,0,1.2313e+07
0.9,0,0,1.6747e+07
1,0,0,2.2704e+07
1.1,0,0,3.0653e+07
1.2,0,0,4.1164e+07
1.3,0,0,5.4905e+07
1.4,0,0,7.2623e+07
1.5,0,0,9.5099e+07
1.6,0,0,1.2308e+08
1.7,0,0,1.5723e+08
1.8,0,0,1.98e+08
1.9,0,0,2.4565e+08
2,0,0,3.002e+08
2.1,0,0,3.6143e+08
2.2,0,0,4.2896e+08
2.3,0,0,5.023e+08
2.4,0,0,5.8089e+08
2.5,0,0,6.6412e+08
2.6,0,0,7.5143e+08
2.7,0,0,8.4226e+08
2.8,0,0,9.361e+08
2.9,0,0,1.0325e+09
3,0,0,1.131e+09
3.1,0,0,1.2314e+09
3.2,0,0,1.3331e+09
3.3,0,0,1.4361e+09
3.4,0,0,1.5399e+09
3.5,0,0,1.6445e+09
3.6,0,0,1.7495e+09
3.7,0,0,1.8549e+09
3.8,0,0,1.9604e+09
3.9,0,0,2.066e+09
4,0,0,2.1715e+09
4.1,0,0,2.2769e+09
4.2,0,0,2.382e+09
4.3,0,0,2.4867e+09
4.4,0,0,2.5911e+09
4.5,0,0,2.6949e+09
4.6,0,0,2.7983e+09
4.7,0,0,2.901e+09
4.8,0,0,3.0031e+09
4.9,0,0,3.1046e+09
5,0,0,3.2054e+09
5.1,0,0,3.3055e+09
5.2,0,0,3.4048e+09
5.3,0,0,3.5033e+09
5.4,0,0,3.6011e+09
5.5,0,0,3.698e+09
5.6,0,0,3.7941e+09
5.7,0,0,3.8894e+09
5.8,0,0,3.9838e+09
5.9,0,0,4.0774e+09
6,0,0,4.1702e+09
6.1,0,0,4.262e+09
6.2,0,0,4.353e+09
6.3,0,0,4.4431e+09
6.4,0,0,4.5323e+09
6.5,0,0,4.6206e+09
6.6,0,0,4.7081e+09
6.7,0,0,4.7947e+09
6.8,0,0,4.8804e+09
6.9,0,0,4.9652e+09
7,0,0,5.0491e+09
7.1,0,0,5.1321e+09
7.2,0,0,5.2143e+09
7.3,0,0,5.2956e+09
7.4,0,0,5.376e+09
7.5,0,0,5.4556e+09
7.6,0,0,5.5343e+09
7.7,0,0,5.6121e+09
7.8,0,0,5.6891e+09
7.9,0,0,5.7653e+09
8,0,0,5.8406e+09
8.1,0,0,5.9151e+09
8.2,0,0,5.9887e+09
8.3,0,0,6.0616e+09
8.4,0,0,6.1336e+09
8.5,0,0,6.2048e+09
8.6,0,0,6.2751e+09
8.7,0,0,6.3447e+09
8.8,0,0,6.4135e+09
8.9,0,0,6.4816e+09
9,0,0,6.5488e+09
9.1,0,0,6.6153e+09
9.2,0,0,6.681e+09
9.3,0,0,6.7459e+09
9.4,0,0,6.8101e+09
9.5,0,0,6.8736e+09
9.6,0,0,6.9363e+09
9.7,0,0,6.9983e+09
9.8,0,0,7.0595e+09
9.9,0,0,7.1201e+09
10,0,0,7.1799e+09
10.1,0,0,7.239e+09
10.2,0,0,7.2975e+09
10.3,0,0,7.3552e+09
10.4,0,0,7.4123e+09
10.5,0,0,7.4687e+09
10.6,0,0,7.5244e+09
10.7,0,0,7.5795e+09
10.8,0,0,7.6339e+09
10.9,0,0,7.6877e+09
11,0,0,7.7408e+09
11.1,0,0,7.7933e+09
11.2,0,0,7.8451e+09
11.3,0,0,7.8964e+09
11.4,0,0,7.947e+09
11.5,0,0,7.9971e+09
11.6,0,0,8.0465e+09
11.7,0,0,8.0953e+09
11.8,0,0,8.1436e+09
11.9,0,0,8.1913e+09
12,0,0,8.2384e+09
12.1,0,0,8.2849e+09
12.2,0,0,8.3309e+09
12.3,0,0,8.3763e+09
12.4,0,0,8.4211e+09
12.5,0,0,8.4655e+09
12.6,0,0,8.5092e+09
12.7,0,0,8.5525e+09
12.8,0,0,8.5952e+09
12.9,0,0,8.6374e+09
13,0,0,8.6791e+09
13.1,0,0,8.7203e+09
13.2,0,0,8.761e+09
13.3,0,0,8.8012e+09
13.4,0,0,8.8409e+09
13.5,0,0,8.8802e+09
13.6,0,0,8.9189e+09
13.7,0,0,8.9572e+09
13.8,0,0,8.995e+09
13.9,0,0,9.0324e+09
14,0,0,9.0692e+09
14.1,0,0,9.1057e+09
14.2,0,0,9.1417e+09
14.3,0,0,9.1772e+09
14.4,0,0,9.2124e+09
14.5,0,0,9.247e+09
14.6,0,0,9.2813e+09
14.7,0,0,9.3151e+09
14.8,0,0,9.3486e+09
14.9,0,0,9.3816e+09
15,0,0,9.4142e+09
15.1,0,0,9.4464e+09
15.2,0,0,9.4782e+09
15.3,0,0,9.5097e+09
15.4,0,0,9.5407e+09
15.5,0,0,9.5713e+09
15.6,0,0,9.6016e+09
15.7,0,0,9.6315e+09
15.8,0,0,9.6611e+09
15.9,0,0,9.6902e+09
16,0,0,9.7191e+09
16.1,0,0,9.7475e+09
16.2,0,0,9.7756e+09
16.3,0,0,9.8034e+09
16.4,0,0,9.8308e+09
16.5,0,0,9.8579e+09
16.6,0,0,9.8846e+09
16.7,0,0,9.911e+09
16.8,0,0,9.9371e+09
16.9,0,0,9.9629e+09
17,0,0,9.9883e+09
17.1,0,0,1.0013e+10
17.2,0,0,1.0038e+10
17.3,0,0,1.0063e+10
17.4,0,0,1.0087e+10
17.5,0,0,1.0111e+10
17.6,0,0,1.0135e+10
17.7,0,0,1.0158e+10
17.8,0,0,1.0181e+10
17.9,0,0,1.0204e+10
18,0,0,1.0226e+10
18.1,0,0,1.0248e+10
18.2,0,0,1.027e+10
18.3,0,0,1.0292e+10
18.4,0,0,1.0313e+10
18.5,0,0,1.0334e+10
18.6,0,0,1.0355e+10
18.7,0,0,1.0376e+10
18.8,0,0,1.0396e+10
18.9,0,0,1.0416e+10
19,0,0,1.0436e+10
19.1,0,0,1.0456e+10
19.2,0,0,1.0475e+10
19.3,0,0,1.0494e+10
19.4,0,0,1.0513e+10
19.5,0,0,1.0531e+10
19.6,0,0,1.055e+10
19.7,0,0,1.0568e+10
19.8,0,0,1.0586e+10
19.9,0,0,1.0604e+10
20,0,0,1.0621e+10
20.1,0,0,1.0638e+10
20.2,0,0,1.0655e+10
20.3,0,0,1.0672e+10
20.4,0,0,1.0689e+10
20.5,0,0,1.0705e+10
20.6,0,0,1.0722e+10
20.7,0,0,1.0738e+10
20.8,0,0,1.0753e+10
20.9,0,0,1.0769e+10
21,0,0,1.0785e+10
21.1,0,0,1.08e+10
21.2,0,0,1.0815e+10
21.3,0,0,1.083e+10
21.4,0,0,1.0844e+10
21.5,0,0,1.0859e+10
21.6,0,0,1.0873e+10
21.7,0,0,1.0887e+10
21.8,0,0,1.0901e+10
21.9,0,0,1.0915e+10
22,0,0,1.0929e+10
22.1,0,0,1.0942e+10
22.2,0,0,1.0955e+10
22.3,0,0,1.0968e+10
22.4,0,0,1.0981e+10
22.5,0,0,1.0994e+10
22.6,0,0,1.1007e+10
22.7,0,0,1.1019e+10
22.8,0,0,1.1032e+10
22.9,0,0,1.1044e+10
23,0,0,1.1056e+10
23.1,0,0,1.1068e+10
23.2,0,0,1.1079e+10
23.3,0,0,1.1091e+10
23.4,0,0,1.1102e+10
23.5,0,0,1.1113e+10
23.6,0,0,1.1125e+10
23.7,0,0,1.1136e+10
23.8,0,0,1.1146e+10
23.9,0,0,1.1157e+10
24,0,0,1.1168e+10
24.1,0,0,1.1178e+10
24.2,0,0,1.1189e+10
24.3,0,0,1.1199e+10
24.4,0,0,1.1209e+10
24.5,0,0,1.1219e+10
24.6,0,0,1.1229e+10
24.7,0,0,1.1238e+10
24.8,0,0,1.1248e+10
24.9,0,0,1.1257e+10
25,0,0,1.1267e+10
25.1,0,0,1.1276e+10
25.2,0,0,1.1285e+10
25.3,0,0,1.1294e+10
25.4,0,0,1.1303e+10
25.5,0,0,1.1311e+10
25.6,0,0,1.132e+10
25.7,0,0,1.1329e+10
25.8,0,0,1.1337e+10
25.9,0,0,1.1345e+10
26,0,0,1.1354e+10
26.1,0,0,1.1362e+10
26.2,0,0,1.137e+10
26.3,0,0,1.1378e+10
26.4,0,0,1.1386e+10
26.5,0,0,1.1393e+10
26.6,0,0,1.1401e+10
26.7,0,0,1.1408e+10
26.8,0,0,1.1416e+10
26.9,0,0,1.1423e+10
27,0,0,1.143e+10
27.1,0,0,1.1438e+10
27.2,0,0,1.1445e+10
27.3,0,0,1.1452e+10
27.4,0,0,1.1459e+10
27.5,0,0,1.1465e+10
27.6,0,0,1.1472e+10
27.7,0,0,1.1479e+10
27.8,0,0,1.1485e+10
27.9,0,0,1.1492e+10
28,0,0,1.1498e+10
28.1,0,0,1.1504e+10
28.2,0,0,1.1511e+10
28.3,0,0,1.1517e+10
28.4,0,0,1.1523e+10
28.5,0,0,1.1529e+10
28.6,0,0,1.1535e+10
28.7,0,0,1.1541e+10
28.8,0,0,1.1546e+10
28.9,0,0,1.1552e+10
29,0,0,1.1558e+10
29.1,0,0,1.1563e+10
29.2,0,0,1.1569e+10
29.3,0,0,1.1574e+10
29.4,0,0,1.158e+10
29.5,0,0,1.1585e+10
29.6,0,0,1.159e+10
29.7,0,0,1.1595e+10
29.8,0,0,1.16e+10
29.9,0,0,1.1605e+10
30,0,0,1.161e+10
30.1,0,0,1.1615e+10
30.2,0,0,1.162e+10
30.3,0,0,1.1625e+10
30.4,0,0,1.163e+10
30.5,0,0,1.1634e+10
30.6,0,0,1.1639e+10
30.7,0,0,1.1643e+10
30.8,0,0,1.1648e+10
30.9,0,0,1.1652e+10
31,0,0,1.1657e+10
31.1,0,0,1.1661e+10
31.2,0,0,1.1665e+10
31.3,0,0,1.1669e+10
31.4,0,0,1.1674e+10
31.5,0,0,1.1678e+10
31.6,0,0,1.1682e+10
31.7,0,0,1.1686e+10
31.8,0,0,1.169e+10
31.9,0,0,1.1694e+10
32,0,0,1.1697e+10
32.1,0,0,1.1701e+10
32.2,0,0,1.1705e+10
32.3,0,0,1.1709e+10
32.4,0,0,1.1712e+10
32.5,0,0,1.1716e+10
32.6,0,0,1.172e+10
32.7,0,0,1.1723e+10
32.8,0,0,1.1727e+10
32.9,0,0,1.173e+10
33,0,0,1.1733e+10
33.1,0,0,1.1737e+10
33.2,0,0,1.174e+10
33.3,0,0,1.1743e+10
33.4,0,0,1.1747e+10
33.5,0,0,1.175e+10
33.6,0,0,1.1753e+10
33.7,0,0,1.1756e+10
33.8,0,0,1.1759e+10
33.9,0,0,1.1762e+10
34,0,0,1.1765e+10
34.1,0,0,1.1768e+10
34.2,0,0,1.1771e+10
34.3,0,0,1.1774e+10
34.4,0,0,1.1777e+10
34.5,0,0,1.178e+10
34.6,0,0,1.1782e+10
34.7,0,0,1.1785e+10
34.8,0,0,1.1788e+10
34.9,0,0,1.179e+10
35,0,0,1.1793e+10
35.1,0,0,1.1796e+10
35.2,0,0,1.1798e+10
35.3,0,0,1.1801e+10
35.4,0,0,1.1803e+10
35.5,0,0,1.1806e+10
35.6,0,0,1.1808e+10
35.7,0,0,1.1811e+10
35.8,0,0,1.1813e+10
35.9,0,0,1.1815e+10
36,0,0,1.1818e+10
36.1,0,0,1.182e+10
36.2,0,0,1.1822e+10
36.3,0,0,1.1824e+10
36.4,0,0,1.1827e+10
36.5,0,0,1.1829e+10
36.6,0,0,1.1831e+10
36.7,0,0,1.1833e+10
36.8,0,0,1.1835e+10
36.9,0,0,1.1837e+10
37,0,0,1.1839e+10
37.1,0,0,1.1841e+10
37.2,0,0,1.1843e+10
37.3,0,0,1.1845e+10
37.4,0,0,1.1847e+10
37.5,0,0,1.1849e+10
37.6,0,0,1.1851e+10
37.7,0,0,1.1853e+10
37.8,0,0,1.1855e+10
37.9,0,0,1.1857e+10
38,0,0,1.1858e+10
38.1,0,0,1.186e+10
38.2,0,0,1.1862e+10
38.3,0,0,1.1864e+10
38.4,0,0,1.1865e+10
38.5,0,0,1.1867e+10
38.6,0,0,1.1869e+10
38.7,0,0,1.187e+10
38.8,0,0,1.1872e+10
38.9,0,0,1.1874e+10
39,0,0,1.1875e+10
39.1,0,0,1.1877e+10
39.2,0,0,1.1878e+10
39.3,0,0,1.188e+10
39.4,0,0,1.1881e+10
39.5,0,0,1.1883e+10
39.6,0,0,1.1884e+10
39.7,0,0,1.1886e+10
39.8,0,0,1.1887e+10
39.9,0,0,1.1889e+10
40,0,0,1.189e+10
40.1,0,0,1.1892e+10
40.2,0,0,1.1893e+10
40.3,0,0,1.1894e+10
40.4,0,0,1.1896e+10
40.5,0,0,1.1897e+10
40.6,0,0,1.1898e+10
40.7,0,0,1.1899e+10
40.8,0,0,1.1901e+10
40.9,0,0,1.1902e+10
41,0,0,1.1903e+10
41.1,0,0,1.1904e+10
41.2,0,0,1.1906e+10
41.3,0,0,1.1907e+10
41.4,0,0,1.1908e+10
41.5,0,0,1.1909e+10
41.6,0,0,1.191e+10
41.7,0,0,1.1911e+10
41.8,0,0,1.1913e+10
41.9,0,0,1.1914e+10
42,0,0,1.1915e+10
42.1,0,0,1.1916e+10
42.2,0,0,1.1917e+10
42.3,0,0,1.1918e+10
42.4,0,0,1.1919e+10
42.5,0,0,1.192e+10
42.6,0,0,1.1921e+10
42.7,0,0,1.1922e+10
42.8,0,0,1.1923e+10
42.9,0,0,1.1924e+10
43,0,0,1.1925e+10
43.1,0,0,1.1926e+10
43.2,0,0,1.1927e+10
43.3,0,0,1.1928e+10
43.4,0,0,1.1929e+10
43.5,0,0,1.1929e+10
43.6,0,0,1.193e+10
43.7,0,0,1.1931e+10
43.8,0,0,1.1932e+10
43.9,0,0,1.1933e+10
44,0,0,1.1934e+10
44.1,0,0,1.1935e+10
44.2,0,0,1.1935e+10
44.3,0,0,1.1936e+10
44.4,0,0,1.1937e+10
44.5,0,0,1.1938e+10
44.6,0,0,1.1939e+10
44.7,0,0,1.1939e+10
44.8,0,0,1.194e+10
44.9,0,0,1.1941e+10
45,0,0,1.1942e+10
45.1,0,0,1.1942e+10
45.2,0,0,1.1943e+10
45.3,0,0,1.1944e+10
45.4,0,0,1.1945e+10
45.5,0,0,1.1945e+10
45.6,0,0,1.1946e+10
45.7,0,0,1.1947e+10
45.8,0,0,1.1947e+10
45.9,0,0,1.1948e+10
46,0,0,1.1949e+10
46.1,0,0,1.1949e+10
46.2,0,0,1.195e+10
46.3,0,0,1.1951e+10
46.4,0,0,1.1951e+10
46.5,0,0,1.1952e+10
46.6,0,0,1.1952e+10
46.7,0,0,1.1953e+10
46.8,0,0,1.1954e+10
46.9,0,0,1.1954e+10
47,0,0,1.1955e+10
47.1,0,0,1.1955e+10
47.2,0,0,1.1956e+10
47.3,0,0,1.1956e+10
47.4,0,0,1.1957e+10
47.5,0,0,1.1958e+10
47.6,0,0,1.1958e+10
47.7,0,0,1.1959e+10
47.8,0,0,1.1959e+10
47.9,0,0,1.196e+10
48,0,0,1.196e+10
48.1,0,0,1.1961e+10
48.2,0,0,1.1961e+10
48.3,0,0,1.1962e+10
48.4,0,0,1.1962e+10
48.5,0,0,1.1963e+10
48.6,0,0,1.1963e+10
48.7,0,0,1.1964e+10
48.8,0,0,1.1964e+10
48.9,0,0,1.1964e+10
49,0,0,1.1965e+10
49.1,0,0,1.1965e+10
49.2,0,0,1.1966e+10
49.3,0,0,1.1966e+10
49.4,0,0,1.1967e+10
49.5,0,0,1.1967e+10
49.6,0,0,1.1967e+10
49.7,0,0,1.1968e+10
49.8,0,0,1.1968e+10
49.9,0,0,1.1969e+10
50,0,0,1.1969e+10
50.1,0,0,1.1969e+10
50.2,0,0,1.197e+10
50.3,0,0,1.197e+10
50.4,0,0,1.1971e+10
50.5,0,0,1.1971e+10
50.6,0,0,1.1971e+10
50.7,0,0,1.1972e+10
50.8,0,0,1.1972e+10
50.9,0,0,1.1972e+10
51,0,0,1.1973e+10
51.1,0,0,1.1973e+10
51.2,0,0,1.1973e+10
51.3,0,0,1.1974e+10
51.4,0,0,1.1974e+10
51.5,0,0,1.1974e+10
51.6,0,0,1.1975e+10
51.7,0,0,1.1975e+10
51.8,0,0,1.1975e+10
51.9,0,0,1.1976e+10
52,0,0,1.1976e+10
52.1,0,0,1.1976e+10
52.2,0,0,1.1977e+10
52.3,0,0,1.1977e+10
52.4,0,0,1.1977e+10
52.5,0,0,1.1977e+10
52.6,0,0,1.1978e+10
52.7,0,0,1.1978e+10
52.8,0,0,1.1978e+10
52.9,0,0,1.1979e+10
53,0,0,1.1979e+10
53.1,0,0,1.1979e+10
53.2,0,0,1.1979e+10
53.3,0,0,1.198e+10
53.4,0,0,1.198e+10
53.5,0,0,1.198e+10
53.6,0,0,1.198e+10
53.7,0,0,1.1981e+10
53.8,0,0,1.1981e+10
53.9,0,0,1.1981e+10
54,0,0,1.1981e+10
54.1,0,0,1.1982e+10
54.2,0,0,1.1982e+10
54.3,0,0,1.1982e+10
54.4,0,0,1.1982e+10
54.5,0,0,1.1983e+10
54.6,0,0,1.1983e+10
54.7,0,0,1.1983e+10
54.8,0,0,1.1983e+10
54.9,0,0,1.1983e+10
55,0,0,1.1984e+10
55.1,0,0,1.1984e+10
55.2,0,0,1.1984e+10
55.3,0,0,1.1984e+10
55.4,0,0,1.1984e+10
55.5,0,0,1.1985e+10
55.6,0,0,1.1985e+10
55.7,0,0,1.1985e+10
55.8,0,0,1.1985e+10
55.9,0,0,1.1985e+10
56,0,0,1.1986e+10
56.1,0,0,1.1986e+10
56.2,0,0,1.1986e+10
56.3,0,0,1.1986e+10
56.4,0,0,1.1986e+10
56.5,0,0,1.1986e+10
56.6,0,0,1.1987e+10
56.7,0,0,1.1987e+10
56.8,0,0,1.1987e+10
56.9,0,0,1.1987e+10
57,0,0,1.1987e+10
57.1,0,0,1.1987e+10
57.2,0,0,1.1988e+10
57.3,0,0,1.1988e+10
57.4,0,0,1.1988e+10
57.5,0,0,1.1988e+10
57.6,0,0,1.1988e+10
57.7,0,0,1.1988e+10
57.8,0,0,1.1988e+10
57.9,0,0,1.1989e+10
58,0,0,1.1989e+10
58.1,0,0,1.1989e+10
58.2,0,0,1.1989e+10
58.3,0,0,1.1989e+10
58.4,0,0,1.1989e+10
58.5,0,0,1.1989e+10
58.6,0,0,1.199e+10
58.7,0,0,1.199e+10
58.8,0,0,1.199e+10
58.9,0,0,1.199e+10
59,0,0,1.199e+10
59.1,0,0,1.199e+10
59.2,0,0,1.199e+10
59.3,0,0,1.199e+10
59.4,0,0,1.1991e+10
59.5,0,0,1.1991e+10
59.6,0,0,1.1991e+10
59.7,0,0,1.1991e+10
59.8,0,0,1.1991e+10
59.9,0,0,1.1991e+10
60,0,0,1.1991e+10
60.1,0,0,1.1991e+10
60.2,0,0,1.1992e+10
60.3,0,0,1.1992e+10
60.4,0,0,1.1992e+10
60.5,0,0,1.1992e+10
60.6,0,0,1.1992e+10
60.7,0,0,1.1992e+10
60.8,0,0,1.1992e+10
60.9,0,0,1.1992e+10
61,0,0,1.1992e+10
61.1,0,0,1.1992e+10
61.2,0,0,1.1993e+10
61.3,0,0,1.1993e+10
61.4,0,0,1.1993e+10
61.5,0,0,1.1993e+10
61.6,0,0,1.1993e+10
61.7,0,0,1.1993e+10
61.8,0,0,1.1993e+10
61.9,0,0,1.1993e+10
62,0,0,1.1993e+10
62.1,0,0,1.1993e+10
62.2,0,0,1.1993e+10
62.3,0,0,1.1993e+10
62.4,0,0,1.1994e+10
62.5,0,0,1.1994e+10
62.6,0,0,1.1994e+10
62.7,0,0,1.1994e+10
62.8,0,0,1.1994e+10
62.9,0,0,1.1994e+10
63,0,0,1.1994e+10
63.1,0,0,1.1994e+10
63.2,0,0,1.1994e+10
63.3,0,0,1.1994e+10
63.4,0,0,1.1994e+10
63.5,0,0,1.1994e+10
63.6,0,0,1.1994e+10
63.7,0,0,1.1995e+10
63.8,0,0,1.1995e+10
63.9,0,0,1.1995e+10
64,0,0,1.1995e+10
64.1,0,0,1.1995e+10
64.2,0,0,1.1995e+10
64.3,0,0,1.1995e+10
64.4,0,0,1.1995e+10
64.5,0,0,1.1995e+10
64.6,0,0,1.1995e+10
64.7,0,0,1.1995e+10
64.8,0,0,1.1995e+10
64.9,0,0,1.1995e+10
65,0,0,1.1995e+10
65.1,0,0,1.1995e+10
65.2,0,0,1.1995e+10
65.3,0,0,1.1996e+10
65.4,0,0,1.1996e+10
65.5,0,0,1.1996e+10
65.6,0,0,1.1996e+10
65.7,0,0,1.1996e+10
65.8,0,0,1.1996e+10
65.9,0,0,1.1996e+10
66,0,0,1.1996e+10
66.1,0,0,1.1996e+10
66.2,0,0,1.1996e+10
66.3,0,0,1.1996e+10
66.4,0,0,1.1996e+10
66.5,0,0,1.1996e+10
66.6,0,0,1.1996e+10
66.7,0,0,1.1996e+10
66.8,0,0,1.1996e+10
66.9,0,0,1.1996e+10
67,0,0,1.1996e+10
67.1,0,0,1.1996e+10
67.2,0,0,1.1997e+10
67.3,0,0,1.1997e+10
67.4,0,0,1.1997e+10
67.5,0,0,1.1997e+10
67.6,0,0,1.1997e+10
67.7,0,0,1.1997e+10
67.8,0,0,1.1997e+10
67.9,0,0,1.1997e+10
68,0,0,1.1997e+10
68.1,0,0,1.1997e+10
68.2,0,0,1.1997e+10
68.3,0,0,1.1997e+10
68.4,0,0,1.1997e+10
68.5,0,0,1.1997e+10
68.6,0,0,1.1997e+10
68.7,0,0,1.1997e+10
68.8,0,0,1.1997e+10
68.9,0,0,1.1997e+10
69,0,0,1.1997e+10
69.1,0,0,1.1997e+10
69.2,0,0,1.1997e+10
69.3,0,0,1.1997e+10
69.4,0,0,1.1997e+10
69.5,0,0,1.1997e+10
69.6,0,0,1.1997e+10
69.7,0,0,1.1997e+10
69.8,0,0,1.1997e+10
69.9,0,0,1.1998e+10
70,0,0,1.1998e+10
70.1,0,0,1.1998e+10
70.2,0,0,1.1998e+10
70.3,0,0,1.1998e+10
70.4,0,0,1.1998e+10
70.5,0,0,1.1998e+10
70.6,0,0,1.1998e+10
70.7,0,0,1.1998e+10
70.8,0,0,1.1998e+10
70.9,0,0,1.1998e+10
71,0,0,1.1998e+10
71.1,0,0,1.1998e+10
71.2,0,0,1.1998e+10
71.3,0,0,1.1998e+10
71.4,0,0,1.1998e+10
71.5,0,0,1.1998e+10
71.6,0,0,1.1998e+10
71.7,0,0,1.1998e+10
71.8,0,0,1.1998e+10
71.9,0,0,1.1998e+10
72,0,0,1.1998e+10
72.1,0,0,1.1998e+10
72.2,0,0,1.1998e+10
72.3,0,0,1.1998e+10
72.4,0,0,1.1998e+10
72.5,0,0,1.1998e+10
72.6,0,0,1.1998e+10
72.7,0,0,1.1998e+10
72.8,0,0,1.1998e+10
72.9,0,0,1.1998e+10
73,0,0,1.1998e+10
73.1,0,0,1.1998e+10
73.2,0,0,1.1998e+10
73.3,0,0,1.1998e+10
73.4,0,0,1.1998e+10
73.5,0,0,1.1998e+10
73.6,0,0,1.1998e+10
73.7,0,0,1.1998e+10
73.8,0,0,1.1998e+10
73.9,0,0,1.1999e+10
74,0,0,1.1999e+10
74.1,0,0,1.1999e+10
74.2,0,0,1.1999e+10
74.3,0,0,1.1999e+10
74.4,0,0,1.1999e+10
74.5,0,0,1.1999e+10
74.6,0,0,1.1999e+10
74.7,0,0,1.1999e+10
74.8,0,0,1.1999e+10
74.9,0,0,1.1999e+10
75,0,0,1.1999e+10
75.1,0,0,1.1999e+10
75.2,0,0,1.1999e+10
75.3,0,0,1.1999e+10
75.4,0,0,1.1999e+10
75.5,0,0,1.1999e+10
75.6,0,0,1.1999e+10
75.7,0,0,1.1999e+10
75.8,0,0,1.1999e+10
75.9,0,0,1.1999e+10
76,0,0,1.1999e+10
76.1,0,0,1.1999e+10
76.2,0,0,1.1999e+10
76.3,0,0,1.1999e+10
76.4,0,0,1.1999e+10
76.5,0,0,1.1999e+10
76.6,0,0,1.1999e+10
76.7,0,0,1.1999e+10
76.8,0,0,1.1999e+10
76.9,0,0,1.1999e+10
77,0,0,1.1999e+10
77.1,0,0,1.1999e+10
77.2,0,0,1.1999e+10
77.3,0,0,1.1999e+10
77.4,0,0,1.1999e+10
77.5,0,0,1.1999e+10
77.6,0,0,1.1999e+10
77.7,0,0,1.1999e+10
77.8,0,0,1.1999e+10
77.9,0,0,1.1999e+10
78,0,0,1.1999e+10
78.1,0,0,1.1999e+10
78.2,0,0,1.1999e+10
78.3,0,0,1.1999e+10
78.4,0,0,1.1999e+10
78.5,0,0,1.1999e+10
78.6,0,0,1.1999e+10
78.7,0,0,1.1999e+10
78.8,0,0,1.1999e+10
78.9,0,0,1.1999e+10
79,0,0,1.1999e+10
79.1,0,0,1.1999e+10
79.2,0,0,1.1999e+10
79.3,0,0,1.1999e+10
79.4,0,0,1.1999e+10
79.5,0,0,1.1999e+10
79.6,0,0,1.1999e+10
79.7,0,0,1.1999e+10
79.8,0,0,1.1999e+10
79.9,0,0,1.1999e+10
80,0,0,1.1999e+10
80.1,0,0,1.1999e+10
80.2,0,0,1.1999e+10
80.3,0,0,1.1999e+10
80.4,0,0,1.1999e+10
80.5,0,0,1.1999e+10
80.6,0,0,1.1999e+10
80.7,0,0,1.1999e+10
80.8,0,0,1.1999e+10
80.9,0,0,1.1999e+10
81,0,0,1.1999e+10
81.1,0,0,1.1999e+10
81.2,0,0,1.1999e+10
81.3,0,0,1.1999e+10
81.4,0,0,1.1999e+10
81.5,0,0,1.1999e+10
81.6,0,0,1.1999e+10
81.7,0,0,1.1999e+10
81.8,0,0,1.1999e+10
81.9,0,0,1.1999e+10
82,0,0,1.1999e+10
82.1,0,0,1.1999e+10
82.2,0,0,1.1999e+10
82.3,0,0,1.1999e+10
82.4,0,0,1.1999e+10
82.5,0,0,1.1999e+10
82.6,0,0,1.2e+10
82.7,0,0,1.2e+10
82.8,0,0,1.2e+10
82.9,0,0,1.2e+10
83,0,0,1.2e+10
83.1,0,0,1.2e+10
83.2,0,0,1.2e+10
83.3,0,0,1.2e+10
83.4,0,0,1.2e+10
83.5,0,0,1.2e+10
83.6,0,0,1.2e+10
83.7,0,0,1.2e+10
83.8,0,0,1.2e+10
83.9,0,0,1.2e+10
84,0,0,1.2e+10
84.1,0,0,1.2e+10
84.2,0,0,1.2e+10
84.3,0,0,1.2e+10
84.4,0,0,1.2e+10
84.5,0,0,1.2e+10
84.6,0,0,1.2e+10
84.7,0,0,1.2e+10
84.8,0,0,1.2e+10
84.9,0,0,1.2e+10
85,0,0,1.2e+10
85.1,0,0,1.2e+10
85.2,0,0,1.2e+10
85.3,0,0,1.2e+10
85.4,0,0,1.2e+10
85.5,0,0,1.2e+10
85.6,0,0,1.2e+10
85.7,0,0,1.2e+10
85.8,0,0,1.2e+10
85.9,0,0,1.2e+10
86,0,0,1.2e+10
86.1,0,0,1.2e+10
86.2,0,0,1.2e+10
86.3,0,0,1.2e+10
86.4,0,0,1.2e+10
86.5,0,0,1.2e+10
86.6,0,0,1.2e+10
86.7,0,0,1.2e+10
86.8,0,0,1.2e+10
86.9,0,0,1.2e+10
87,0,0,1.2e+10
87.1,0,0,1.2e+10
87.2,0,0,1.2e+10
87.3,0,0,1.2e+10
87.4,0,0,1.2e+10
87.5,0,0,1.2e+10
87.6,0,0,1.2e+10
87.7,0,0,1.2e+10
87.8,0,0,1.2e+10
87.9,0,0,1.2e+10
88,0,0,1.2e+10
88.1,0,0,1.2e+10
88.2,0,0,1.2e+10
88.3,0,0,1.2e+10
88.4,0,0,1.2e+10
88.5,0,0,1.2e+10
88.6,0,0,1.2e+10
88.7,0,0,1.2e+10
88.8,0,0,1.2e+10
88.9,0,0,1.2e+10
89,0,0,1.2e+10
89.1,0,0,1.2e+10
89.2,0,0,1.2e+10
89.3,0,0,1.2e+10
89.4,0,0,1.2e+10
89.5,0,0,1.2e+10
89.6,0,0,1.2e+10
89.7,0,0,1.2e+10
89.8,0,0,1.2e+10
89.9,0,0,1.2e+10
90,0,0,1.2e+10
90.1,0,0,1.2e+10
90.2,0,0,1.2e+10
90.3,0,0,1.2e+10
90.4,0,0,1.2e+10
90.5,0,0,1.2e+10
90.6,0,0,1.2e+10
90.7,0,0,1.2e+10
90.8,0,0,1.2e+10
90.9,0,0,1.2e+10
91,0,0,1.2e+10
91.1,0,0,1.2e+10
91.2,0,0,1.2e+10
91.3,0,0,1.2e+10
91.4,0,0,1.2e+10
91.5,0,0,1.2e+10
91.6,0,0,1.2e+10
91.7,0,0,1.2e+10
91.8,0,0,1.2e+10
91.9,0,0,1.2e+10
92,0,0,1.2e+10
92.1,0,0,1.2e+10
92.2,0,0,1.2e+10
92.3,0,0,1.2e+10
92.4,0,0,1.2e+10
92.5,0,0,1.2e+10
92.6,0,0,1.2e+10
92.7,0,0,1.2e+10
92.8,0,0,1.2e+10
92.9,0,0,1.2e+10
93,0,0,1.2e+10
93.1,0,0,1.2e+10
93.2,0,0,1.2e+10
93.3,0,0,1.2e+10
93.4,0,0,1.2e+10
93.5,0,0,1.2e+10
93.6,0,0,1.2e+10
93.7,0,0,1.2e+10
93.8,0,0,1.2e+10
93.9,0,0,1.2e+10
94,0,0,1.2e+10
94.1,0,0,1.2e+10
94.2,0,0,1.2e+10
94.3,0,0,1.2e+10
94.4,0,0,1.2e+10
94.5,0,0,1.2e+10
94.6,0,0,1.2e+10
94.7,0,0,1.2e+10
94.8,0,0,1.2e+10
94.9,0,0,1.2e+10
95,0,0,1.2e+10
95.1,0,0,1.2e+10
95.2,0,0,1.2e+10
95.3,0,0,1.2e+10
95.4,0,0,1.2e+10
95.5,0,0,1.2e+10
95.6,0,0,1.2e+10
95.7,0,0,1.2e+10
95.8,0,0,1.2e+10
95.9,0,0,1.2e+10
96,0,0,1.2e+10
96.1,0,0,1.2e+10
96.2,0,0,1.2e+10
96.3,0,0,1.2e+10
96.4,0,0,1.2e+10
96.5,0,0,1.2e+10
96.6,0,0,1.2e+10
96.7,0,0,1.2e+10
96.8,0,0,1.2e+10
96.9,0,0,1.2e+10
97,0,0,1.2e+10
97.1,0,0,1.2e+10
97.2,0,0,1.2e+10
97.3,0,0,1.2e+10
97.4,0,0,1.2e+10
97.5,0,0,1.2e+10
97.6,0,0,1.2e+10
97.7,0,0,1.2e+10
97.8,0,0,1.2e+10
97.9,0,0,1.2e+10
98,0,0,1.2e+10
98.1,0,0,1.2e+10
98.2,0,0,1.2e+10
98.3,0,0,1.2e+10
98.4,0,0,1.2e+10
98.5,0,0,1.2e+10
98.6,0,0,1.2e+10
98.7,0,0,1.2e+10
98.8,0,0,1.2e+10
98.9,0,0,1.2e+10
99,0,0,1.2e+10
99.1,0,0,1.2e+10
99.2,0,0,1.2e+10
99.3,0,0,1.2e+10
99.4,0,0,1.2e+10
99.5,0,0,1.2e+10
99.6,0,0,1.2e+10
99.7,0,0,1.2e+10
99.8,0,0,1.2e+10
99.9,0,0,1.2e+10
100,0,0,1.2e+10
100.1,0,0,1.2e+10
100.2,0,0,1.2e+10
100.3,0,0,1.2e+10
100.4,0,0,1.2e+10
100.5,0,0,1.2e+10
100.6,0,0,1.2e+10
100.7,0,0,1.2e+10
100.8,0,0,1.2e+10
100.9,0,0,1.2e+10
101,0,0,1.2e+10
101.1,0,0,1.2e+10
101.2,0,0,1.2e+10
101.3,0,0,1.2e+10
101.4,0,0,1.2e+10
101.5,0,0,1.2e+10
101.6,0,0,1.2e+10
101.7,0,0,1.2e+10
101.8,0,0,1.2e+10
101.9,0,0,1.2e+10
102,0,0,1.2e+10
102.1,0,0,1.2e+10
102.2,0,0,1.2e+10
102.3,0,0,1.2e+10
102.4,0,0,1.2e+10
102.5,0,0,1.2e+10
102.6,0,0,1.2e+10
102.7,0,0,1.2e+10
102.8,0,0,1.2e+10
102.9,0,0,1.2e+10
103,0,0,1.2e+10
103.1,0,0,1.2e+10
103.2,0,0,1.2e+10
103.3,0,0,1.2e+10
103.4,0,0,1.2e+10
103.5,0,0,1.2e+10
103.6,0,0,1.2e+10
103.7,0,0,1.2e+10
103.8,0,0,1.2e+10
103.9,0,0,1.2e+10
104,0,0,1.2e+10
104.1,0,0,1.2e+10
104.2,0,0,1.2e+10
104.3,0,0,1.2e+10
104.4,0,0,1.2e+10
104.5,0,0,1.2e+10
104.6,0,0,1.2e+10
104.7,0,0,1.2e+10
104.8,0,0,1.2e+10
104.9,0,0,1.2e+10
105,0,0,1.2e+10
105.1,0,0,1.2e+10
105.2,0,0,1.2e+10
105.3,0,0,1.2e+10
105.4,0,0,1.2e+10
105.5,0,0,1.2e+10
105.6,0,0,1.2e+10
105.7,0,0,1.2e+10
105.8,0,0,1.2e+10
105.9,0,0,1.2e+10
106,0,0,1.2e+10
106.1,0,0,1.2e+10
106.2,0,0,1.2e+10
106.3,0,0,1.2e+10
106.4,0,0,1.2e+10
106.5,0,0,1.2e+10
106.6,0,0,1.2e+10
106.7,0,0,1.2e+10
106.8,0,0,1.2e+10
106.9,0,0,1.2e+10
107,0,0,1.2e+10
107.1,0,0,1.2e+10
107.2,0,0,1.2e+10
107.3,0,0,1.2e+10
107.4,0,0,1.2e+10
107.5,0,0,1.2e+10
107.6,0,0,1.2e+10
107.7,0,0,1.2e+10
107.8,0,0,1.2e+10
107.9,0,0,1.2e+10
108,0,0,1.2e+10
108.1,0,0,1.2e+10
108.2,0,0,1.2e+10
108.3,0,0,1.2e+10
108.4,0,0,1.2e+10
108.5,0,0,1.2e+10
108.6,0,0,1.2e+10
108.7,0,0,1.2e+10
108.8,0,0,1.2e+10
108.9,0,0,1.2e+10
109,0,0,1.2e+10
109.1,0,0,1.2e+10
109.2,0,0,1.2e+10
109.3,0,0,1.2e+10
109.4,0,0,1.2e+10
109.5,0,0,1.2e+10
109.6,0,0,1.2e+10
109.7,0,0,1.2e+10
109.8,0,0,1.2e+10
109.9,0,0,1.2e+10
110,0,0,1.2e+10
110.1,0,0,1.2e+10
110.2,0,0,1.2e+10
110.3,0,0,1.2e+10
110.4,0,0,1.2e+10
110.5,0,0,1.2e+10
110.6,0,0,1.2e+10
110.7,0,0,1.2e+10
110.8,0,0,1.2e+10
110.9,0,0,1.2e+10
111,0,0,1.2e+10
111.1,0,0,1.2e+10
111.2,0,0,1.2e+10
111.3,0,0,1.2e+10
111.4,0,0,1.2e+10
111.5,0,0,1.2e+10
111.6,0,0,1.2e+10
111.7,0,0,1.2e+10
111.8,0,0,1.2e+10
111.9,0,0,1.2e+10
112,0,0,1.2e+10
112.1,0,0,1.2e+10
112.2,0,0,1.2e+10
112.3,0,0,1.2e+10
112.4,0,0,1.2e+10
112.5,0,0,1.2e+10
112.6,0,0,1.2e+10
112.7,0,0,1.2e+10
112.8,0,0,1.2e+10
112.9,0,0,1.2e+10
113,0,0,1.2e+10
113.1,0,0,1.2e+10
113.2,0,0,1.2e+10
113.3,0,0,1.2e+10
113.4,0,0,1.2e+10
113.5,0,0,1.2e+10
113.6,0,0,1.2e+10
113.7,0,0,1.2e+10
113.8,0,0,1.2e+10
113.9,0,0,1.2e+10
114,0,0,1.2e+10
114.1,0,0,1.2e+10
114.2,0,0,1.2e+10
114.3,0,0,1.2e+10
114.4,0,0,1.2e+10
114.5,0,0,1.2e+10
114.6,0,0,1.2e+10
114.7,0,0,1.2e+10
114.8,0,0,1.2e+10
114.9,0,0,1.2e+10
115,0,0,1.2e+10
115.1,0,0,1.2e+10
115.2,0,0,1.2e+10
115.3,0,0,1.2e+10
115.4,0,0,1.2e+10
115.5,0,0,1.2e+10
115.6,0,0,1.2e+10
115.7,0,0,1.2e+10
115.8,0,0,1.2e+10
115.9,0,0,1.2e+10
116,0,0,1.2e+10
116.1,0,0,1.2e+10
116.2,0,0,1.2e+10
116.3,0,0,1.2e+10
116.4,0,0,1.2e+10
116.5,0,0,1.2e+10
116.6,0,0,1.2e+10
116.7,0,0,1.2e+10
116.8,0,0,1.2e+10
116.9,0,0,1.2e+10
117,0,0,1.2e+10
117.1,0,0,1.2e+10
117.2,0,0,1.2e+10
117.3,0,0,1.2e+10
117.4,0,0,1.2e+10
117.5,0,0,1.2e+10
117.6,0,0,1.2e+10
117.7,0,0,1.2e+10
117.8,0,0,1.2e+10
117.9,0,0,1.2e+10
118,0,0,1.2e+10
118.1,0,0,1.2e+10
118.2,0,0,1.2e+10
118.3,0,0,1.2e+10
118.4,0,0,1.2e+10
118.5,0,0,1.2e+10
118.6,0,0,1.2e+10
118.7,0,0,1.2e+10
118.8,0,0,1.2e+10
118.9,0,0,1.2e+10
119,0,0,1.2e+10
119.1,0,0,1.2e+10
119.2,0,0,1.2e+10
119.3,0,0,1.2e+10
119.4,0,0,1.2e+10
119.5,0,0,1.2e+10
119.6,0,0,1.2e+10
119.7,0,0,1.2e+10
119.8,0,0,1.2e+10
119.9,0,0,1.2e+10
120,0,0,1.2e+10
120.1,0,0,1.2e+10
120.2,0,0,1.2e+10
120.3,0,0,1.2e+10
120.4,0,0,1.2e+10
120.5,0,0,1.2e+10
120.6,0,0,1.2e+10
120.7,0,0,1.2e+10
120.8,0,0,1.2e+10
120.9,0,0,1.2e+10
121,0,0,1.2e+10
121.1,0,0,1.2e+10
121.2,0,0,1.2e+10
121.3,0,0,1.2e+10
121.4,0,0,1.2e+10
121.5,0,0,1.2e+10
121.6,0,0,1.2e+10
121.7,0,0,1.2e+10
121.8,0,0,1.2e+10
121.9,0,0,1.2e+10
122,0,0,1.2e+10
122.1,0,0,1.2e+10
122.2,0,0,1.2e+10
122.3,0,0,1.2e+10
122.4,0,0,1.2e+10
122.5,0,0,1.2e+10
122.6,0,0,1.2e+10
122.7,0,0,1.2e+10
122.8,0,0,1.2e+10
122.9,0,0,1.2e+10
123,0,0,1.2e+10
123.1,0,0,1.2e+10
123.2,0,0,1.2e+10
123.3,0,0,1.2e+10
123.4,0,0,1.2e+10
123.5,0,0,1.2e+10
123.6,0,0,1.2e+10
123.7,0,0,1.2e+10
123.8,0,0,1.2e+10
123.9,0,0,1.2e+10
124,0,0,1.2e+10
124.1,0,0,1.2e+10
124.2,0,0,1.2e+10
124.3,0,0,1.2e+10
124.4,0,0,1.2e+10
124.5,0,0,1.2e+10
124.6,0,0,1.2e+10
124.7,0,0,1.2e+10
124.8,0,0,1.2e+10
124.9,0,0,1.2e+10
125,0,0,1.2e+10
125.1,0,0,1.2e+10
125.2,0,0,1.2e+10
125.3,0,0,1.2e+10
125.4,0,0,1.2e+10
125.5,0,0,1.2e+10
125.6,0,0,1.2e+10
125.7,0,0,1.2e+10
125.8,0,0,1.2e+10
125.9,0,0,1.2e+10
126,0,0,1.2e+10
126.1,0,0,1.2e+10
126.2,0,0,1.2e+10
126.3,0,0,1.2e+10
126.4,0,0,1.2e+10
126.5,0,0,1.2e+10
126.6,0,0,1.2e+10
126.7,0,0,1.2e+10
126.8,0,0,1.2e+10
126.9,0,0,1.2e+10
127,0,0,1.2e+10
127.1,0,0,1.2e+10
127.2,0,0,1.2e+10
127.3,0,0,1.2e+10
127.4,0,0,1.2e+10
127.5,0,0,1.2e+10
127.6,0,0,1.2e+10
127.7,0,0,1.2e+10
127.8,0,0,1.2e+10
127.9,0,0,1.2e+10
128,0,0,1.2e+10
128.1,0,0,1.2e+10
128.2,0,0,1.2e+10
128.3,0,0,1.2e+10
128.4,0,0,1.2e+10
128.5,0,0,1.2e+10
128.6,0,0,1.2e+10
128.7,0,0,1.2e+10
128.8,0,0,1.2e+10
128.9,0,0,1.2e+10
129,0,0,1.2e+10
129.1,0,0,1.2e+10
129.2,0,0,1.2e+10
129.3,0,0,1.2e+10
129.4,0,0,1.2e+10
129.5,0,0,1.2e+10
129.6,0,0,1.2e+10
129.7,0,0,1.2e+10
129.8,0,0,1.2e+10
129.9,0,0,1.2e+10
130,0,0,1.2e+10
130.1,0,0,1.2e+10
130.2,0,0,1.2e+10
130.3,0,0,1.2e+10
130.4,0,0,1.2e+10
130.5,0,0,1.2e+10
130.6,0,0,1.2e+10
130.7,0,0,1.2e+10
130.8,0,0,1.2e+10
130.9,0,0,1.2e+10
131,0,0,1.2e+10
131.1,0,0,1.2e+10
131.2,0,0,1.2e+10
131.3,0,0,1.2e+10
131.4,0,0,1.2e+10
131.5,0,0,1.2e+10
131.6,0,0,1.2e+10
131.7,0,0,1.2e+10
131.8,0,0,1.2e+10
131.9,0,0,1.2e+10
132,0,0,1.2e+10
132.1,0,0,1.2e+10
132.2,0,0,1.2e+10
132.3,0,0,1.2e+10
132.4,0,0,1.2e+10
132.5,0,0,1.2e+10
132.6,0,0,1.2e+10
132.7,0,0,1.2e+10
132.8,0,0,1.2e+10
132.9,0,0,1.2e+10
133,0,0,1.2e+10
133.1,0,0,1.2e+10
133.2,0,0,1.2e+10
133.3,0,0,1.2e+10
133.4,0,0,1.2e+10
133.5,0,0,1.2e+10
133.6,0,0,1.2e+10
133.7,0,0,1.2e+10
133.8,0,0,1.2e+10
133.9,0,0,1.2e+10
134,0,0,1.2e+10
134.1,0,0,1.2e+10
134.2,0,0,1.2e+10
134.3,0,0,1.2e+10
134.4,0,0,1.2e+10
134.5,0,0,1.2e+10
134.6,0,0,1.2e+10
134.7,0,0,1.2e+10
134.8,0,0,1.2e+10
134.9,0,0,1.2e+10
135,0,0,1.2e+10
135.1,0,0,1.2e+10
135.2,0,0,1.2e+10
135.3,0,0,1.2e+10
135.4,0,0,1.2e+10
135.5,0,0,1.2e+10
135.6,0,0,1.2e+10
135.7,0,0,1.2e+10
135.8,0,0,1.2e+10
135.9,0,0,1.2e+10
136,0,0,1.2e+10
136.1,0,0,1.2e+10
136.2,0,0,1.2e+10
136.3,0,0,1.2e+10
136.4,0,0,1.2e+10
136.5,0,0,1.2e+10
136.6,0,0,1.2e+10
136.7,0,0,1.2e+10
136.8,0,0,1.2e+10
136.9,0,0,1.2e+10
137,0,0,1.2e+10
137.1,0,0,1.2e+10
137.2,0,0,1.2e+10
137.3,0,0,1.2e+10
137.4,0,0,1.2e+10
137.5,0,0,1.2e+10
137.6,0,0,1.2e+10
137.7,0,0,1.2e+10
137.8,0,0,1.2e+10
137.9,0,0,1.2e+10
138,0,0,1.2e+10
138.1,0,0,1.2e+10
138.2,0,0,1.2e+10
138.3,0,0,1.2e+10
138.4,0,0,1.2e+10
138.5,0,0,1.2e+10
138.6,0,0,1.2e+10
138.7,0,0,1.2e+10
138.8,0,0,1.2e+10
138.9,0,0,1.2e+10
139,0,0,1.2e+10
139.1,0,0,1.2e+10
139.2,0,0,1.2e+10
139.3,0,0,1.2e+10
139.4,0,0,1.2e+10
139.5,0,0,1.2e+10
139.6,0,0,1.2e+10
139.7,0,0,1.2e+10
139.8,0,0,1.2e+10
139.9,0,0,1.2e+10
140,0,0,1.2e+10
140.1,0,0,1.2e+10
140.2,0,0,1.2e+10
140.3,0,0,1.2e+10
140.4,0,0,1.2e+10
140.5,0,0,1.2e+10
140.6,0,0,1.2e+10
140.7,0,0,1.2e+10
140.8,0,0,1.2e+10
140.9,0,0,1.2e+10
141,0,0,1.2e+10
141.1,0,0,1.2e+10
141.2,0,0,1.2e+10
141.3,0,0,1.2e+10
141.4,0,0,1.2e+10
141.5,0,0,1.2e+10
141.6,0,0,1.2e+10
141.7,0,0,1.2e+10
141.8,0,0,1.2e+10
141.9,0,0,1.2e+10
142,0,0,1.2e+10
142.1,0,0,1.2e+10
142.2,0,0,1.2e+10
142.3,0,0,1.2e+10
142.4,0,0,1.2e+10
142.5,0,0,1.2e+10
142.6,0,0,1.2e+10
142.7,0,0,1.2e+10
142.8,0,0,1.2e+10
142.9,0,0,1.2e+10
143,0,0,1.2e+10
143.1,0,0,1.2e+10
143.2,0,0,1.2e+10
143.3,0,0,1.2e+10
143.4,0,0,1.2e+10
143.5,0,0,1.2e+10
143.6,0,0,1.2e+10
143.7,0,0,1.2e+10
143.8,0,0,1.2e+10
143.9,0,0,1.2e+10
144,0,0,1.2e+10
144.1,0,0,1.2e+10
144.2,0,0,1.2e+10
144.3,0,0,1.2e+10
144.4,0,0,1.2e+10
144.5,0,0,1.2e+10
144.6,0,0,1.2e+10
144.7,0,0,1.2e+10
144.8,0,0,1.2e+10
144.9,0,0,1.2e+10
145,0,0,1.2e+10
145.1,0,0,1.2e+10
145.2,0,0,1.2e+10
145.3,0,0,1.2e+10
145.4,0,0,1.2e+10
145.5,0,0,1.2e+10
145.6,0,0,1.2e+10
145.7,0,0,1.2e+10
145.8,0,0,1.2e+10
145.9,0,0,1.2e+10
146,0,0,1.2e+10
146.1,0,0,1.2e+10
146.2,0,0,1.2e+10
146.3,0,0,1.2e+10
146.4,0,0,1.2e+10
146.5,0,0,1.2e+10
146.6,0,0,1.2e+10
146.7,0,0,1.2e+10
146.8,0,0,1.2e+10
146.9,0,0,1.2e+10
147,0,0,1.2e+10
147.1,0,0,1.2e+10
147.2,0,0,1.2e+10
147.3,0,0,1.2e+10
147.4,0,0,1.2e+10
147.5,0,0,1.2e+10
147.6,0,0,1.2e+10
147.7,0,0,1.2e+10
147.8,0,0,1.2e+10
147.9,0,0,1.2e+10
148,0,0,1.2e+10
148.1,0,0,1.2e+10
148.2,0,0,1.2e+10
148.3,0,0,1.2e+10
148.4,0,0,1.2e+10
148.5,0,0,1.2e+10
148.6,0,0,1.2e+10
148.7,0,0,1.2e+10
148.8,0,0,1.2e+10
148.9,0,0,1.2e+10
149,0,0,1.2e+10
149.1,0,0,1.2e+10
149.2,0,0,1.2e+10
149.3,0,0,1.2e+10
149.4,0,0,1.2e+10
149.5,0,0,1.2e+10
149.6,0,0,1.2e+10
149.7,0,0,1.2e+10
149.8,0,0,1.2e+10
149.9,0,0,1.2e+10
150,0,0,1.2e+10
150.1,0,0,1.2e+10
150.2,0,0,1.2e+10
150.3,0,0,1.2e+10
150.4,0,0,1.2e+10
150.5,0,0,1.2e+10
150.6,0,0,1.2e+10
150.7,0,0,1.2e+10
150.8,0,0,1.2e+10
150.9,0,0,1.2e+10
151,0,0,1.2e+10
151.1,0,0,1.2e+10
151.2,0,0,1.2e+10
151.3,0,0,1.2e+10
151.4,0,0,1.2e+10
151.5,0,0,1.2e+10
151.6,0,0,1.2e+10
151.7,0,0,1.2e+10
151.8,0,0,1.2e+10
151.9,0,0,1.2e+10
152,0,0,1.2e+10
152.1,0,0,1.2e+10
152.2,0,0,1.2e+10
152.3,0,0,1.2e+10
152.4,0,0,1.2e+10
152.5,0,0,1.2e+10
152.6,0,0,1.2e+10
152.7,0,0,1.2e+10
152.8,0,0,1.2e+10
152.9,0,0,1.2e+10
153,0,0,1.2e+10
153.1,0,0,1.2e+10
153.2,0,0,1.2e+10
153.3,0,0,1.2e+10
153.4,0,0,1.2e+10
153.5,0,0,1.2e+10
153.6,0,0,1.2e+10
153.7,0,0,1.2e+10
153.8,0,0,1.2e+10
153.9,0,0,1.2e+10
154,0,0,1.2e+10
154.1,0,0,1.2e+10
154.2,0,0,1.2e+10
154.3,0,0,1.2e+10
154.4,0,0,1.2e+10
154.5,0,0,1.2e+10
154.6,0,0,1.2e+10
154.7,0,0,1.2e+10
154.8,0,0,1.2e+10
154.9,0,0,1.2e+10
155,0,0,1.2e+10
155.1,0,0,1.2e+10
155.2,0,0,1.2e+10
155.3,0,0,1.2e+10
155.4,0,0,1.2e+10
155.5,0,0,1.2e+10
155.6,0,0,1.2e+10
155.7,0,0,1.2e+10
155.8,0,0,1.2e+10
155.9,0,0,1.2e+10
156,0,0,1.2e+10
156.1,0,0,1.2e+10
156.2,0,0,1.2e+10
156.3,0,0,1.2e+10
156.4,0,0,1.2e+10
156.5,0,0,1.2e+10
156.6,0,0,1.2e+10
156.7,0,0,1.2e+10
156.8,0,0,1.2e+10
156.9,0,0,1.2e+10
157,0,0,1.2e+10
157.1,0,0,1.2e+10
157.2,0,0,1.2e+10
157.3,0,0,1.2e+10
157.4,0,0,1.2e+10
157.5,0,0,1.2e+10
157.6,0,0,1.2e+10
157.7,0,0,1.2e+10
157.8,0,0,1.2e+10
157.9,0,0,1.2e+10
158,0,0,1.2e+10
158.1,0,0,1.2e+10
158.2,0,0,1.2e+10
158.3,0,0,1.2e+10
158.4,0,0,1.2e+10
158.5,0,0,1.2e+10
158.6,0,0,1.2e+10
158.7,0,0,1.2e+10
158.8,0,0,1.2e+10
158.9,0,0,1.2e+10
159,0,0,1.2e+10
159.1,0,0,1.2e+10
159.2,0,0,1.2e+10
159.3,0,0,1.2e+10
159.4,0,0,1.2e+10
159.5,0,0,1.2e+10
159.6,0,0,1.2e+10
159.7,0,0,1.2e+10
159.8,0,0,1.2e+10
159.9,0,0,1.2e+10
160,0,0,1.2e+10
160.1,0,0,1.2e+10
160.2,0,0,1.2e+10
160.3,0,0,1.2e+10
160.4,0,0,1.2e+10
160.5,0,0,1.2e+10
160.6,0,0,1.2e+10
160.7,0,0,1.2e+10
160.8,0,0,1.2e+10
160.9,0,0,1.2e+10
161,0,0,1.2e+10
161.1,0,0,1.2e+10
161.2,0,0,1.2e+10
161.3,0,0,1.2e+10
161.4,0,0,1.2e+10
161.5,0,0,1.2e+10
161.6,0,0,1.2e+10
161.7,0,0,1.2e+10
161.8,0,0,1.2e+10
161.9,0,0,1.2e+10
162,0,0,1.2e+10
162.1,0,0,1.2e+10
162.2,0,0,1.2e+10
162.3,0,0,1.2e+10
162.4,0,0,1.2e+10
162.5,0,0,1.2e+10
162.6,0,0,1.2e+10
162.7,0,0,1.2e+10
162.8,0,0,1.2e+10
162.9,0,0,1.2e+10
163,0,0,1.2e+10
163.1,0,0,1.2e+10
163.2,0,0,1.2e+10
163.3,0,0,1.2e+10
163.4,0,0,1.2e+10
163.5,0,0,1.2e+10
163.6,0,0,1.2e+10
163.7,0,0,1.2e+10
163.8,0,0,1.2e+10
163.9,0,0,1.2e+10
164,0,0,1.2e+10
164.1,0,0,1.2e+10
164.2,0,0,1.2e+10
164.3,0,0,1.2e+10
164.4,0,0,1.2e+10
164.5,0,0,1.2e+10
164.6,0,0,1.2e+10
164.7,0,0,1.2e+10
164.8,0,0,1.2e+10
164.9,0,0,1.2e+10
165,0,0,1.2e+10
165.1,0,0,1.2e+10
165.2,0,0,1.2e+10
165.3,0,0,1.2e+10
165.4,0,0,1.2e+10
165.5,0,0,1.2e+10
165.6,0,0,1.2e+10
165.7,0,0,1.2e+10
165.8,0,0,1.2e+10
165.9,0,0,1.2e+10
166,0,0,1.2e+10
166.1,0,0,1.2e+10
166.2,0,0,1.2e+10
166.3,0,0,1.2e+10
166.4,0,0,1.2e+10
166.5,0,0,1.2e+10
166.6,0,0,1.2e+10
166.7,0,0,1.2e+10
166.8,0,0,1.2e+10
166.9,0,0,1.2e+10
167,0,0,1.2e+10
167.1,0,0,1.2e+10
167.2,0,0,1.2e+10
167.3,0,0,1.2e+10
167.4,0,0,1.2e+10
167.5,0,0,1.2e+10
167.6,0,0,1.2e+10
167.7,0,0,1.2e+10
167.8,0,0,1.2e+10
167.9,0,0,1.2e+10
168,0,0,1.2e+10
168.1,0,0,1.2e+10
168.2,0,0,1.2e+10
168.3,0,0,1.2e+10
168.4,0,0,1.2e+10
168.5,0,0,1.2e+10
168.6,0,0,1.2e+10
168.7,0,0,1.2e+10
168.8,0,0,1.2e+10
168.9,0,0,1.2e+10
169,0,0,1.2e+10
169.1,0,0,1.2e+10
169.2,0,0,1.2e+10
169.3,0,0,1.2e+10
169.4,0,0,1.2e+10
169.5,0,0,1.2e+10
169.6,0,0,1.2e+10
169.7,0,0,1.2e+10
169.8,0,0,1.2e+10
169.9,0,0,1.2e+10
170,0,0,1.2e+10
170.1,0,0,1.2e+10
170.2,0,0,1.2e+10
170.3,0,0,1.2e+10
170.4,0,0,1.2e+10
170.5,0,0,1.2e+10
170.6,0,0,1.2e+10
170.7,0,0,1.2e+10
170.8,0,0,1.2e+10
170.9,0,0,1.2e+10
171,0,0,1.2e+10
171.1,0,0,1.2e+10
171.2,0,0,1.2e+10
171.3,0,0,1.2e+10
171.4,0,0,1.2e+10
171.5,0,0,1.2e+10
171.6,0,0,1.2e+10
171.7,0,0,1.2e+10
171.8,0,0,1.2e+10
171.9,0,0,1.2e+10
172,0,0,1.2e+10
172.1,0,0,1.2e+10
172.2,0,0,1.2e+10
172.3,0,0,1.2e+10
172.4,0,0,1.2e+10
172.5,0,0,1.2e+10
172.6,0,0,1.2e+10
172.7,0,0,1.2e+10
172.8,0,0,1.2e+10
172.9,0,0,1.2e+10
173,0,0,1.2e+10
173.1,0,0,1.2e+10
173.2,0,0,1.2e+10
173.3,0,0,1.2e+10
173.4,0,0,1.2e+10
173.5,0,0,1.2e+10
173.6,0,0,1.2e+10
173.7,0,0,1.2e+10
173.8,0,0,1.2e+10
173.9,0,0,1.2e+10
174,0,0,1.2e+10
174.1,0,0,1.2e+10
174.2,0,0,1.2e+10
174.3,0,0,1.2e+10
174.4,0,0,1.2e+10
174.5,0,0,1.2e+10
174.6,0,0,1.2e+10
174.7,0,0,1.2e+10
174.8,0,0,1.2e+10
174.9,0,0,1.2e+10
175,0,0,1.2e+10
175.1,0,0,1.2e+10
175.2,0,0,1.2e+10
175.3,0,0,1.2e+10
175.4,0,0,1.2e+10
175.5,0,0,1.2e+10
175.6,0,0,1.2e+10
175.7,0,0,1.2e+10
175.8,0,0,1.2e+10
175.9,0,0,1.2e+10
176,0,0,1.2e+10
176.1,0,0,1.2e+10
176.2,0,0,1.2e+10
176.3,0,0,1.2e+10
176.4,0,0,1.2e+10
176.5,0,0,1.2e+10
176.6,0,0,1.2e+10
176.7,0,0,1.2e+10
176.8,0,0,1.2e+10
176.9,0,0,1.2e+10
177,0,0,1.2e+10
177.1,0,0,1.2e+10
177.2,0,0,1.2e+10
177.3,0,0,1.2e+10
177.4,0,0,1.2e+10
177.5,0,0,1.2e+10
177.6,0,0,1.2e+10
177.7,0,0,1.2e+10
177.8,0,0,1.2e+10
177.9,0,0,1.2e+10
178,0,0,1.2e+10
178.1,0,0,1.2e+10
178.2,0,0,1.2e+10
178.3,0,0,1.2e+10
178.4,0,0,1.2e+10
178.5,0,0,1.2e+10
178.6,0,0,1.2e+10
178.7,0,0,1.2e+10
178.8,0,0,1.2e+10
178.9,0,0,1.2e+10
179,0,0,1.2e+10
179.1,0,0,1.2e+10
179.2,0,0,1.2e+10
179.3,0,0,1.2e+10
179.4,0,0,1.2e+10
179.5,0,0,1.2e+10
179.6,0,0,1.2e+10
179.7,0,0,1.2e+10
179.8,0,0,1.2e+10
179.9,0,0,1.2e+10
180,0,0,1.2e+10
180.1,0,0,1.2e+10
180.2,0,0,1.2e+10
180.3,0,0,1.2e+10
180.4,0,0,1.2e+10
180.5,0,0,1.2e+10
180.6,0,0,1.2e+10
180.7,0,0,1.2e+10
180.8,0,0,1.2e+10
180.9,0,0,1.2e+10
181,0,0,1.2e+10
181.1,0,0,1.2e+10
181.2,0,0,1.2e+10
181.3,0,0,1.2e+10
181.4,0,0,1.2e+10
181.5,0,0,1.2e+10
181.6,0,0,1.2e+10
181.7,0,0,1.2e+10
181.8,0,0,1.2e+10
181.9,0,0,1.2e+10
182,0,0,1.2e+10
182.1,0,0,1.2e+10
182.2,0,0,1.2e+10
182.3,0,0,1.2e+10
182.4,0,0,1.2e+10
182.5,0,0,1.2e+10
182.6,0,0,1.2e+10
182.7,0,0,1.2e+10
182.8,0,0,1.2e+10
182.9,0,0,1.2e+10
183,0,0,1.2e+10
183.1,0,0,1.2e+10
183.2,0,0,1.2e+10
183.3,0,0,1.2e+10
183.4,0,0,1.2e+10
183.5,0,0,1.2e+10
183.6,0,0,1.2e+10
183.7,0,0,1.2e+10
183.8,0,0,1.2e+10
183.9,0,0,1.2e+10
184,0,0,1.2e+10
184.1,0,0,1.2e+10
184.2,0,0,1.2e+10
184.3,0,0,1.2e+10
184.4,0,0,1.2e+10
184.5,0,0,1.2e+10
184.6,0,0,1.2e+10
184.7,0,0,1.2e+10
184.8,0,0,1.2e+10
184.9,0,0,1.2e+10
185,0,0,1.2e+10
185.1,0,0,1.2e+10
185.2,0,0,1.2e+10
185.3,0,0,1.2e+10
185.4,0,0,1.2e+10
185.5,0,0,1.2e+10
185.6,0,0,1.2e+10
185.7,0,0,1.2e+10
185.8,0,0,1.2e+10
185.9,0,0,1.2e+10
186,0,0,1.2e+10
186.1,0,0,1.2e+10
186.2,0,0,1.2e+10
186.3,0,0,1.2e+10
186.4,0,0,1.2e+10
186.5,0,0,1.2e+10
186.6,0,0,1.2e+10
186.7,0,0,1.2e+10
186.8,0,0,1.2e+10
186.9,0,0,1.2e+10
187,0,0,1.2e+10
187.1,0,0,1.2e+10
187.2,0,0,1.2e+10
187.3,0,0,1.2e+10
187.4,0,0,1.2e+10
187.5,0,0,1.2e+10
187.6,0,0,1.2e+10
187.7,0,0,1.2e+10
187.8,0,0,1.2e+10
187.9,0,0,1.2e+10
188,0,0,1.2e+10
188.1,0,0,1.2e+10
188.2,0,0,1.2e+10
188.3,0,0,1.2e+10
188.4,0,0,1.2e+10
188.5,0,0,1.2e+10
188.6,0,0,1.2e+10
188.7,0,0,1.2e+10
188.8,0,0,1.2e+10
188.9,0,0,1.2e+10
189,0,0,1.2e+10
189.1,0,0,1.2e+10
189.2,0,0,1.2e+10
189.3,0,0,1.2e+10
189.4,0,0,1.2e+10
189.5,0,0,1.2e+10
189.6,0,0,1.2e+10
189.7,0,0,1.2e+10
189.8,0,0,1.2e+10
189.9,0,0,1.2e+10
190,0,0,1.2e+10
190.1,0,0,1.2e+10
190.2,0,0,1.2e+10
190.3,0,0,1.2e+10
190.4,0,0,1.2e+10
190.5,0,0,1.2e+10
190.6,0,0,1.2e+10
190.7,0,0,1.2e+10
190.8,0,0,1.2e+10
190.9,0,0,1.2e+10
191,0,0,1.2e+10
191.1,0,0,1.2e+10
191.2,0,0,1.2e+10
191.3,0,0,1.2e+10
191.4,0,0,1.2e+10
191.5,0,0,1.2e+10
191.6,0,0,1.2e+10
191.7,0,0,1.2e+10
191.8,0,0,1.2e+10
191.9,0,0,1.2e+10
192,0,0,1.2e+10
192.1,0,0,1.2e+10
192.2,0,0,1.2e+10
192.3,0,0,1.2e+10
192.4,0,0,1.2e+10
192.5,0,0,1.2e+10
192.6,0,0,1.2e+10
192.7,0,0,1.2e+10
192.8,0,0,1.2e+10
192.9,0,0,1.2e+10
193,0,0,1.2e+10
193.1,0,0,1.2e+10
193.2,0,0,1.2e+10
193.3,0,0,1.2e+10
193.4,0,0,1.2e+10
193.5,0,0,1.2e+10
193.6,0,0,1.2e+10
193.7,0,0,1.2e+10
193.8,0,0,1.2e+10
193.9,0,0,1.2e+10
194,0,0,1.2e+10
194.1,0,0,1.2e+10
194.2,0,0,1.2e+10
194.3,0,0,1.2e+10
194.4,0,0,1.2e+10
194.5,0,0,1.2e+10
194.6,0,0,1.2e+10
194.7,0,0,1.2e+10
194.8,0,0,1.2e+10
194.9,0,0,1.2e+10
195,0,0,1.2e+10
195.1,0,0,1.2e+10
195.2,0,0,1.2e+10
195.3,0,0,1.2e+10
195.4,0,0,1.2e+10
195.5,0,0,1.2e+10
195.6,0,0,1.2e+10
195.7,0,0,1.2e+10
195.8,0,0,1.2e+10
195.9,0,0,1.2e+10
196,0,0,1.2e+10
196.1,0,0,1.2e+10
196.2,0,0,1.2e+10
196.3,0,0,1.2e+10
196.4,0,0,1.2e+10
196.5,0,0,1.2e+10
196.6,0,0,1.2e+10
196.7,0,0,1.2e+10
196.8,0,0,1.2e+10
196.9,0,0,1.2e+10
197,0,0,1.2e+10
197.1,0,0,1.2e+10
197.2,0,0,1.2e+10
197.3,0,0,1.2e+10
197.4,0,0,1.2e+10
197.5,0,0,1.2e+10
197.6,0,0,1.2e+10
197.7,0,0,1.2e+10
197.8,0,0,1.2e+10
197.9,0,0,1.2e+10
198,0,0,1.2e+10
198.1,0,0,1.2e+10
198.2,0,0,1.2e+10
198.3,0,0,1.2e+10
198.4,0,0,1.2e+10
198.5,0,0,1.2e+10
198.6,0,0,1.2e+10
198.7,0,0,1.2e+10
198.8,0,0,1.2e+10
198.9,0,0,1.2e+10
199,0,0,1.2e+10
199.1,0,0,1.2e+10
199.2,0,0,1.2e+10
199.3,0,0,1.2e+10
199.4,0,0,1.2e+10
199.5,0,0,1.2e+10
199.6,0,0,1.2e+10
199.7,0,0,1.2e+10
199.8,0,0,1.2e+10
199.9,0,0,1.2e+10
200,0,0,1.2e+10
