0,1e+07,1000,1e+06
0.1,9.8216e+06,1025.1,9.7445e+05
0.2,9.6464e+06,1049.7,9.4942e+05
0.3,9.4742e+06,1073.9,9.2488e+05
0.4,9.3052e+06,1097.6,9.0083e+05
0.5,9.1392e+06,1120.9,8.7727e+05
0.6,8.9761e+06,1143.7,8.5417e+05
0.7,8.816e+06,1166.1,8.3153e+05
0.8,8.6587e+06,1188,8.0935e+05
0.9,8.5042e+06,1209.6,7.8761e+05
1,8.3525e+06,1230.7,7.663e+05
1.1,8.2035e+06,1251.4,7.4542e+05
1.2,8.0571e+06,1271.7,7.2496e+05
1.3,7.9134e+06,1291.7,7.0491e+05
1.4,7.7722e+06,1311.2,6.8526e+05
1.5,7.6335e+06,1330.4,6.6601e+05
1.6,7.4973e+06,1349.2,6.4716e+05
1.7,7.3635e+06,1367.6,6.2868e+05
1.8,7.2322e+06,1385.7,6.1059e+05
1.9,7.1031e+06,1403.4,5.9287e+05
2,6.9764e+06,1420.8,5.7552e+05
2.1,6.8519e+06,1437.9,5.5853e+05
2.2,6.7297e+06,1454.6,5.4189e+05
2.3,6.6096e+06,1471,5.2561e+05
2.4,6.4917e+06,1487.1,5.0968e+05
2.5,6.3759e+06,1502.8,4.9409e+05
2.6,6.2621e+06,1518.3,4.7884e+05
2.7,6.1504e+06,1533.4,4.6393e+05
2.8,6.0407e+06,1548.3,4.4938e+05
2.9,5.9329e+06,1562.8,4.3515e+05
3,5.827e+06,1577.1,4.2124e+05
3.1,5.7231e+06,1591.1,4.0764e+05
3.2,5.621e+06,1604.8,3.9436e+05
3.3,5.5207e+06,1618.2,3.8138e+05
3.4,5.4222e+06,1631.4,3.6871e+05
3.5,5.3254e+06,1644.3,3.5634e+05
3.6,5.2304e+06,1657,3.4427e+05
3.7,5.1371e+06,1669.4,3.325e+05
3.8,5.0454e+06,1681.5,3.2101e+05
3.9,4.9554e+06,1693.4,3.0982e+05
4,4.867e+06,1705.1,2.9892e+05
4.1,4.7802e+06,1716.5,2.8829e+05
4.2,4.6949e+06,1727.7,2.7795e+05
4.3,4.6111e+06,1738.7,2.6788e+05
4.4,4.5289e+06,1749.5,2.5809e+05
4.5,4.4481e+06,1760,2.4856e+05
4.6,4.3687e+06,1770.3,2.393e+05
4.7,4.2908e+06,1780.4,2.3031e+05
4.8,4.2142e+06,1790.3,2.2157e+05
4.9,4.139e+06,1800,2.1309e+05
5,4.0652e+06,1809.5,2.0486e+05
5.1,3.9926e+06,1818.8,1.9688e+05
5.2,3.9214e+06,1827.9,1.8914e+05
5.3,3.8514e+06,1836.8,1.8165e+05
5.4,3.7827e+06,1845.5,1.7439e+05
5.5,3.7152e+06,1854.1,1.6736e+05
5.6,3.649e+06,1862.5,1.6056e+05
5.7,3.5838e+06,1870.6,1.5398e+05
5.8,3.5199e+06,1878.7,1.4762e+05
5.9,3.4571e+06,1886.5,1.4147e+05
6,3.3954e+06,1894.2,1.3553e+05
6.1,3.3348e+06,1901.7,1.2979e+05
6.2,3.2753e+06,1909.1,1.2426e+05
6.3,3.2169e+06,1916.3,1.1893e+05
6.4,3.1595e+06,1923.3,1.1378e+05
6.5,3.1031e+06,1930.2,1.0882e+05
6.6,3.0478e+06,1936.9,1.0405e+05
6.7,2.9934e+06,1943.5,99453
6.8,2.94e+06,1950,95029
6.9,2.8875e+06,1956.3,90775
7,2.836e+06,1962.5,86685
7.1,2.7854e+06,1968.5,82755
7.2,2.7357e+06,1974.4,78979
7.3,2.6869e+06,1980.1,75354
7.4,2.639e+06,1985.8,71876
7.5,2.5919e+06,1991.3,68539
7.6,2.5457e+06,1996.7,65339
7.7,2.5002e+06,2001.9,62272
7.8,2.4556e+06,2007.1,59334
7.9,2.4118e+06,2012.1,56520
8,2.3688e+06,2017,53826
8.1,2.3265e+06,2021.8,51248
8.2,2.285e+06,2026.5,48781
8.3,2.2442e+06,2031,46423
8.4,2.2042e+06,2035.5,44168
8.5,2.1649e+06,2039.9,42013
8.6,2.1263e+06,2044.1,39955
8.7,2.0883e+06,2048.3,37990
8.8,2.0511e+06,2052.3,36114
8.9,2.0145e+06,2056.3,34323
9,1.9785e+06,2060.1,32615
9.1,1.9432e+06,2063.9,30986
9.2,1.9086e+06,2067.5,29433
9.3,1.8745e+06,2071.1,27953
9.4,1.8411e+06,2074.6,26543
9.5,1.8082e+06,2078,25199
9.6,1.776e+06,2081.3,23920
9.7,1.7443e+06,2084.5,22702
9.8,1.7131e+06,2087.7,21542
9.9,1.6826e+06,2090.7,20439
10,1.6526e+06,2093.7,19389
10.1,1.6231e+06,2096.6,18391
10.2,1.5941e+06,2099.4,17442
10.3,1.5657e+06,2102.2,16540
10.4,1.5377e+06,2104.8,15682
10.5,1.5103e+06,2107.4,14867
10.6,1.4834e+06,2109.9,14092
10.7,1.4569e+06,2112.4,13357
10.8,1.4309e+06,2114.8,12658
10.9,1.4054e+06,2117.1,11995
11,1.3803e+06,2119.3,11365
11.1,1.3557e+06,2121.5,10767
11.2,1.3315e+06,2123.6,10200
11.3,1.3077e+06,2125.7,9661.7
11.4,1.2844e+06,2127.7,9151
11.5,1.2615e+06,2129.6,8666.5
11.6,1.239e+06,2131.5,8207
11.7,1.2169e+06,2133.3,7771.3
11.8,1.1952e+06,2135,7358.2
11.9,1.1738e+06,2136.7,6966.5
12,1.1529e+06,2138.3,6595.2
12.1,1.1323e+06,2139.9,6243.2
12.2,1.1121e+06,2141.5,5909.7
12.3,1.0923e+06,2142.9,5593.6
12.4,1.0728e+06,2144.3,5294.2
12.5,1.0536e+06,2145.7,5010.5
12.6,1.0349e+06,2147,4741.7
12.7,1.0164e+06,2148.3,4487.1
12.8,9.9825e+05,2149.5,4246
12.9,9.8044e+05,2150.7,4017.7
13,9.6295e+05,2151.8,3801.4
13.1,9.4577e+05,2152.9,3596.7
13.2,9.289e+05,2154,3402.8
13.3,9.1232e+05,2154.9,3219.3
13.4,8.9605e+05,2155.9,3045.6
13.5,8.8006e+05,2156.8,2881.1
13.6,8.6436e+05,2157.7,2725.5
13.7,8.4894e+05,2158.5,2578.1
13.8,8.3379e+05,2159.3,2438.7
13.9,8.1891e+05,2160,2306.7
14,8.043e+05,2160.7,2181.9
14.1,7.8995e+05,2161.4,2063.7
14.2,7.7586e+05,2162,1951.9
14.3,7.6202e+05,2162.6,1846.1
14.4,7.4842e+05,2163.2,1746.1
14.5,7.3507e+05,2163.7,1651.4
14.6,7.2195e+05,2164.2,1561.8
14.7,7.0907e+05,2164.6,1477.1
14.8,6.9642e+05,2165.1,1396.9
14.9,6.84e+05,2165.5,1321.1
15,6.7179e+05,2165.8,1249.4
15.1,6.5981e+05,2166.1,1181.6
15.2,6.4804e+05,2166.4,1117.4
15.3,6.3647e+05,2166.7,1056.7
15.4,6.2512e+05,2166.9,999.35
15.5,6.1396e+05,2167.1,945.08
15.6,6.0301e+05,2167.3,893.75
15.7,5.9225e+05,2167.4,845.21
15.8,5.8169e+05,2167.6,799.3
15.9,5.7131e+05,2167.7,755.89
16,5.6111e+05,2167.7,714.84
16.1,5.511e+05,2167.8,676.02
16.2,5.4127e+05,2167.8,639.31
16.3,5.3161e+05,2167.8,604.59
16.4,5.2213e+05,2167.7,571.77
16.5,5.1281e+05,2167.6,540.73
16.6,5.0366e+05,2167.6,511.38
16.7,4.9468e+05,2167.5,483.63
16.8,4.8585e+05,2167.3,457.39
16.9,4.7718e+05,2167.2,432.58
17,4.6867e+05,2167,409.11
17.1,4.6031e+05,2166.8,386.93
17.2,4.521e+05,2166.6,365.95
17.3,4.4403e+05,2166.3,346.12
17.4,4.3611e+05,2166.1,327.37
17.5,4.2833e+05,2165.8,309.63
17.6,4.2068e+05,2165.5,292.87
17.7,4.1318e+05,2165.1,277.01
17.8,4.0581e+05,2164.8,262.02
17.9,3.9857e+05,2164.4,247.85
18,3.9146e+05,2164.1,234.45
18.1,3.8447e+05,2163.7,221.77
18.2,3.7761e+05,2163.2,209.79
18.3,3.7087e+05,2162.8,198.46
18.4,3.6426e+05,2162.4,187.74
18.5,3.5776e+05,2161.9,177.61
18.6,3.5138e+05,2161.4,168.03
18.7,3.4511e+05,2160.9,158.97
18.8,3.3895e+05,2160.4,150.4
18.9,3.329e+05,2159.9,142.3
19,3.2696e+05,2159.3,134.64
19.1,3.2113e+05,2158.8,127.4
19.2,3.154e+05,2158.2,120.54
19.3,3.0977e+05,2157.6,114.07
19.4,3.0425e+05,2157,107.94
19.5,2.9882e+05,2156.4,102.14
19.6,2.9349e+05,2155.8,96.662
19.7,2.8825e+05,2155.1,91.479
19.8,2.8311e+05,2154.4,86.577
19.9,2.7806e+05,2153.8,81.94
20,2.731e+05,2153.1,77.555
20.1,2.6822e+05,2152.4,73.407
20.2,2.6344e+05,2151.7,69.484
20.3,2.5874e+05,2151,65.773
20.4,2.5412e+05,2150.2,62.263
20.5,2.4959e+05,2149.5,58.942
20.6,2.4513e+05,2148.7,55.801
20.7,2.4076e+05,2148,52.83
20.8,2.3646e+05,2147.2,50.02
20.9,2.3225e+05,2146.4,47.36
21,2.281e+05,2145.6,44.845
21.1,2.2403e+05,2144.8,42.465
21.2,2.2004e+05,2144,40.213
21.3,2.1611e+05,2143.2,38.083
21.4,2.1225e+05,2142.3,36.067
21.5,2.0847e+05,2141.5,34.16
21.6,2.0475e+05,2140.6,32.355
21.7,2.0109e+05,2139.8,30.647
21.8,1.9751e+05,2138.9,29.031
21.9,1.9398e+05,2138,27.502
22,1.9052e+05,2137.1,26.055
22.1,1.8712e+05,2136.2,24.685
22.2,1.8378e+05,2135.3,23.389
22.3,1.8051e+05,2134.4,22.162
22.4,1.7728e+05,2133.5,21.001
22.5,1.7412e+05,2132.6,19.901
22.6,1.7102e+05,2131.6,18.861
22.7,1.6796e+05,2130.7,17.876
22.8,1.6497e+05,2129.7,16.944
22.9,1.6202e+05,2128.8,16.061
23,1.5913e+05,2127.8,15.225
23.1,1.5629e+05,2126.8,14.434
23.2,1.5351e+05,2125.9,13.685
23.3,1.5077e+05,2124.9,12.976
23.4,1.4808e+05,2123.9,12.304
23.5,1.4544e+05,2122.9,11.668
23.6,1.4284e+05,2121.9,11.066
23.7,1.4029e+05,2120.9,10.496
23.8,1.3779e+05,2119.9,9.9556
23.9,1.3533e+05,2118.8,9.4439
24,1.3292e+05,2117.8,8.9593
24.1,1.3054e+05,2116.8,8.5003
24.2,1.2822e+05,2115.7,8.0654
24.3,1.2593e+05,2114.7,7.6535
24.4,1.2368e+05,2113.6,7.2632
24.5,1.2147e+05,2112.6,6.8935
24.6,1.1931e+05,2111.5,6.5432
24.7,1.1718e+05,2110.5,6.2112
24.8,1.1509e+05,2109.4,5.8966
24.9,1.1303e+05,2108.3,5.5985
25,1.1102e+05,2107.2,5.316
25.1,1.0904e+05,2106.2,5.0482
25.2,1.0709e+05,2105.1,4.7944
25.3,1.0518e+05,2104,4.5539
25.4,1.033e+05,2102.9,4.3258
25.5,1.0146e+05,2101.8,4.1096
25.6,99651,2100.7,3.9046
25.7,97873,2099.6,3.7103
25.8,96127,2098.5,3.526
25.9,94412,2097.3,3.3513
26,92727,2096.2,3.1855
26.1,91073,2095.1,3.0284
26.2,89448,2094,2.8793
26.3,87852,2092.8,2.7379
26.4,86285,2091.7,2.6037
26.5,84745,2090.6,2.4765
26.6,83233,2089.4,2.3557
26.7,81748,2088.3,2.2412
26.8,80290,2087.1,2.1324
26.9,78857,2086,2.0293
27,77450,2084.8,1.9314
27.1,76069,2083.7,1.8384
27.2,74711,2082.5,1.7502
27.3,73378,2081.4,1.6664
27.4,72069,2080.2,1.5869
27.5,70783,2079,1.5114
27.6,69521,2077.9,1.4398
27.7,68280,2076.7,1.3717
27.8,67062,2075.5,1.307
27.9,65866,2074.4,1.2456
28,64690,2073.2,1.1873
28.1,63536,2072,1.1319
28.2,62403,2070.8,1.0792
28.3,61289,2069.6,1.0292
28.4,60196,2068.4,0.98166
28.5,59122,2067.3,0.93657
28.6,58067,2066.1,0.8937
28.7,57031,2064.9,0.85295
28.8,56013,2063.7,0.8142
28.9,55014,2062.5,0.77736
29,54033,2061.3,0.74232
29.1,53069,2060.1,0.709
29.2,52122,2058.9,0.6773
29.3,51192,2057.7,0.64715
29.4,50278,2056.5,0.61846
29.5,49381,2055.3,0.59117
29.6,48500,2054.1,0.5652
29.7,47635,2052.9,0.54048
29.8,46785,2051.7,0.51695
29.9,45950,2050.4,0.49456
30,45131,2049.2,0.47323
30.1,44325,2048,0.45293
30.2,43535,2046.8,0.4336
30.3,42758,2045.6,0.4152
30.4,41995,2044.4,0.39766
30.5,41246,2043.2,0.38096
30.6,40510,2041.9,0.36505
30.7,39787,2040.7,0.34989
30.8,39077,2039.5,0.33544
30.9,38380,2038.3,0.32168
31,37695,2037,0.30855
31.1,37023,2035.8,0.29605
31.2,36362,2034.6,0.28412
31.3,35713,2033.4,0.27275
31.4,35076,2032.1,0.26191
31.5,34450,2030.9,0.25157
31.6,33836,2029.7,0.24171
31.7,33232,2028.4,0.2323
31.8,32639,2027.2,0.22332
31.9,32057,2026,0.21476
32,31485,2024.7,0.20658
32.1,30923,2023.5,0.19878
32.2,30371,2022.3,0.19134
32.3,29830,2021,0.18423
32.4,29297,2019.8,0.17744
32.5,28775,2018.6,0.17096
32.6,28261,2017.3,0.16477
32.7,27757,2016.1,0.15886
32.8,27262,2014.9,0.15322
32.9,26775,2013.6,0.14783
33,26298,2012.4,0.14268
33.1,25829,2011.1,0.13775
33.2,25368,2009.9,0.13305
33.3,24915,2008.7,0.12856
33.4,24471,2007.4,0.12426
33.5,24034,2006.2,0.12015
33.6,23605,2004.9,0.11623
33.7,23184,2003.7,0.11248
33.8,22770,2002.5,0.10889
33.9,22364,2001.2,0.10546
34,21965,2000,0.10218
34.1,21573,1998.7,0.099049
34.2,21188,1997.5,0.096051
34.3,20810,1996.2,0.093185
34.4,20439,1995,0.090444
34.5,20074,1993.8,0.087823
34.6,19716,1992.5,0.085317
34.7,19364,1991.3,0.082921
34.8,19019,1990,0.080629
34.9,18680,1988.8,0.078439
35,18346,1987.5,0.076344
35.1,18019,1986.3,0.074343
35.2,17698,1985,0.072429
35.3,17382,1983.8,0.0706
35.4,17072,1982.6,0.068853
35.5,16767,1981.3,0.067184
35.6,16468,1980.1,0.06559
35.7,16174,1978.8,0.064068
35.8,15886,1977.6,0.062615
35.9,15602,1976.3,0.061228
36,15324,1975.1,0.059906
36.1,15050,1973.9,0.058646
36.2,14782,1972.6,0.057444
36.3,14518,1971.4,0.056301
36.4,14259,1970.1,0.055212
36.5,14005,1968.9,0.054177
36.6,13755,1967.6,0.053194
36.7,13509,1966.4,0.05226
36.8,13268,1965.2,0.051375
36.9,13032,1963.9,0.050537
37,12799,1962.7,0.049744
37.1,12571,1961.4,0.048996
37.2,12347,1960.2,0.04829
37.3,12126,1958.9,0.047627
37.4,11910,1957.7,0.047004
37.5,11697,1956.5,0.046421
37.6,11489,1955.2,0.045878
37.7,11284,1954,0.045372
37.8,11082,1952.7,0.044905
37.9,10885,1951.5,0.044474
38,10690,1950.3,0.044079
38.1,10500,1949,0.04372
38.2,10312,1947.8,0.043397
38.3,10128,1946.5,0.043109
38.4,9947.7,1945.3,0.042856
38.5,9770.2,1944.1,0.042637
38.6,9595.9,1942.8,0.042454
38.7,9424.7,1941.6,0.042304
38.8,9256.6,1940.4,0.04219
38.9,9091.4,1939.1,0.04211
39,8929.2,1937.9,0.042065
39.1,8769.9,1936.7,0.042056
39.2,8613.4,1935.4,0.042082
39.3,8459.7,1934.2,0.042145
39.4,8308.8,1932.9,0.042244
39.5,8160.6,1931.7,0.042382
39.6,8015,1930.5,0.042557
39.7,7872,1929.2,0.042772
39.8,7731.5,1928,0.043027
39.9,7593.6,1926.8,0.043324
40,7458.1,1925.5,0.043663
40.1,7325,1924.3,0.044047
40.2,7194.3,1923.1,0.044476
40.3,7066,1921.9,0.044954
40.4,6939.9,1920.6,0.045481
40.5,6816.1,1919.4,0.046059
40.6,6694.5,1918.2,0.046691
40.7,6575.1,1916.9,0.04738
40.8,6457.7,1915.7,0.048129
40.9,6342.5,1914.5,0.048939
41,6229.4,1913.3,0.049815
41.1,6118.2,1912,0.050761
41.2,6009.1,1910.8,0.051779
41.3,5901.9,1909.6,0.052875
41.4,5796.6,1908.4,0.054053
41.5,5693.1,1907.1,0.055317
41.6,5591.6,1905.9,0.056674
41.7,5491.8,1904.7,0.05813
41.8,5393.8,1903.5,0.05969
41.9,5297.6,1902.2,0.061363
42,5203.1,1901,0.063155
42.1,5110.2,1899.8,0.065075
42.2,5019.1,1898.6,0.067133
42.3,4929.5,1897.3,0.069338
42.4,4841.6,1896.1,0.071701
42.5,4755.2,1894.9,0.074234
42.6,4670.3,1893.7,0.076951
42.7,4587,1892.5,0.079866
42.8,4505.2,1891.3,0.082994
42.9,4424.8,1890,0.086352
43,4345.9,1888.8,0.089961
43.1,4268.3,1887.6,0.093839
43.2,4192.2,1886.4,0.098011
43.3,4117.4,1885.2,0.1025
43.4,4043.9,1884,0.10734
43.5,3971.8,1882.8,0.11255
43.6,3900.9,1881.5,0.11817
43.7,3831.3,1880.3,0.12424
43.8,3762.9,1879.1,0.1308
43.9,3695.8,1877.9,0.13789
44,3629.9,1876.7,0.14557
44.1,3565.1,1875.5,0.15388
44.2,3501.5,1874.3,0.1629
44.3,3439,1873.1,0.17268
44.4,3377.7,1871.9,0.18332
44.5,3317.4,1870.7,0.19488
44.6,3258.2,1869.4,0.20747
44.7,3200.1,1868.2,0.2212
44.8,3143,1867,0.23617
44.9,3086.9,1865.8,0.25253
45,3031.8,1864.6,0.27042
45.1,2977.7,1863.4,0.29001
45.2,2924.6,1862.2,0.31148
45.3,2872.4,1861,0.33504
45.4,2821.2,1859.8,0.36093
45.5,2770.9,1858.6,0.38942
45.6,2721.4,1857.4,0.4208
45.7,2672.9,1856.2,0.45542
45.8,2625.2,1855,0.49365
45.9,2578.3,1853.8,0.53593
46,2532.3,1852.6,0.58274
46.1,2487.2,1851.4,0.63466
46.2,2442.8,1850.2,0.69232
46.3,2399.2,1849,0.75643
46.4,2356.4,1847.9,0.82783
46.5,2314.4,1846.7,0.90746
46.6,2273.1,1845.5,0.9964
46.7,2232.5,1844.3,1.095
46.8,2192.7,1843.1,1.2051
46.9,2153.6,1841.9,1.3284
47,2115.1,1840.7,1.4666
47.1,2077.4,1839.5,1.6219
47.2,2040.3,1838.3,1.7965
47.3,2003.9,1837.1,1.9931
47.4,1968.2,1835.9,2.2148
47.5,1933.1,1834.8,2.4652
47.6,1898.6,1833.6,2.7484
47.7,1864.7,1832.4,3.0693
47.8,1831.4,1831.2,3.4332
47.9,1798.8,1830,3.8467
48,1766.7,1828.8,4.3172
48.1,1735.1,1827.6,4.8533
48.2,1704.2,1826.5,5.4652
48.3,1673.8,1825.3,6.1646
48.4,1643.9,1824.1,6.9653
48.5,1614.6,1822.9,7.8835
48.6,1585.8,1821.7,8.9381
48.7,1557.5,1820.6,10.151
48.8,1529.7,1819.4,11.549
48.9,1502.4,1818.2,13.163
49,1475.6,1817,15.028
49.1,1449.3,1815.8,17.189
49.2,1423.4,1814.7,19.696
49.3,1398,1813.5,22.611
49.4,1373.1,1812.3,26.006
49.5,1348.6,1811.2,29.967
49.6,1324.5,1810,34.6
49.7,1300.9,1808.8,40.029
49.8,1277.7,1807.6,46.406
49.9,1254.9,1806.5,53.914
50,1232.5,1805.3,62.775
50.1,1210.5,1804.1,73.263
50.2,1188.9,1803,85.712
50.3,1167.7,1801.8,100.54
50.4,1146.9,1800.6,118.25
50.5,1126.4,1799.5,139.51
50.6,1106.3,1798.3,165.12
50.7,1086.6,1797.1,196.14
50.8,1067.2,1796,233.91
50.9,1048.1,1794.8,280.19
51,1029.4,1793.7,337.35
51.1,1011.1,1792.5,408.56
51.2,993.03,1791.3,498.17
51.3,975.32,1790.2,612.4
51.4,957.92,1789,760.14
51.5,940.82,1787.9,954.69
51.6,924.04,1786.7,1216.7
51.7,907.55,1785.6,1579
51.8,891.36,1784.5,2095.6
51.9,875.46,1783.3,2849.5
52,859.84,1782.2,3922.8
52.1,844.5,1781.1,5411.5
52.2,829.43,1780,7468.4
52.3,814.63,1778.9,10309
52.4,800.1,1777.8,14230
52.5,785.82,1776.7,19642
52.6,771.8,1775.5,27112
52.7,758.03,1774.4,37421
52.8,744.51,1773.3,51646
52.9,731.23,1772.2,71271
53,718.18,1771.1,98339
53.1,705.37,1770,1.3566e+05
53.2,692.78,1768.9,1.8708e+05
53.3,680.42,1767.8,2.579e+05
53.4,668.28,1766.7,3.5534e+05
53.5,656.36,1765.6,4.8922e+05
53.6,644.65,1764.5,6.7285e+05
53.7,633.15,1763.3,9.2414e+05
53.8,621.85,1762.2,1.2669e+06
53.9,610.76,1761.1,1.7324e+06
54,599.86,1760,2.3611e+06
54.1,589.16,1758.9,3.2038e+06
54.2,578.65,1757.8,4.3227e+06
54.3,568.32,1756.7,5.7907e+06
54.4,558.18,1755.6,7.6889e+06
54.5,548.23,1754.5,1.0101e+07
54.6,538.44,1753.4,1.3109e+07
54.7,528.84,1752.3,1.6779e+07
54.8,519.4,1751.2,2.1161e+07
54.9,510.14,1750.1,2.6279e+07
55,501.03,1749,3.2132e+07
55.1,492.1,1747.9,3.8696e+07
55.2,483.32,1746.9,4.5933e+07
55.3,474.69,1745.8,5.3789e+07
55.4,466.22,1744.7,6.2208e+07
55.5,457.91,1743.6,7.1132e+07
55.6,449.74,1742.5,8.0501e+07
55.7,441.71,1741.4,9.0263e+07
55.8,433.83,1740.3,1.0037e+08
55.9,426.09,1739.2,1.1077e+08
56,418.49,1738.1,1.2143e+08
56.1,411.02,1737,1.3231e+08
56.2,403.69,1735.9,1.4339e+08
56.3,396.49,1734.9,1.5462e+08
56.4,389.41,1733.8,1.66e+08
56.5,382.47,1732.7,1.7749e+08
56.6,375.64,1731.6,1.8907e+08
56.7,368.94,1730.5,2.0074e+08
56.8,362.36,1729.4,2.1248e+08
56.9,355.89,1728.3,2.2426e+08
57,349.54,1727.3,2.3609e+08
57.1,343.31,1726.2,2.4795e+08
57.2,337.18,1725.1,2.5983e+08
57.3,331.17,1724,2.7173e+08
57.4,325.26,1722.9,2.8363e+08
57.5,319.46,1721.9,2.9553e+08
57.6,313.76,1720.8,3.0742e+08
57.7,308.16,1719.7,3.193e+08
57.8,302.66,1718.6,3.3116e+08
57.9,297.26,1717.6,3.43e+08
58,291.96,1716.5,3.5481e+08
58.1,286.75,1715.4,3.666e+08
58.2,281.63,1714.3,3.7835e+08
58.3,276.61,1713.3,3.9007e+08
58.4,271.67,1712.2,4.0175e+08
58.5,266.83,1711.1,4.1339e+08
58.6,262.07,1710,4.2499e+08
58.7,257.39,1709,4.3654e+08
58.8,252.8,1707.9,4.4805e+08
58.9,248.29,1706.8,4.5951e+08
59,243.86,1705.8,4.7092e+08
59.1,239.51,1704.7,4.8228e+08
59.2,235.24,1703.6,4.9358e+08
59.3,231.04,1702.6,5.0484e+08
59.4,226.92,1701.5,5.1604e+08
59.5,222.87,1700.4,5.2718e+08
59.6,218.89,1699.4,5.3827e+08
59.7,214.99,1698.3,5.493e+08
59.8,211.15,1697.2,5.6028e+08
59.9,207.38,1696.2,5.7119e+08
60,203.68,1695.1,5.8205e+08
60.1,200.05,1694.1,5.9285e+08
60.2,196.48,1693,6.0359e+08
60.3,192.98,1691.9,6.1427e+08
60.4,189.53,1690.9,6.2489e+08
60.5,186.15,1689.8,6.3546e+08
60.6,182.83,1688.8,6.4596e+08
60.7,179.57,1687.7,6.564e+08
60.8,176.37,1686.6,6.6677e+08
60.9,173.22,1685.6,6.7709e+08
61,170.13,1684.5,6.8735e+08
61.1,167.09,1683.5,6.9754e+08
61.2,164.11,1682.4,7.0768e+08
61.3,161.18,1681.4,7.1775e+08
61.4,158.31,1680.3,7.2776e+08
61.5,155.48,1679.3,7.3771e+08
61.6,152.71,1678.2,7.476e+08
61.7,149.99,1677.2,7.5743e+08
61.8,147.31,1676.1,7.672e+08
61.9,144.68,1675.1,7.769e+08
62,142.1,1674,7.8655e+08
62.1,139.57,1673,7.9613e+08
62.2,137.08,1671.9,8.0566e+08
62.3,134.63,1670.9,8.1512e+08
62.4,132.23,1669.8,8.2452e+08
62.5,129.87,1668.8,8.3386e+08
62.6,127.55,1667.7,8.4315e+08
62.7,125.28,1666.7,8.5237e+08
62.8,123.04,1665.7,8.6153e+08
62.9,120.85,1664.6,8.7064e+08
63,118.69,1663.6,8.7968e+08
63.1,116.57,1662.5,8.8867e+08
63.2,114.49,1661.5,8.9759e+08
63.3,112.45,1660.5,9.0646e+08
63.4,110.45,1659.4,9.1527e+08
63.5,108.48,1658.4,9.2402e+08
63.6,106.54,1657.3,9.3272e+08
63.7,104.64,1656.3,9.4135e+08
63.8,102.77,1655.3,9.4993e+08
63.9,100.94,1654.2,9.5845e+08
64,99.138,1653.2,9.6692e+08
64.1,97.37,1652.2,9.7533e+08
64.2,95.633,1651.1,9.8368e+08
64.3,93.927,1650.1,9.9198e+08
64.4,92.251,1649.1,1.0002e+09
64.5,90.605,1648,1.0084e+09
64.6,88.989,1647,1.0165e+09
64.7,87.401,1646,1.0246e+09
64.8,85.842,1644.9,1.0326e+09
64.9,84.311,1643.9,1.0406e+09
65,82.807,1642.9,1.0485e+09
65.1,81.329,1641.9,1.0564e+09
65.2,79.879,1640.8,1.0642e+09
65.3,78.454,1639.8,1.0719e+09
65.4,77.054,1638.8,1.0796e+09
65.5,75.679,1637.7,1.0873e+09
65.6,74.329,1636.7,1.0949e+09
65.7,73.003,1635.7,1.1024e+09
65.8,71.701,1634.7,1.1099e+09
65.9,70.422,1633.7,1.1173e+09
66,69.166,1632.6,1.1247e+09
66.1,67.932,1631.6,1.1321e+09
66.2,66.72,1630.6,1.1393e+09
66.3,65.53,1629.6,1.1466e+09
66.4,64.361,1628.6,1.1538e+09
66.5,63.213,1627.5,1.1609e+09
66.6,62.085,1626.5,1.168e+09
66.7,60.977,1625.5,1.175e+09
66.8,59.89,1624.5,1.182e+09
66.9,58.821,1623.5,1.189e+09
67,57.772,1622.5,1.1959e+09
67.1,56.741,1621.4,1.2027e+09
67.2,55.729,1620.4,1.2095e+09
67.3,54.735,1619.4,1.2162e+09
67.4,53.759,1618.4,1.2229e+09
67.5,52.8,1617.4,1.2296e+09
67.6,51.858,1616.4,1.2362e+09
67.7,50.933,1615.4,1.2428e+09
67.8,50.024,1614.4,1.2493e+09
67.9,49.132,1613.3,1.2558e+09
68,48.255,1612.3,1.2622e+09
68.1,47.395,1611.3,1.2686e+09
68.2,46.549,1610.3,1.2749e+09
68.3,45.719,1609.3,1.2812e+09
68.4,44.903,1608.3,1.2875e+09
68.5,44.102,1607.3,1.2937e+09
68.6,43.316,1606.3,1.2998e+09
68.7,42.543,1605.3,1.3059e+09
68.8,41.784,1604.3,1.312e+09
68.9,41.039,1603.3,1.3181e+09
69,40.307,1602.3,1.324e+09
69.1,39.588,1601.3,1.33e+09
69.2,38.882,1600.3,1.3359e+09
69.3,38.188,1599.3,1.3418e+09
69.4,37.507,1598.3,1.3476e+09
69.5,36.838,1597.3,1.3534e+09
69.6,36.181,1596.3,1.3591e+09
69.7,35.535,1595.3,1.3648e+09
69.8,34.902,1594.3,1.3705e+09
69.9,34.279,1593.3,1.3761e+09
70,33.668,1592.3,1.3817e+09
70.1,33.067,1591.3,1.3872e+09
70.2,32.477,1590.3,1.3927e+09
70.3,31.898,1589.3,1.3982e+09
70.4,31.329,1588.3,1.4036e+09
70.5,30.77,1587.3,1.409e+09
70.6,30.221,1586.3,1.4143e+09
70.7,29.682,1585.4,1.4196e+09
70.8,29.153,1584.4,1.4249e+09
70.9,28.633,1583.4,1.4302e+09
71,28.122,1582.4,1.4354e+09
71.1,27.621,1581.4,1.4405e+09
71.2,27.128,1580.4,1.4456e+09
71.3,26.644,1579.4,1.4507e+09
71.4,26.169,1578.4,1.4558e+09
71.5,25.702,1577.5,1.4608e+09
71.6,25.244,1576.5,1.4658e+09
71.7,24.794,1575.5,1.4707e+09
71.8,24.351,1574.5,1.4756e+09
71.9,23.917,1573.5,1.4805e+09
72,23.491,1572.5,1.4853e+09
72.1,23.072,1571.5,1.4901e+09
72.2,22.66,1570.6,1.4949e+09
72.3,22.256,1569.6,1.4997e+09
72.4,21.859,1568.6,1.5044e+09
72.5,21.469,1567.6,1.509e+09
72.6,21.086,1566.6,1.5137e+09
72.7,20.71,1565.7,1.5183e+09
72.8,20.341,1564.7,1.5228e+09
72.9,19.978,1563.7,1.5274e+09
73,19.622,1562.7,1.5319e+09
73.1,19.272,1561.8,1.5364e+09
73.2,18.928,1560.8,1.5408e+09
73.3,18.591,1559.8,1.5452e+09
73.4,18.259,1558.8,1.5496e+09
73.5,17.934,1557.9,1.5539e+09
73.6,17.614,1556.9,1.5582e+09
73.7,17.3,1555.9,1.5625e+09
73.8,16.991,1555,1.5668e+09
73.9,16.688,1554,1.571e+09
74,16.391,1553,1.5752e+09
74.1,16.098,1552,1.5794e+09
74.2,15.811,1551.1,1.5835e+09
74.3,15.529,1550.1,1.5876e+09
74.4,15.252,1549.1,1.5917e+09
74.5,14.98,1548.2,1.5957e+09
74.6,14.713,1547.2,1.5997e+09
74.7,14.451,1546.2,1.6037e+09
74.8,14.193,1545.3,1.6077e+09
74.9,13.94,1544.3,1.6116e+09
75,13.692,1543.3,1.6155e+09
75.1,13.447,1542.4,1.6194e+09
75.2,13.208,1541.4,1.6232e+09
75.3,12.972,1540.5,1.6271e+09
75.4,12.741,1539.5,1.6309e+09
75.5,12.514,1538.5,1.6346e+09
75.6,12.291,1537.6,1.6384e+09
75.7,12.072,1536.6,1.6421e+09
75.8,11.856,1535.7,1.6457e+09
75.9,11.645,1534.7,1.6494e+09
76,11.437,1533.7,1.653e+09
76.1,11.233,1532.8,1.6566e+09
76.2,11.033,1531.8,1.6602e+09
76.3,10.836,1530.9,1.6638e+09
76.4,10.643,1529.9,1.6673e+09
76.5,10.454,1529,1.6708e+09
76.6,10.267,1528,1.6743e+09
76.7,10.084,1527.1,1.6777e+09
76.8,9.9044,1526.1,1.6812e+09
76.9,9.7278,1525.2,1.6846e+09
77,9.5544,1524.2,1.6879e+09
77.1,9.3841,1523.3,1.6913e+09
77.2,9.2168,1522.3,1.6946e+09
77.3,9.0525,1521.4,1.6979e+09
77.4,8.8912,1520.4,1.7012e+09
77.5,8.7327,1519.5,1.7045e+09
77.6,8.577,1518.5,1.7077e+09
77.7,8.4241,1517.6,1.7109e+09
77.8,8.274,1516.6,1.7141e+09
77.9,8.1265,1515.7,1.7173e+09
78,7.9817,1514.7,1.7204e+09
78.1,7.8394,1513.8,1.7235e+09
78.2,7.6997,1512.8,1.7266e+09
78.3,7.5625,1511.9,1.7297e+09
78.4,7.4277,1510.9,1.7328e+09
78.5,7.2953,1510,1.7358e+09
78.6,7.1653,1509.1,1.7388e+09
78.7,7.0376,1508.1,1.7418e+09
78.8,6.9122,1507.2,1.7447e+09
78.9,6.789,1506.2,1.7477e+09
79,6.6681,1505.3,1.7506e+09
79.1,6.5493,1504.4,1.7535e+09
79.2,6.4326,1503.4,1.7564e+09
79.3,6.3179,1502.5,1.7593e+09
79.4,6.2054,1501.6,1.7621e+09
79.5,6.0948,1500.6,1.7649e+09
79.6,5.9862,1499.7,1.7677e+09
79.7,5.8796,1498.7,1.7705e+09
79.8,5.7748,1497.8,1.7732e+09
79.9,5.6719,1496.9,1.776e+09
80,5.5709,1495.9,1.7787e+09
80.1,5.4716,1495,1.7814e+09
80.2,5.3742,1494.1,1.7841e+09
80.3,5.2784,1493.2,1.7867e+09
80.4,5.1844,1492.2,1.7894e+09
80.5,5.092,1491.3,1.792e+09
80.6,5.0013,1490.4,1.7946e+09
80.7,4.9123,1489.4,1.7972e+09
80.8,4.8248,1488.5,1.7998e+09
80.9,4.7388,1487.6,1.8023e+09
81,4.6544,1486.7,1.8048e+09
81.1,4.5715,1485.7,1.8073e+09
81.2,4.4901,1484.8,1.8098e+09
81.3,4.4102,1483.9,1.8123e+09
81.4,4.3316,1483,1.8148e+09
81.5,4.2545,1482,1.8172e+09
81.6,4.1787,1481.1,1.8196e+09
81.7,4.1043,1480.2,1.822e+09
81.8,4.0312,1479.3,1.8244e+09
81.9,3.9595,1478.3,1.8268e+09
82,3.889,1477.4,1.8291e+09
82.1,3.8197,1476.5,1.8315e+09
82.2,3.7517,1475.6,1.8338e+09
82.3,3.6849,1474.7,1.8361e+09
82.4,3.6193,1473.7,1.8384e+09
82.5,3.5549,1472.8,1.8406e+09
82.6,3.4916,1471.9,1.8429e+09
82.7,3.4295,1471,1.8451e+09
82.8,3.3684,1470.1,1.8473e+09
82.9,3.3085,1469.2,1.8495e+09
83,3.2496,1468.2,1.8517e+09
83.1,3.1918,1467.3,1.8539e+09
83.2,3.135,1466.4,1.856e+09
83.3,3.0792,1465.5,1.8582e+09
83.4,3.0244,1464.6,1.8603e+09
83.5,2.9706,1463.7,1.8624e+09
83.6,2.9177,1462.8,1.8645e+09
83.7,2.8658,1461.9,1.8666e+09
83.8,2.8148,1460.9,1.8686e+09
83.9,2.7647,1460,1.8707e+09
84,2.7156,1459.1,1.8727e+09
84.1,2.6673,1458.2,1.8747e+09
84.2,2.6198,1457.3,1.8768e+09
84.3,2.5732,1456.4,1.8787e+09
84.4,2.5274,1455.5,1.8807e+09
84.5,2.4825,1454.6,1.8827e+09
84.6,2.4383,1453.7,1.8846e+09
84.7,2.395,1452.8,1.8866e+09
84.8,2.3524,1451.9,1.8885e+09
84.9,2.3106,1451,1.8904e+09
85,2.2695,1450.1,1.8923e+09
85.1,2.2291,1449.2,1.8941e+09
85.2,2.1895,1448.3,1.896e+09
85.3,2.1506,1447.4,1.8979e+09
85.4,2.1124,1446.5,1.8997e+09
85.5,2.0748,1445.6,1.9015e+09
85.6,2.038,1444.7,1.9033e+09
85.7,2.0017,1443.8,1.9051e+09
85.8,1.9662,1442.9,1.9069e+09
85.9,1.9312,1442,1.9087e+09
86,1.8969,1441.1,1.9104e+09
86.1,1.8632,1440.2,1.9122e+09
86.2,1.8301,1439.3,1.9139e+09
86.3,1.7976,1438.4,1.9156e+09
86.4,1.7657,1437.5,1.9173e+09
86.5,1.7343,1436.6,1.919e+09
86.6,1.7035,1435.7,1.9207e+09
86.7,1.6733,1434.8,1.9224e+09
86.8,1.6436,1433.9,1.924e+09
86.9,1.6144,1433,1.9257e+09
87,1.5857,1432.1,1.9273e+09
87.1,1.5576,1431.2,1.9289e+09
87.2,1.5299,1430.3,1.9305e+09
87.3,1.5028,1429.5,1.9321e+09
87.4,1.4761,1428.6,1.9337e+09
87.5,1.4499,1427.7,1.9353e+09
87.6,1.4242,1426.8,1.9369e+09
87.7,1.3989,1425.9,1.9384e+09
87.8,1.3741,1425,1.94e+09
87.9,1.3497,1424.1,1.9415e+09
88,1.3258,1423.2,1.943e+09
88.1,1.3023,1422.4,1.9445e+09
88.2,1.2792,1421.5,1.946e+09
88.3,1.2565,1420.6,1.9475e+09
88.4,1.2342,1419.7,1.949e+09
88.5,1.2123,1418.8,1.9504e+09
88.6,1.1908,1417.9,1.9519e+09
88.7,1.1697,1417.1,1.9533e+09
88.8,1.149,1416.2,1.9548e+09
88.9,1.1286,1415.3,1.9562e+09
89,1.1086,1414.4,1.9576e+09
89.1,1.089,1413.5,1.959e+09
89.2,1.0697,1412.7,1.9604e+09
89.3,1.0508,1411.8,1.9618e+09
89.4,1.0322,1410.9,1.9632e+09
89.5,1.0139,1410,1.9645e+09
89.6,0.99594,1409.1,1.9659e+09
89.7,0.97831,1408.3,1.9672e+09
89.8,0.96099,1407.4,1.9685e+09
89.9,0.94399,1406.5,1.9699e+09
90,0.92728,1405.6,1.9712e+09
90.1,0.91088,1404.8,1.9725e+09
90.2,0.89477,1403.9,1.9738e+09
90.3,0.87894,1403,1.9751e+09
90.4,0.8634,1402.2,1.9763e+09
90.5,0.84813,1401.3,1.9776e+09
90.6,0.83314,1400.4,1.9789e+09
90.7,0.81842,1399.5,1.9801e+09
90.8,0.80395,1398.7,1.9813e+09
90.9,0.78975,1397.8,1.9826e+09
91,0.7758,1396.9,1.9838e+09
91.1,0.76209,1396.1,1.985e+09
91.2,0.74863,1395.2,1.9862e+09
91.3,0.73542,1394.3,1.9874e+09
91.4,0.72243,1393.5,1.9886e+09
91.5,0.70968,1392.6,1.9898e+09
91.6,0.69716,1391.7,1.9909e+09
91.7,0.68486,1390.9,1.9921e+09
91.8,0.67278,1390,1.9932e+09
91.9,0.66091,1389.1,1.9944e+09
92,0.64926,1388.3,1.9955e+09
92.1,0.63781,1387.4,1.9966e+09
92.2,0.62657,1386.6,1.9978e+09
92.3,0.61553,1385.7,1.9989e+09
92.4,0.60468,1384.8,2e+09
92.5,0.59403,1384,2.0011e+09
92.6,0.58357,1383.1,2.0022e+09
92.7,0.57329,1382.3,2.0032e+09
92.8,0.5632,1381.4,2.0043e+09
92.9,0.55329,1380.5,2.0054e+09
93,0.54356,1379.7,2.0064e+09
93.1,0.534,1378.8,2.0075e+09
93.2,0.5246,1378,2.0085e+09
93.3,0.51538,1377.1,2.0095e+09
93.4,0.50632,1376.3,2.0106e+09
93.5,0.49743,1375.4,2.0116e+09
93.6,0.48869,1374.6,2.0126e+09
93.7,0.4801,1373.7,2.0136e+09
93.8,0.47167,1372.8,2.0146e+09
93.9,0.4634,1372,2.0156e+09
94,0.45526,1371.1,2.0166e+09
94.1,0.44728,1370.3,2.0175e+09
94.2,0.43943,1369.4,2.0185e+09
94.3,0.43173,1368.6,2.0194e+09
94.4,0.42416,1367.7,2.0204e+09
94.5,0.41673,1366.9,2.0213e+09
94.6,0.40943,1366,2.0223e+09
94.7,0.40226,1365.2,2.0232e+09
94.8,0.39522,1364.3,2.0241e+09
94.9,0.3883,1363.5,2.0251e+09
95,0.38151,1362.7,2.026e+09
95.1,0.37484,1361.8,2.0269e+09
95.2,0.36828,1361,2.0278e+09
95.3,0.36185,1360.1,2.0287e+09
95.4,0.35553,1359.3,2.0295e+09
95.5,0.34932,1358.4,2.0304e+09
95.6,0.34322,1357.6,2.0313e+09
95.7,0.33723,1356.7,2.0322e+09
95.8,0.33135,1355.9,2.033e+09
95.9,0.32557,1355.1,2.0339e+09
96,0.3199,1354.2,2.0347e+09
96.1,0.31432,1353.4,2.0356e+09
96.2,0.30885,1352.5,2.0364e+09
96.3,0.30347,1351.7,2.0372e+09
96.4,0.29819,1350.9,2.0381e+09
96.5,0.29301,1350,2.0389e+09
96.6,0.28791,1349.2,2.0397e+09
96.7,0.28291,1348.3,2.0405e+09
96.8,0.278,1347.5,2.0413e+09
96.9,0.27317,1346.7,2.0421e+09
97,0.26843,1345.8,2.0429e+09
97.1,0.26377,1345,2.0436e+09
97.2,0.2592,1344.2,2.0444e+09
97.3,0.25471,1343.3,2.0452e+09
97.4,0.2503,1342.5,2.046e+09
97.5,0.24597,1341.7,2.0467e+09
97.6,0.24171,1340.8,2.0475e+09
97.7,0.23753,1340,2.0482e+09
97.8,0.23343,1339.2,2.049e+09
97.9,0.22939,1338.3,2.0497e+09
98,0.22543,1337.5,2.0504e+09
98.1,0.22154,1336.7,2.0512e+09
98.2,0.21772,1335.9,2.0519e+09
98.3,0.21397,1335,2.0526e+09
98.4,0.21029,1334.2,2.0533e+09
98.5,0.20667,1333.4,2.054e+09
98.6,0.20311,1332.5,2.0547e+09
98.7,0.19962,1331.7,2.0554e+09
98.8,0.19619,1330.9,2.0561e+09
98.9,0.19282,1330.1,2.0568e+09
99,0.18951,1329.2,2.0575e+09
99.1,0.18626,1328.4,2.0581e+09
99.2,0.18307,1327.6,2.0588e+09
99.3,0.17994,1326.8,2.0595e+09
99.4,0.17686,1326,2.0601e+09
99.5,0.17383,1325.1,2.0608e+09
99.6,0.17086,1324.3,2.0614e+09
99.7,0.16795,1323.5,2.0621e+09
99.8,0.16508,1322.7,2.0627e+09
99.9,0.16227,1321.8,2.0634e+09
100,0.1595,1321,2.064e+09
100.1,0.15679,1320.2,2.0646e+09
100.2,0.15412,1319.4,2.0652e+09
100.3,0.1515,1318.6,2.0659e+09
100.4,0.14893,1317.8,2.0665e+09
100.5,0.1464,1316.9,2.0671e+09
100.6,0.14392,1316.1,2.0677e+09
100.7,0.14148,1315.3,2.0683e+09
100.8,0.13909,1314.5,2.0689e+09
100.9,0.13674,1313.7,2.0695e+09
101,0.13443,1312.9,2.0701e+09
101.1,0.13216,1312.1,2.0706e+09
101.2,0.12993,1311.2,2.0712e+09
101.3,0.12774,1310.4,2.0718e+09
101.4,0.1256,1309.6,2.0724e+09
101.5,0.12348,1308.8,2.0729e+09
101.6,0.12141,1308,2.0735e+09
101.7,0.11937,1307.2,2.0741e+09
101.8,0.11737,1306.4,2.0746e+09
101.9,0.11541,1305.6,2.0752e+09
102,0.11348,1304.8,2.0757e+09
102.1,0.11158,1303.9,2.0762e+09
102.2,0.10972,1303.1,2.0768e+09
102.3,0.10789,1302.3,2.0773e+09
102.4,0.1061,1301.5,2.0779e+09
102.5,0.10433,1300.7,2.0784e+09
102.6,0.1026,1299.9,2.0789e+09
102.7,0.1009,1299.1,2.0794e+09
102.8,0.099228,1298.3,2.0799e+09
102.9,0.097587,1297.5,2.0804e+09
103,0.095974,1296.7,2.081e+09
103.1,0.09439,1295.9,2.0815e+09
103.2,0.092835,1295.1,2.082e+09
103.3,0.091307,1294.3,2.0825e+09
103.4,0.089806,1293.5,2.0829e+09
103.5,0.088332,1292.7,2.0834e+09
103.6,0.086884,1291.9,2.0839e+09
103.7,0.085462,1291.1,2.0844e+09
103.8,0.084065,1290.3,2.0849e+09
103.9,0.082693,1289.5,2.0854e+09
104,0.081345,1288.7,2.0858e+09
104.1,0.080021,1287.9,2.0863e+09
104.2,0.078721,1287.1,2.0868e+09
104.3,0.077444,1286.3,2.0872e+09
104.4,0.07619,1285.5,2.0877e+09
104.5,0.074958,1284.7,2.0881e+09
104.6,0.073748,1283.9,2.0886e+09
104.7,0.072559,1283.1,2.089e+09
104.8,0.071392,1282.3,2.0895e+09
104.9,0.070245,1281.5,2.0899e+09
105,0.069119,1280.7,2.0904e+09
105.1,0.068013,1279.9,2.0908e+09
105.2,0.066926,1279.2,2.0912e+09
105.3,0.065859,1278.4,2.0917e+09
105.4,0.06481,1277.6,2.0921e+09
105.5,0.063781,1276.8,2.0925e+09
105.6,0.062769,1276,2.0929e+09
105.7,0.061776,1275.2,2.0933e+09
105.8,0.0608,1274.4,2.0938e+09
105.9,0.059841,1273.6,2.0942e+09
106,0.0589,1272.8,2.0946e+09
106.1,0.057975,1272,2.095e+09
106.2,0.057067,1271.3,2.0954e+09
106.3,0.056175,1270.5,2.0958e+09
106.4,0.055298,1269.7,2.0962e+09
106.5,0.054437,1268.9,2.0966e+09
106.6,0.053592,1268.1,2.097e+09
106.7,0.052761,1267.3,2.0973e+09
106.8,0.051946,1266.5,2.0977e+09
106.9,0.051144,1265.8,2.0981e+09
107,0.050357,1265,2.0985e+09
107.1,0.049584,1264.2,2.0989e+09
107.2,0.048825,1263.4,2.0992e+09
107.3,0.048079,1262.6,2.0996e+09
107.4,0.047346,1261.9,2.1e+09
107.5,0.046626,1261.1,2.1003e+09
107.6,0.045919,1260.3,2.1007e+09
107.7,0.045225,1259.5,2.1011e+09
107.8,0.044543,1258.7,2.1014e+09
107.9,0.043873,1258,2.1018e+09
108,0.043215,1257.2,2.1021e+09
108.1,0.042568,1256.4,2.1025e+09
108.2,0.041933,1255.6,2.1028e+09
108.3,0.041309,1254.9,2.1032e+09
108.4,0.040697,1254.1,2.1035e+09
108.5,0.040095,1253.3,2.1038e+09
108.6,0.039504,1252.5,2.1042e+09
108.7,0.038923,1251.8,2.1045e+09
108.8,0.038353,1251,2.1049e+09
108.9,0.037792,1250.2,2.1052e+09
109,0.037242,1249.4,2.1055e+09
109.1,0.036701,1248.7,2.1058e+09
109.2,0.03617,1247.9,2.1062e+09
109.3,0.035648,1247.1,2.1065e+09
109.4,0.035136,1246.3,2.1068e+09
109.5,0.034633,1245.6,2.1071e+09
109.6,0.034138,1244.8,2.1074e+09
109.7,0.033652,1244,2.1077e+09
109.8,0.033175,1243.3,2.108e+09
109.9,0.032706,1242.5,2.1083e+09
110,0.032246,1241.7,2.1087e+09
110.1,0.031794,1241,2.109e+09
110.2,0.031349,1240.2,2.1093e+09
110.3,0.030913,1239.4,2.1096e+09
110.4,0.030484,1238.7,2.1098e+09
110.5,0.030063,1237.9,2.1101e+09
110.6,0.029649,1237.1,2.1104e+09
110.7,0.029243,1236.4,2.1107e+09
110.8,0.028844,1235.6,2.111e+09
110.9,0.028451,1234.8,2.1113e+09
111,0.028066,1234.1,2.1116e+09
111.1,0.027688,1233.3,2.1119e+09
111.2,0.027316,1232.6,2.1121e+09
111.3,0.026951,1231.8,2.1124e+09
111.4,0.026592,1231,2.1127e+09
111.5,0.026239,1230.3,2.113e+09
111.6,0.025893,1229.5,2.1132e+09
111.7,0.025553,1228.8,2.1135e+09
111.8,0.025219,1228,2.1138e+09
111.9,0.024891,1227.2,2.114e+09
112,0.024568,1226.5,2.1143e+09
112.1,0.024251,1225.7,2.1145e+09
112.2,0.02394,1225,2.1148e+09
112.3,0.023634,1224.2,2.1151e+09
112.4,0.023334,1223.5,2.1153e+09
112.5,0.023039,1222.7,2.1156e+09
112.6,0.022749,1221.9,2.1158e+09
112.7,0.022464,1221.2,2.1161e+09
112.8,0.022184,1220.4,2.1163e+09
112.9,0.021909,1219.7,2.1166e+09
113,0.021639,1218.9,2.1168e+09
113.1,0.021374,1218.2,2.1171e+09
113.2,0.021113,1217.4,2.1173e+09
113.3,0.020857,1216.7,2.1175e+09
113.4,0.020606,1215.9,2.1178e+09
113.5,0.020358,1215.2,2.118e+09
113.6,0.020116,1214.4,2.1182e+09
113.7,0.019877,1213.7,2.1185e+09
113.8,0.019643,1212.9,2.1187e+09
113.9,0.019412,1212.2,2.1189e+09
114,0.019186,1211.4,2.1192e+09
114.1,0.018964,1210.7,2.1194e+09
114.2,0.018745,1209.9,2.1196e+09
114.3,0.018531,1209.2,2.1198e+09
114.4,0.01832,1208.4,2.12e+09
114.5,0.018113,1207.7,2.1203e+09
114.6,0.017909,1206.9,2.1205e+09
114.7,0.017709,1206.2,2.1207e+09
114.8,0.017513,1205.5,2.1209e+09
114.9,0.01732,1204.7,2.1211e+09
115,0.01713,1204,2.1213e+09
115.1,0.016944,1203.2,2.1215e+09
115.2,0.016761,1202.5,2.1218e+09
115.3,0.016581,1201.7,2.122e+09
115.4,0.016404,1201,2.1222e+09
115.5,0.016231,1200.3,2.1224e+09
115.6,0.01606,1199.5,2.1226e+09
115.7,0.015892,1198.8,2.1228e+09
115.8,0.015727,1198,2.123e+09
115.9,0.015565,1197.3,2.1232e+09
116,0.015406,1196.6,2.1234e+09
116.1,0.01525,1195.8,2.1236e+09
116.2,0.015096,1195.1,2.1237e+09
116.3,0.014946,1194.4,2.1239e+09
116.4,0.014797,1193.6,2.1241e+09
116.5,0.014651,1192.9,2.1243e+09
116.6,0.014508,1192.1,2.1245e+09
116.7,0.014368,1191.4,2.1247e+09
116.8,0.014229,1190.7,2.1249e+09
116.9,0.014093,1189.9,2.1251e+09
117,0.01396,1189.2,2.1252e+09
117.1,0.013829,1188.5,2.1254e+09
117.2,0.0137,1187.7,2.1256e+09
117.3,0.013573,1187,2.1258e+09
117.4,0.013448,1186.3,2.126e+09
117.5,0.013326,1185.5,2.1261e+09
117.6,0.013206,1184.8,2.1263e+09
117.7,0.013087,1184.1,2.1265e+09
117.8,0.012971,1183.4,2.1267e+09
117.9,0.012857,1182.6,2.1268e+09
118,0.012745,1181.9,2.127e+09
118.1,0.012634,1181.2,2.1272e+09
118.2,0.012526,1180.4,2.1273e+09
118.3,0.01242,1179.7,2.1275e+09
118.4,0.012315,1179,2.1277e+09
118.5,0.012212,1178.3,2.1278e+09
118.6,0.012111,1177.5,2.128e+09
118.7,0.012011,1176.8,2.1281e+09
118.8,0.011914,1176.1,2.1283e+09
118.9,0.011818,1175.4,2.1285e+09
119,0.011723,1174.6,2.1286e+09
119.1,0.01163,1173.9,2.1288e+09
119.2,0.011539,1173.2,2.1289e+09
119.3,0.01145,1172.5,2.1291e+09
119.4,0.011361,1171.7,2.1292e+09
119.5,0.011275,1171,2.1294e+09
119.6,0.01119,1170.3,2.1295e+09
119.7,0.011106,1169.6,2.1297e+09
119.8,0.011024,1168.9,2.1298e+09
119.9,0.010943,1168.1,2.13e+09
120,0.010863,1167.4,2.1301e+09
120.1,0.010785,1166.7,2.1303e+09
120.2,0.010708,1166,2.1304e+09
120.3,0.010633,1165.3,2.1306e+09
120.4,0.010559,1164.5,2.1307e+09
120.5,0.010486,1163.8,2.1308e+09
120.6,0.010414,1163.1,2.131e+09
120.7,0.010343,1162.4,2.1311e+09
120.8,0.010274,1161.7,2.1313e+09
120.9,0.010206,1161,2.1314e+09
121,0.010139,1160.3,2.1315e+09
121.1,0.010073,1159.5,2.1317e+09
121.2,0.010008,1158.8,2.1318e+09
121.3,0.0099441,1158.1,2.1319e+09
121.4,0.0098814,1157.4,2.1321e+09
121.5,0.0098198,1156.7,2.1322e+09
121.6,0.0097592,1156,2.1323e+09
121.7,0.0096996,1155.3,2.1325e+09
121.8,0.009641,1154.6,2.1326e+09
121.9,0.0095834,1153.8,2.1327e+09
122,0.0095267,1153.1,2.1328e+09
122.1,0.009471,1152.4,2.133e+09
122.2,0.0094162,1151.7,2.1331e+09
122.3,0.0093623,1151,2.1332e+09
122.4,0.0093093,1150.3,2.1333e+09
122.5,0.0092571,1149.6,2.1335e+09
122.6,0.0092059,1148.9,2.1336e+09
122.7,0.0091555,1148.2,2.1337e+09
122.8,0.0091059,1147.5,2.1338e+09
122.9,0.0090571,1146.8,2.1339e+09
123,0.0090091,1146.1,2.1341e+09
123.1,0.0089619,1145.3,2.1342e+09
123.2,0.0089155,1144.6,2.1343e+09
123.3,0.0088698,1143.9,2.1344e+09
123.4,0.0088249,1143.2,2.1345e+09
123.5,0.0087807,1142.5,2.1346e+09
123.6,0.0087373,1141.8,2.1347e+09
123.7,0.0086945,1141.1,2.1348e+09
123.8,0.0086524,1140.4,2.135e+09
123.9,0.0086111,1139.7,2.1351e+09
124,0.0085703,1139,2.1352e+09
124.1,0.0085303,1138.3,2.1353e+09
124.2,0.0084909,1137.6,2.1354e+09
124.3,0.0084521,1136.9,2.1355e+09
124.4,0.0084139,1136.2,2.1356e+09
124.5,0.0083764,1135.5,2.1357e+09
124.6,0.0083394,1134.8,2.1358e+09
124.7,0.0083031,1134.1,2.1359e+09
124.8,0.0082673,1133.4,2.136e+09
124.9,0.0082321,1132.7,2.1361e+09
125,0.0081975,1132,2.1362e+09
125.1,0.0081634,1131.3,2.1363e+09
125.2,0.0081298,1130.6,2.1364e+09
125.3,0.0080968,1130,2.1365e+09
125.4,0.0080643,1129.3,2.1366e+09
125.5,0.0080323,1128.6,2.1367e+09
125.6,0.0080008,1127.9,2.1368e+09
125.7,0.0079698,1127.2,2.1369e+09
125.8,0.0079392,1126.5,2.137e+09
125.9,0.0079092,1125.8,2.1371e+09
126,0.0078796,1125.1,2.1372e+09
126.1,0.0078505,1124.4,2.1373e+09
126.2,0.0078218,1123.7,2.1374e+09
126.3,0.0077936,1123,2.1375e+09
126.4,0.0077658,1122.3,2.1376e+09
126.5,0.0077385,1121.6,2.1377e+09
126.6,0.0077115,1121,2.1377e+09
126.7,0.007685,1120.3,2.1378e+09
126.8,0.0076589,1119.6,2.1379e+09
126.9,0.0076332,1118.9,2.138e+09
127,0.0076078,1118.2,2.1381e+09
127.1,0.0075829,1117.5,2.1382e+09
127.2,0.0075583,1116.8,2.1383e+09
127.3,0.0075341,1116.1,2.1384e+09
127.4,0.0075103,1115.5,2.1384e+09
127.5,0.0074868,1114.8,2.1385e+09
127.6,0.0074637,1114.1,2.1386e+09
127.7,0.0074409,1113.4,2.1387e+09
127.8,0.0074184,1112.7,2.1388e+09
127.9,0.0073963,1112,2.1389e+09
128,0.0073745,1111.4,2.1389e+09
128.1,0.0073531,1110.7,2.139e+09
128.2,0.0073319,1110,2.1391e+09
128.3,0.0073111,1109.3,2.1392e+09
128.4,0.0072905,1108.6,2.1393e+09
128.5,0.0072703,1107.9,2.1393e+09
128.6,0.0072504,1107.3,2.1394e+09
128.7,0.0072307,1106.6,2.1395e+09
128.8,0.0072113,1105.9,2.1396e+09
128.9,0.0071922,1105.2,2.1396e+09
129,0.0071734,1104.5,2.1397e+09
129.1,0.0071549,1103.9,2.1398e+09
129.2,0.0071366,1103.2,2.1399e+09
129.3,0.0071185,1102.5,2.1399e+09
129.4,0.0071008,1101.8,2.14e+09
129.5,0.0070832,1101.2,2.1401e+09
129.6,0.007066,1100.5,2.1402e+09
129.7,0.0070489,1099.8,2.1402e+09
129.8,0.0070321,1099.1,2.1403e+09
129.9,0.0070156,1098.5,2.1404e+09
130,0.0069992,1097.8,2.1405e+09
130.1,0.0069831,1097.1,2.1405e+09
130.2,0.0069672,1096.4,2.1406e+09
130.3,0.0069515,1095.8,2.1407e+09
130.4,0.0069361,1095.1,2.1407e+09
130.5,0.0069208,1094.4,2.1408e+09
130.6,0.0069058,1093.7,2.1409e+09
130.7,0.0068909,1093.1,2.1409e+09
130.8,0.0068763,1092.4,2.141e+09
130.9,0.0068618,1091.7,2.1411e+09
131,0.0068476,1091.1,2.1411e+09
131.1,0.0068335,1090.4,2.1412e+09
131.2,0.0068196,1089.7,2.1413e+09
131.3,0.0068059,1089.1,2.1413e+09
131.4,0.0067924,1088.4,2.1414e+09
131.5,0.006779,1087.7,2.1414e+09
131.6,0.0067658,1087.1,2.1415e+09
131.7,0.0067528,1086.4,2.1416e+09
131.8,0.00674,1085.7,2.1416e+09
131.9,0.0067273,1085.1,2.1417e+09
132,0.0067148,1084.4,2.1418e+09
132.1,0.0067024,1083.7,2.1418e+09
132.2,0.0066902,1083.1,2.1419e+09
132.3,0.0066781,1082.4,2.1419e+09
132.4,0.0066662,1081.7,2.142e+09
132.5,0.0066545,1081.1,2.142e+09
132.6,0.0066428,1080.4,2.1421e+09
132.7,0.0066314,1079.7,2.1422e+09
132.8,0.00662,1079.1,2.1422e+09
132.9,0.0066088,1078.4,2.1423e+09
133,0.0065977,1077.8,2.1423e+09
133.1,0.0065868,1077.1,2.1424e+09
133.2,0.006576,1076.4,2.1424e+09
133.3,0.0065653,1075.8,2.1425e+09
133.4,0.0065548,1075.1,2.1426e+09
133.5,0.0065443,1074.5,2.1426e+09
133.6,0.006534,1073.8,2.1427e+09
133.7,0.0065238,1073.1,2.1427e+09
133.8,0.0065138,1072.5,2.1428e+09
133.9,0.0065038,1071.8,2.1428e+09
134,0.006494,1071.2,2.1429e+09
134.1,0.0064842,1070.5,2.1429e+09
134.2,0.0064746,1069.9,2.143e+09
134.3,0.0064651,1069.2,2.143e+09
134.4,0.0064557,1068.5,2.1431e+09
134.5,0.0064464,1067.9,2.1431e+09
134.6,0.0064371,1067.2,2.1432e+09
134.7,0.006428,1066.6,2.1432e+09
134.8,0.006419,1065.9,2.1433e+09
134.9,0.0064101,1065.3,2.1433e+09
135,0.0064013,1064.6,2.1434e+09
135.1,0.0063925,1064,2.1434e+09
135.2,0.0063839,1063.3,2.1435e+09
135.3,0.0063754,1062.7,2.1435e+09
135.4,0.0063669,1062,2.1436e+09
135.5,0.0063585,1061.4,2.1436e+09
135.6,0.0063502,1060.7,2.1437e+09
135.7,0.006342,1060.1,2.1437e+09
135.8,0.0063339,1059.4,2.1438e+09
135.9,0.0063259,1058.8,2.1438e+09
136,0.0063179,1058.1,2.1438e+09
136.1,0.00631,1057.5,2.1439e+09
136.2,0.0063022,1056.8,2.1439e+09
136.3,0.0062945,1056.2,2.144e+09
136.4,0.0062868,1055.5,2.144e+09
136.5,0.0062792,1054.9,2.1441e+09
136.6,0.0062717,1054.2,2.1441e+09
136.7,0.0062642,1053.6,2.1442e+09
136.8,0.0062569,1053,2.1442e+09
136.9,0.0062495,1052.3,2.1442e+09
137,0.0062423,1051.7,2.1443e+09
137.1,0.0062351,1051,2.1443e+09
137.2,0.006228,1050.4,2.1444e+09
137.3,0.006221,1049.7,2.1444e+09
137.4,0.006214,1049.1,2.1444e+09
137.5,0.006207,1048.4,2.1445e+09
137.6,0.0062002,1047.8,2.1445e+09
137.7,0.0061934,1047.2,2.1446e+09
137.8,0.0061866,1046.5,2.1446e+09
137.9,0.0061799,1045.9,2.1446e+09
138,0.0061733,1045.2,2.1447e+09
138.1,0.0061667,1044.6,2.1447e+09
138.2,0.0061602,1044,2.1448e+09
138.3,0.0061537,1043.3,2.1448e+09
138.4,0.0061473,1042.7,2.1448e+09
138.5,0.0061409,1042,2.1449e+09
138.6,0.0061346,1041.4,2.1449e+09
138.7,0.0061283,1040.8,2.145e+09
138.8,0.0061221,1040.1,2.145e+09
138.9,0.0061159,1039.5,2.145e+09
139,0.0061098,1038.9,2.1451e+09
139.1,0.0061037,1038.2,2.1451e+09
139.2,0.0060976,1037.6,2.1451e+09
139.3,0.0060917,1037,2.1452e+09
139.4,0.0060857,1036.3,2.1452e+09
139.5,0.0060798,1035.7,2.1452e+09
139.6,0.0060739,1035.1,2.1453e+09
139.7,0.0060681,1034.4,2.1453e+09
139.8,0.0060623,1033.8,2.1453e+09
139.9,0.0060566,1033.2,2.1454e+09
140,0.0060509,1032.5,2.1454e+09
140.1,0.0060452,1031.9,2.1454e+09
140.2,0.0060396,1031.3,2.1455e+09
140.3,0.006034,1030.6,2.1455e+09
140.4,0.0060285,1030,2.1455e+09
140.5,0.006023,1029.4,2.1456e+09
140.6,0.0060175,1028.7,2.1456e+09
140.7,0.0060121,1028.1,2.1456e+09
140.8,0.0060067,1027.5,2.1457e+09
140.9,0.0060013,1026.9,2.1457e+09
141,0.005996,1026.2,2.1457e+09
141.1,0.0059907,1025.6,2.1458e+09
141.2,0.0059854,1025,2.1458e+09
141.3,0.0059801,1024.4,2.1458e+09
141.4,0.0059749,1023.7,2.1459e+09
141.5,0.0059698,1023.1,2.1459e+09
141.6,0.0059646,1022.5,2.1459e+09
141.7,0.0059595,1021.8,2.1459e+09
141.8,0.0059544,1021.2,2.146e+09
141.9,0.0059494,1020.6,2.146e+09
142,0.0059443,1020,2.146e+09
142.1,0.0059393,1019.4,2.1461e+09
142.2,0.0059343,1018.7,2.1461e+09
142.3,0.0059294,1018.1,2.1461e+09
142.4,0.0059245,1017.5,2.1462e+09
142.5,0.0059196,1016.9,2.1462e+09
142.6,0.0059147,1016.2,2.1462e+09
142.7,0.0059099,1015.6,2.1462e+09
142.8,0.0059051,1015,2.1463e+09
142.9,0.0059003,1014.4,2.1463e+09
143,0.0058955,1013.8,2.1463e+09
143.1,0.0058907,1013.1,2.1463e+09
143.2,0.005886,1012.5,2.1464e+09
143.3,0.0058813,1011.9,2.1464e+09
143.4,0.0058766,1011.3,2.1464e+09
143.5,0.005872,1010.7,2.1464e+09
143.6,0.0058674,1010.1,2.1465e+09
143.7,0.0058627,1009.4,2.1465e+09
143.8,0.0058582,1008.8,2.1465e+09
143.9,0.0058536,1008.2,2.1466e+09
144,0.005849,1007.6,2.1466e+09
144.1,0.0058445,1007,2.1466e+09
144.2,0.00584,1006.4,2.1466e+09
144.3,0.0058355,1005.7,2.1467e+09
144.4,0.005831,1005.1,2.1467e+09
144.5,0.0058266,1004.5,2.1467e+09
144.6,0.0058222,1003.9,2.1467e+09
144.7,0.0058177,1003.3,2.1467e+09
144.8,0.0058133,1002.7,2.1468e+09
144.9,0.005809,1002.1,2.1468e+09
145,0.0058046,1001.5,2.1468e+09
145.1,0.0058003,1000.8,2.1468e+09
145.2,0.0057959,1000.2,2.1469e+09
145.3,0.0057916,999.62,2.1469e+09
145.4,0.0057873,999.01,2.1469e+09
145.5,0.005783,998.4,2.1469e+09
145.6,0.0057788,997.79,2.147e+09
145.7,0.0057745,997.18,2.147e+09
145.8,0.0057703,996.57,2.147e+09
145.9,0.0057661,995.97,2.147e+09
146,0.0057619,995.36,2.147e+09
146.1,0.0057577,994.75,2.1471e+09
146.2,0.0057535,994.14,2.1471e+09
146.3,0.0057494,993.54,2.1471e+09
146.4,0.0057452,992.93,2.1471e+09
146.5,0.0057411,992.33,2.1472e+09
146.6,0.005737,991.72,2.1472e+09
146.7,0.0057329,991.12,2.1472e+09
146.8,0.0057288,990.51,2.1472e+09
146.9,0.0057247,989.91,2.1472e+09
147,0.0057207,989.3,2.1473e+09
147.1,0.0057166,988.7,2.1473e+09
147.2,0.0057126,988.1,2.1473e+09
147.3,0.0057085,987.49,2.1473e+09
147.4,0.0057045,986.89,2.1473e+09
147.5,0.0057005,986.29,2.1474e+09
147.6,0.0056965,985.69,2.1474e+09
147.7,0.0056926,985.09,2.1474e+09
147.8,0.0056886,984.49,2.1474e+09
147.9,0.0056846,983.89,2.1474e+09
148,0.0056807,983.29,2.1474e+09
148.1,0.0056768,982.69,2.1475e+09
148.2,0.0056728,982.09,2.1475e+09
148.3,0.0056689,981.49,2.1475e+09
148.4,0.005665,980.89,2.1475e+09
148.5,0.0056611,980.29,2.1475e+09
148.6,0.0056573,979.7,2.1476e+09
148.7,0.0056534,979.1,2.1476e+09
148.8,0.0056495,978.5,2.1476e+09
148.9,0.0056457,977.91,2.1476e+09
149,0.0056418,977.31,2.1476e+09
149.1,0.005638,976.71,2.1476e+09
149.2,0.0056342,976.12,2.1477e+09
149.3,0.0056304,975.52,2.1477e+09
149.4,0.0056266,974.93,2.1477e+09
149.5,0.0056228,974.34,2.1477e+09
149.6,0.005619,973.74,2.1477e+09
149.7,0.0056152,973.15,2.1477e+09
149.8,0.0056114,972.56,2.1478e+09
149.9,0.0056077,971.96,2.1478e+09
150,0.0056039,971.37,2.1478e+09
150.1,0.0056002,970.78,2.1478e+09
150.2,0.0055964,970.19,2.1478e+09
150.3,0.0055927,969.6,2.1478e+09
150.4,0.005589,969.01,2.1479e+09
150.5,0.0055853,968.42,2.1479e+09
150.6,0.0055816,967.83,2.1479e+09
150.7,0.0055779,967.24,2.1479e+09
150.8,0.0055742,966.65,2.1479e+09
150.9,0.0055705,966.06,2.1479e+09
151,0.0055668,965.47,2.148e+09
151.1,0.0055632,964.88,2.148e+09
151.2,0.0055595,964.3,2.148e+09
151.3,0.0055559,963.71,2.148e+09
151.4,0.0055522,963.12,2.148e+09
151.5,0.0055486,962.54,2.148e+09
151.6,0.0055449,961.95,2.148e+09
151.7,0.0055413,961.36,2.1481e+09
151.8,0.0055377,960.78,2.1481e+09
151.9,0.0055341,960.19,2.1481e+09
152,0.0055305,959.61,2.1481e+09
152.1,0.0055269,959.03,2.1481e+09
152.2,0.0055233,958.44,2.1481e+09
152.3,0.0055197,957.86,2.1481e+09
152.4,0.0055161,957.28,2.1482e+09
152.5,0.0055126,956.69,2.1482e+09
152.6,0.005509,956.11,2.1482e+09
152.7,0.0055054,955.53,2.1482e+09
152.8,0.0055019,954.95,2.1482e+09
152.9,0.0054983,954.37,2.1482e+09
153,0.0054948,953.79,2.1482e+09
153.1,0.0054912,953.21,2.1482e+09
153.2,0.0054877,952.63,2.1483e+09
153.3,0.0054842,952.05,2.1483e+09
153.4,0.0054807,951.47,2.1483e+09
153.5,0.0054771,950.89,2.1483e+09
153.6,0.0054736,950.31,2.1483e+09
153.7,0.0054701,949.73,2.1483e+09
153.8,0.0054666,949.15,2.1483e+09
153.9,0.0054631,948.58,2.1483e+09
154,0.0054596,948,2.1484e+09
154.1,0.0054561,947.42,2.1484e+09
154.2,0.0054527,946.85,2.1484e+09
154.3,0.0054492,946.27,2.1484e+09
154.4,0.0054457,945.7,2.1484e+09
154.5,0.0054423,945.12,2.1484e+09
154.6,0.0054388,944.55,2.1484e+09
154.7,0.0054353,943.97,2.1484e+09
154.8,0.0054319,943.4,2.1484e+09
154.9,0.0054284,942.82,2.1485e+09
155,0.005425,942.25,2.1485e+09
155.1,0.0054216,941.68,2.1485e+09
155.2,0.0054181,941.11,2.1485e+09
155.3,0.0054147,940.53,2.1485e+09
155.4,0.0054113,939.96,2.1485e+09
155.5,0.0054079,939.39,2.1485e+09
155.6,0.0054045,938.82,2.1485e+09
155.7,0.005401,938.25,2.1485e+09
155.8,0.0053976,937.68,2.1486e+09
155.9,0.0053942,937.11,2.1486e+09
156,0.0053908,936.54,2.1486e+09
156.1,0.0053874,935.97,2.1486e+09
156.2,0.0053841,935.4,2.1486e+09
156.3,0.0053807,934.83,2.1486e+09
156.4,0.0053773,934.27,2.1486e+09
156.5,0.0053739,933.7,2.1486e+09
156.6,0.0053705,933.13,2.1486e+09
156.7,0.0053672,932.56,2.1487e+09
156.8,0.0053638,932,2.1487e+09
156.9,0.0053604,931.43,2.1487e+09
157,0.0053571,930.87,2.1487e+09
157.1,0.0053537,930.3,2.1487e+09
157.2,0.0053504,929.74,2.1487e+09
157.3,0.005347,929.17,2.1487e+09
157.4,0.0053437,928.61,2.1487e+09
157.5,0.0053404,928.04,2.1487e+09
157.6,0.005337,927.48,2.1487e+09
157.7,0.0053337,926.92,2.1487e+09
157.8,0.0053304,926.35,2.1488e+09
157.9,0.005327,925.79,2.1488e+09
158,0.0053237,925.23,2.1488e+09
158.1,0.0053204,924.67,2.1488e+09
158.2,0.0053171,924.1,2.1488e+09
158.3,0.0053138,923.54,2.1488e+09
158.4,0.0053105,922.98,2.1488e+09
158.5,0.0053072,922.42,2.1488e+09
158.6,0.0053039,921.86,2.1488e+09
158.7,0.0053006,921.3,2.1488e+09
158.8,0.0052973,920.74,2.1488e+09
158.9,0.005294,920.18,2.1489e+09
159,0.0052907,919.63,2.1489e+09
159.1,0.0052874,919.07,2.1489e+09
159.2,0.0052842,918.51,2.1489e+09
159.3,0.0052809,917.95,2.1489e+09
159.4,0.0052776,917.4,2.1489e+09
159.5,0.0052743,916.84,2.1489e+09
159.6,0.0052711,916.28,2.1489e+09
159.7,0.0052678,915.73,2.1489e+09
159.8,0.0052645,915.17,2.1489e+09
159.9,0.0052613,914.62,2.1489e+09
160,0.005258,914.06,2.1489e+09
160.1,0.0052548,913.51,2.1489e+09
160.2,0.0052515,912.95,2.149e+09
160.3,0.0052483,912.4,2.149e+09
160.4,0.0052451,911.85,2.149e+09
160.5,0.0052418,911.29,2.149e+09
160.6,0.0052386,910.74,2.149e+09
160.7,0.0052353,910.19,2.149e+09
160.8,0.0052321,909.64,2.149e+09
160.9,0.0052289,909.08,2.149e+09
161,0.0052257,908.53,2.149e+09
161.1,0.0052224,907.98,2.149e+09
161.2,0.0052192,907.43,2.149e+09
161.3,0.005216,906.88,2.149e+09
161.4,0.0052128,906.33,2.149e+09
161.5,0.0052096,905.78,2.1491e+09
161.6,0.0052064,905.23,2.1491e+09
161.7,0.0052032,904.68,2.1491e+09
161.8,0.0052,904.13,2.1491e+09
161.9,0.0051968,903.59,2.1491e+09
162,0.0051936,903.04,2.1491e+09
162.1,0.0051904,902.49,2.1491e+09
162.2,0.0051872,901.94,2.1491e+09
162.3,0.005184,901.4,2.1491e+09
162.4,0.0051808,900.85,2.1491e+09
162.5,0.0051776,900.31,2.1491e+09
162.6,0.0051745,899.76,2.1491e+09
162.7,0.0051713,899.21,2.1491e+09
162.8,0.0051681,898.67,2.1491e+09
162.9,0.0051649,898.13,2.1491e+09
163,0.0051618,897.58,2.1491e+09
163.1,0.0051586,897.04,2.1492e+09
163.2,0.0051554,896.49,2.1492e+09
163.3,0.0051523,895.95,2.1492e+09
163.4,0.0051491,895.41,2.1492e+09
163.5,0.005146,894.87,2.1492e+09
163.6,0.0051428,894.32,2.1492e+09
163.7,0.0051397,893.78,2.1492e+09
163.8,0.0051365,893.24,2.1492e+09
163.9,0.0051334,892.7,2.1492e+09
164,0.0051302,892.16,2.1492e+09
164.1,0.0051271,891.62,2.1492e+09
164.2,0.005124,891.08,2.1492e+09
164.3,0.0051208,890.54,2.1492e+09
164.4,0.0051177,890,2.1492e+09
164.5,0.0051146,889.46,2.1492e+09
164.6,0.0051114,888.92,2.1492e+09
164.7,0.0051083,888.38,2.1492e+09
164.8,0.0051052,887.85,2.1493e+09
164.9,0.0051021,887.31,2.1493e+09
165,0.0050989,886.77,2.1493e+09
165.1,0.0050958,886.23,2.1493e+09
165.2,0.0050927,885.7,2.1493e+09
165.3,0.0050896,885.16,2.1493e+09
165.4,0.0050865,884.63,2.1493e+09
165.5,0.0050834,884.09,2.1493e+09
165.6,0.0050803,883.56,2.1493e+09
165.7,0.0050772,883.02,2.1493e+09
165.8,0.0050741,882.49,2.1493e+09
165.9,0.005071,881.95,2.1493e+09
166,0.0050679,881.42,2.1493e+09
166.1,0.0050648,880.89,2.1493e+09
166.2,0.0050617,880.35,2.1493e+09
166.3,0.0050586,879.82,2.1493e+09
166.4,0.0050555,879.29,2.1493e+09
166.5,0.0050525,878.76,2.1493e+09
166.6,0.0050494,878.22,2.1493e+09
166.7,0.0050463,877.69,2.1494e+09
166.8,0.0050432,877.16,2.1494e+09
166.9,0.0050401,876.63,2.1494e+09
167,0.0050371,876.1,2.1494e+09
167.1,0.005034,875.57,2.1494e+09
167.2,0.0050309,875.04,2.1494e+09
167.3,0.0050279,874.51,2.1494e+09
167.4,0.0050248,873.98,2.1494e+09
167.5,0.0050217,873.45,2.1494e+09
167.6,0.0050187,872.93,2.1494e+09
167.7,0.0050156,872.4,2.1494e+09
167.8,0.0050126,871.87,2.1494e+09
167.9,0.0050095,871.34,2.1494e+09
168,0.0050065,870.82,2.1494e+09
168.1,0.0050034,870.29,2.1494e+09
168.2,0.0050004,869.76,2.1494e+09
168.3,0.0049973,869.24,2.1494e+09
168.4,0.0049943,868.71,2.1494e+09
168.5,0.0049913,868.19,2.1494e+09
168.6,0.0049882,867.66,2.1494e+09
168.7,0.0049852,867.14,2.1494e+09
168.8,0.0049822,866.62,2.1494e+09
168.9,0.0049791,866.09,2.1494e+09
169,0.0049761,865.57,2.1495e+09
169.1,0.0049731,865.05,2.1495e+09
169.2,0.0049701,864.52,2.1495e+09
169.3,0.004967,864,2.1495e+09
169.4,0.004964,863.48,2.1495e+09
169.5,0.004961,862.96,2.1495e+09
169.6,0.004958,862.43,2.1495e+09
169.7,0.004955,861.91,2.1495e+09
169.8,0.004952,861.39,2.1495e+09
169.9,0.004949,860.87,2.1495e+09
170,0.004946,860.35,2.1495e+09
170.1,0.004943,859.83,2.1495e+09
170.2,0.00494,859.31,2.1495e+09
170.3,0.004937,858.79,2.1495e+09
170.4,0.004934,858.28,2.1495e+09
170.5,0.004931,857.76,2.1495e+09
170.6,0.004928,857.24,2.1495e+09
170.7,0.004925,856.72,2.1495e+09
170.8,0.004922,856.2,2.1495e+09
170.9,0.004919,855.69,2.1495e+09
171,0.004916,855.17,2.1495e+09
171.1,0.004913,854.65,2.1495e+09
171.2,0.0049101,854.14,2.1495e+09
171.3,0.0049071,853.62,2.1495e+09
171.4,0.0049041,853.11,2.1495e+09
171.5,0.0049011,852.59,2.1495e+09
171.6,0.0048981,852.08,2.1495e+09
171.7,0.0048952,851.56,2.1496e+09
171.8,0.0048922,851.05,2.1496e+09
171.9,0.0048892,850.54,2.1496e+09
172,0.0048863,850.02,2.1496e+09
172.1,0.0048833,849.51,2.1496e+09
172.2,0.0048804,849,2.1496e+09
172.3,0.0048774,848.49,2.1496e+09
172.4,0.0048744,847.97,2.1496e+09
172.5,0.0048715,847.46,2.1496e+09
172.6,0.0048685,846.95,2.1496e+09
172.7,0.0048656,846.44,2.1496e+09
172.8,0.0048626,845.93,2.1496e+09
172.9,0.0048597,845.42,2.1496e+09
173,0.0048567,844.91,2.1496e+09
173.1,0.0048538,844.4,2.1496e+09
173.2,0.0048509,843.89,2.1496e+09
173.3,0.0048479,843.38,2.1496e+09
173.4,0.004845,842.87,2.1496e+09
173.5,0.0048421,842.36,2.1496e+09
173.6,0.0048391,841.86,2.1496e+09
173.7,0.0048362,841.35,2.1496e+09
173.8,0.0048333,840.84,2.1496e+09
173.9,0.0048303,840.33,2.1496e+09
174,0.0048274,839.83,2.1496e+09
174.1,0.0048245,839.32,2.1496e+09
174.2,0.0048216,838.81,2.1496e+09
174.3,0.0048187,838.31,2.1496e+09
174.4,0.0048157,837.8,2.1496e+09
174.5,0.0048128,837.3,2.1496e+09
174.6,0.0048099,836.79,2.1496e+09
174.7,0.004807,836.29,2.1496e+09
174.8,0.0048041,835.79,2.1496e+09
174.9,0.0048012,835.28,2.1496e+09
175,0.0047983,834.78,2.1496e+09
175.1,0.0047954,834.27,2.1496e+09
175.2,0.0047925,833.77,2.1497e+09
175.3,0.0047896,833.27,2.1497e+09
175.4,0.0047867,832.77,2.1497e+09
175.5,0.0047838,832.27,2.1497e+09
175.6,0.0047809,831.76,2.1497e+09
175.7,0.004778,831.26,2.1497e+09
175.8,0.0047751,830.76,2.1497e+09
175.9,0.0047722,830.26,2.1497e+09
176,0.0047693,829.76,2.1497e+09
176.1,0.0047665,829.26,2.1497e+09
176.2,0.0047636,828.76,2.1497e+09
176.3,0.0047607,828.26,2.1497e+09
176.4,0.0047578,827.76,2.1497e+09
176.5,0.0047549,827.27,2.1497e+09
176.6,0.0047521,826.77,2.1497e+09
176.7,0.0047492,826.27,2.1497e+09
176.8,0.0047463,825.77,2.1497e+09
176.9,0.0047435,825.28,2.1497e+09
177,0.0047406,824.78,2.1497e+09
177.1,0.0047377,824.28,2.1497e+09
177.2,0.0047349,823.79,2.1497e+09
177.3,0.004732,823.29,2.1497e+09
177.4,0.0047291,822.79,2.1497e+09
177.5,0.0047263,822.3,2.1497e+09
177.6,0.0047234,821.8,2.1497e+09
177.7,0.0047206,821.31,2.1497e+09
177.8,0.0047177,820.81,2.1497e+09
177.9,0.0047149,820.32,2.1497e+09
178,0.004712,819.83,2.1497e+09
178.1,0.0047092,819.33,2.1497e+09
178.2,0.0047063,818.84,2.1497e+09
178.3,0.0047035,818.35,2.1497e+09
178.4,0.0047007,817.86,2.1497e+09
178.5,0.0046978,817.36,2.1497e+09
178.6,0.004695,816.87,2.1497e+09
178.7,0.0046922,816.38,2.1497e+09
178.8,0.0046893,815.89,2.1497e+09
178.9,0.0046865,815.4,2.1497e+09
179,0.0046837,814.91,2.1497e+09
179.1,0.0046808,814.42,2.1497e+09
179.2,0.004678,813.93,2.1497e+09
179.3,0.0046752,813.44,2.1497e+09
179.4,0.0046724,812.95,2.1497e+09
179.5,0.0046696,812.46,2.1497e+09
179.6,0.0046667,811.97,2.1497e+09
179.7,0.0046639,811.48,2.1497e+09
179.8,0.0046611,810.99,2.1498e+09
179.9,0.0046583,810.51,2.1498e+09
180,0.0046555,810.02,2.1498e+09
180.1,0.0046527,809.53,2.1498e+09
180.2,0.0046499,809.05,2.1498e+09
180.3,0.0046471,808.56,2.1498e+09
180.4,0.0046443,808.07,2.1498e+09
180.5,0.0046415,807.59,2.1498e+09
180.6,0.0046387,807.1,2.1498e+09
180.7,0.0046359,806.62,2.1498e+09
180.8,0.0046331,806.13,2.1498e+09
180.9,0.0046303,805.65,2.1498e+09
181,0.0046275,805.16,2.1498e+09
181.1,0.0046247,804.68,2.1498e+09
181.2,0.0046219,804.2,2.1498e+09
181.3,0.0046191,803.71,2.1498e+09
181.4,0.0046163,803.23,2.1498e+09
181.5,0.0046136,802.75,2.1498e+09
181.6,0.0046108,802.27,2.1498e+09
181.7,0.004608,801.78,2.1498e+09
181.8,0.0046052,801.3,2.1498e+09
181.9,0.0046024,800.82,2.1498e+09
182,0.0045997,800.34,2.1498e+09
182.1,0.0045969,799.86,2.1498e+09
182.2,0.0045941,799.38,2.1498e+09
182.3,0.0045914,798.9,2.1498e+09
182.4,0.0045886,798.42,2.1498e+09
182.5,0.0045858,797.94,2.1498e+09
182.6,0.0045831,797.46,2.1498e+09
182.7,0.0045803,796.98,2.1498e+09
182.8,0.0045776,796.5,2.1498e+09
182.9,0.0045748,796.02,2.1498e+09
183,0.004572,795.55,2.1498e+09
183.1,0.0045693,795.07,2.1498e+09
183.2,0.0045665,794.59,2.1498e+09
183.3,0.0045638,794.11,2.1498e+09
183.4,0.004561,793.64,2.1498e+09
183.5,0.0045583,793.16,2.1498e+09
183.6,0.0045556,792.68,2.1498e+09
183.7,0.0045528,792.21,2.1498e+09
183.8,0.0045501,791.73,2.1498e+09
183.9,0.0045473,791.26,2.1498e+09
184,0.0045446,790.78,2.1498e+09
184.1,0.0045419,790.31,2.1498e+09
184.2,0.0045391,789.83,2.1498e+09
184.3,0.0045364,789.36,2.1498e+09
184.4,0.0045337,788.89,2.1498e+09
184.5,0.0045309,788.41,2.1498e+09
184.6,0.0045282,787.94,2.1498e+09
184.7,0.0045255,787.47,2.1498e+09
184.8,0.0045228,787,2.1498e+09
184.9,0.00452,786.52,2.1498e+09
185,0.0045173,786.05,2.1498e+09
185.1,0.0045146,785.58,2.1498e+09
185.2,0.0045119,785.11,2.1498e+09
185.3,0.0045092,784.64,2.1498e+09
185.4,0.0045065,784.17,2.1498e+09
185.5,0.0045038,783.7,2.1498e+09
185.6,0.004501,783.23,2.1498e+09
185.7,0.0044983,782.76,2.1498e+09
185.8,0.0044956,782.29,2.1498e+09
185.9,0.0044929,781.82,2.1498e+09
186,0.0044902,781.35,2.1498e+09
186.1,0.0044875,780.88,2.1498e+09
186.2,0.0044848,780.41,2.1498e+09
186.3,0.0044821,779.95,2.1498e+09
186.4,0.0044794,779.48,2.1498e+09
186.5,0.0044767,779.01,2.1498e+09
186.6,0.0044741,778.54,2.1498e+09
186.7,0.0044714,778.08,2.1499e+09
186.8,0.0044687,777.61,2.1499e+09
186.9,0.004466,777.15,2.1499e+09
187,0.0044633,776.68,2.1499e+09
187.1,0.0044606,776.21,2.1499e+09
187.2,0.0044579,775.75,2.1499e+09
187.3,0.0044553,775.28,2.1499e+09
187.4,0.0044526,774.82,2.1499e+09
187.5,0.0044499,774.36,2.1499e+09
187.6,0.0044472,773.89,2.1499e+09
187.7,0.0044446,773.43,2.1499e+09
187.8,0.0044419,772.97,2.1499e+09
187.9,0.0044392,772.5,2.1499e+09
188,0.0044366,772.04,2.1499e+09
188.1,0.0044339,771.58,2.1499e+09
188.2,0.0044312,771.12,2.1499e+09
188.3,0.0044286,770.65,2.1499e+09
188.4,0.0044259,770.19,2.1499e+09
188.5,0.0044233,769.73,2.1499e+09
188.6,0.0044206,769.27,2.1499e+09
188.7,0.0044179,768.81,2.1499e+09
188.8,0.0044153,768.35,2.1499e+09
188.9,0.0044126,767.89,2.1499e+09
189,0.00441,767.43,2.1499e+09
189.1,0.0044073,766.97,2.1499e+09
189.2,0.0044047,766.51,2.1499e+09
189.3,0.0044021,766.05,2.1499e+09
189.4,0.0043994,765.59,2.1499e+09
189.5,0.0043968,765.14,2.1499e+09
189.6,0.0043941,764.68,2.1499e+09
189.7,0.0043915,764.22,2.1499e+09
189.8,0.0043889,763.76,2.1499e+09
189.9,0.0043862,763.31,2.1499e+09
190,0.0043836,762.85,2.1499e+09
190.1,0.004381,762.39,2.1499e+09
190.2,0.0043783,761.94,2.1499e+09
190.3,0.0043757,761.48,2.1499e+09
190.4,0.0043731,761.02,2.1499e+09
190.5,0.0043705,760.57,2.1499e+09
190.6,0.0043678,760.11,2.1499e+09
190.7,0.0043652,759.66,2.1499e+09
190.8,0.0043626,759.21,2.1499e+09
190.9,0.00436,758.75,2.1499e+09
191,0.0043574,758.3,2.1499e+09
191.1,0.0043548,757.84,2.1499e+09
191.2,0.0043521,757.39,2.1499e+09
191.3,0.0043495,756.94,2.1499e+09
191.4,0.0043469,756.49,2.1499e+09
191.5,0.0043443,756.03,2.1499e+09
191.6,0.0043417,755.58,2.1499e+09
191.7,0.0043391,755.13,2.1499e+09
191.8,0.0043365,754.68,2.1499e+09
191.9,0.0043339,754.23,2.1499e+09
192,0.0043313,753.78,2.1499e+09
192.1,0.0043287,753.33,2.1499e+09
192.2,0.0043261,752.88,2.1499e+09
192.3,0.0043235,752.43,2.1499e+09
192.4,0.0043209,751.98,2.1499e+09
192.5,0.0043183,751.53,2.1499e+09
192.6,0.0043158,751.08,2.1499e+09
192.7,0.0043132,750.63,2.1499e+09
192.8,0.0043106,750.18,2.1499e+09
192.9,0.004308,749.73,2.1499e+09
193,0.0043054,749.28,2.1499e+09
193.1,0.0043028,748.84,2.1499e+09
193.2,0.0043003,748.39,2.1499e+09
193.3,0.0042977,747.94,2.1499e+09
193.4,0.0042951,747.5,2.1499e+09
193.5,0.0042925,747.05,2.1499e+09
193.6,0.00429,746.6,2.1499e+09
193.7,0.0042874,746.16,2.1499e+09
193.8,0.0042848,745.71,2.1499e+09
193.9,0.0042823,745.27,2.1499e+09
194,0.0042797,744.82,2.1499e+09
194.1,0.0042771,744.38,2.1499e+09
194.2,0.0042746,743.93,2.1499e+09
194.3,0.004272,743.49,2.1499e+09
194.4,0.0042695,743.04,2.1499e+09
194.5,0.0042669,742.6,2.1499e+09
194.6,0.0042644,742.16,2.1499e+09
194.7,0.0042618,741.71,2.1499e+09
194.8,0.0042592,741.27,2.1499e+09
194.9,0.0042567,740.83,2.1499e+09
195,0.0042541,740.39,2.1499e+09
195.1,0.0042516,739.94,2.1499e+09
195.2,0.0042491,739.5,2.1499e+09
195.3,0.0042465,739.06,2.1499e+09
195.4,0.004244,738.62,2.1499e+09
195.5,0.0042414,738.18,2.1499e+09
195.6,0.0042389,737.74,2.1499e+09
195.7,0.0042364,737.3,2.1499e+09
195.8,0.0042338,736.86,2.1499e+09
195.9,0.0042313,736.42,2.1499e+09
196,0.0042288,735.98,2.1499e+09
196.1,0.0042262,735.54,2.1499e+09
196.2,0.0042237,735.1,2.1499e+09
196.3,0.0042212,734.66,2.1499e+09
196.4,0.0042187,734.23,2.1499e+09
196.5,0.0042161,733.79,2.1499e+09
196.6,0.0042136,733.35,2.1499e+09
196.7,0.0042111,732.91,2.1499e+09
196.8,0.0042086,732.48,2.1499e+09
196.9,0.0042061,732.04,2.1499e+09
197,0.0042035,731.6,2.1499e+09
197.1,0.004201,731.17,2.1499e+09
197.2,0.0041985,730.73,2.1499e+09
197.3,0.004196,730.3,2.1499e+09
197.4,0.0041935,729.86,2.1499e+09
197.5,0.004191,729.43,2.1499e+09
197.6,0.0041885,728.99,2.1499e+09
197.7,0.004186,728.56,2.1499e+09
197.8,0.0041835,728.12,2.1499e+09
197.9,0.004181,727.69,2.1499e+09
198,0.0041785,727.25,2.1499e+09
198.1,0.004176,726.82,2.1499e+09
198.2,0.0041735,726.39,2.1499e+09
198.3,0.004171,725.96,2.1499e+09
198.4,0.0041685,725.52,2.1499e+09
198.5,0.004166,725.09,2.1499e+09
198.6,0.0041635,724.66,2.1499e+09
198.7,0.004161,724.23,2.1499e+09
198.8,0.0041585,723.8,2.1499e+09
198.9,0.0041561,723.36,2.1499e+09
199,0.0041536,722.93,2.1499e+09
199.1,0.0041511,722.5,2.1499e+09
199.2,0.0041486,722.07,2.1499e+09
199.3,0.0041461,721.64,2.1499e+09
199.4,0.0041437,721.21,2.1499e+09
199.5,0.0041412,720.78,2.1499e+09
199.6,0.0041387,720.36,2.1499e+09
199.7,0.0041362,719.93,2.1499e+09
199.8,0.0041338,719.5,2.1499e+09
199.9,0.0041313,719.07,2.1499e+09
200,0.0041288,718.64,2.1499e+09
