0,2e+06,1000,1e+06
0.1,1.9643e+06,1004.5,1.154e+06
0.2,1.9293e+06,1009,1.3858e+06
0.3,1.8948e+06,1013.3,1.7691e+06
0.4,1.861e+06,1017.6,2.4007e+06
0.5,1.8278e+06,1021.7,3.2567e+06
0.6,1.7952e+06,1025.8,4.3925e+06
0.7,1.7632e+06,1029.8,5.8816e+06
0.8,1.7317e+06,1033.7,7.8055e+06
0.9,1.7008e+06,1037.6,1.0248e+07
1,1.6705e+06,1041.3,1.329e+07
1.1,1.6407e+06,1045,1.6998e+07
1.2,1.6114e+06,1048.6,2.1419e+07
1.3,1.5827e+06,1052.1,2.6577e+07
1.4,1.5544e+06,1055.5,3.2469e+07
1.5,1.5267e+06,1058.9,3.9071e+07
1.6,1.4995e+06,1062.1,4.6342e+07
1.7,1.4727e+06,1065.3,5.4231e+07
1.8,1.4464e+06,1068.5,6.2679e+07
1.9,1.4206e+06,1071.6,7.1628e+07
2,1.3953e+06,1074.6,8.102e+07
2.1,1.3704e+06,1077.5,9.0802e+07
2.2,1.3459e+06,1080.4,1.0092e+08
2.3,1.3219e+06,1083.2,1.1134e+08
2.4,1.2983e+06,1085.9,1.2201e+08
2.5,1.2752e+06,1088.6,1.3291e+08
2.6,1.2524e+06,1091.2,1.4399e+08
2.7,1.2301e+06,1093.8,1.5523e+08
2.8,1.2081e+06,1096.3,1.6661e+08
2.9,1.1866e+06,1098.7,1.7811e+08
3,1.1654e+06,1101.1,1.897e+08
3.1,1.1446e+06,1103.4,2.0138e+08
3.2,1.1242e+06,1105.7,2.1311e+08
3.3,1.1041e+06,1107.9,2.249e+08
3.4,1.0844e+06,1110.1,2.3673e+08
3.5,1.0651e+06,1112.2,2.486e+08
3.6,1.0461e+06,1114.2,2.6048e+08
3.7,1.0274e+06,1116.2,2.7237e+08
3.8,1.0091e+06,1118.2,2.8427e+08
3.9,9.9109e+05,1120.1,2.9617e+08
4,9.734e+05,1122,3.0806e+08
4.1,9.5604e+05,1123.8,3.1994e+08
4.2,9.3898e+05,1125.6,3.318e+08
4.3,9.2223e+05,1127.3,3.4364e+08
4.4,9.0577e+05,1129,3.5545e+08
4.5,8.8961e+05,1130.6,3.6724e+08
4.6,8.7374e+05,1132.2,3.7899e+08
4.7,8.5815e+05,1133.8,3.907e+08
4.8,8.4284e+05,1135.3,4.0238e+08
4.9,8.278e+05,1136.8,4.1402e+08
5,8.1303e+05,1138.2,4.2562e+08
5.1,7.9853e+05,1139.6,4.3717e+08
5.2,7.8428e+05,1140.9,4.4867e+08
5.3,7.7029e+05,1142.3,4.6013e+08
5.4,7.5655e+05,1143.5,4.7153e+08
5.5,7.4305e+05,1144.8,4.8289e+08
5.6,7.2979e+05,1146,4.9419e+08
5.7,7.1677e+05,1147.2,5.0544e+08
5.8,7.0398e+05,1148.3,5.1664e+08
5.9,6.9142e+05,1149.4,5.2778e+08
6,6.7909e+05,1150.5,5.3887e+08
6.1,6.6697e+05,1151.5,5.499e+08
6.2,6.5507e+05,1152.5,5.6087e+08
6.3,6.4338e+05,1153.5,5.7178e+08
6.4,6.319e+05,1154.5,5.8264e+08
6.5,6.2063e+05,1155.4,5.9343e+08
6.6,6.0956e+05,1156.3,6.0417e+08
6.7,5.9868e+05,1157.1,6.1485e+08
6.8,5.88e+05,1158,6.2547e+08
6.9,5.7751e+05,1158.8,6.3602e+08
7,5.672e+05,1159.5,6.4652e+08
7.1,5.5709e+05,1160.3,6.5696e+08
7.2,5.4715e+05,1161,6.6733e+08
7.3,5.3738e+05,1161.7,6.7765e+08
7.4,5.278e+05,1162.4,6.879e+08
7.5,5.1838e+05,1163,6.9809e+08
7.6,5.0913e+05,1163.6,7.0822e+08
7.7,5.0005e+05,1164.2,7.1829e+08
7.8,4.9113e+05,1164.8,7.283e+08
7.9,4.8236e+05,1165.3,7.3825e+08
8,4.7376e+05,1165.9,7.4814e+08
8.1,4.653e+05,1166.4,7.5796e+08
8.2,4.57e+05,1166.9,7.6772e+08
8.3,4.4885e+05,1167.3,7.7743e+08
8.4,4.4084e+05,1167.7,7.8707e+08
8.5,4.3298e+05,1168.2,7.9665e+08
8.6,4.2525e+05,1168.6,8.0617e+08
8.7,4.1766e+05,1168.9,8.1563e+08
8.8,4.1021e+05,1169.3,8.2503e+08
8.9,4.0289e+05,1169.6,8.3437e+08
9,3.957e+05,1169.9,8.4365e+08
9.1,3.8864e+05,1170.2,8.5287e+08
9.2,3.8171e+05,1170.5,8.6203e+08
9.3,3.749e+05,1170.8,8.7113e+08
9.4,3.6821e+05,1171,8.8017e+08
9.5,3.6164e+05,1171.3,8.8915e+08
9.6,3.5519e+05,1171.5,8.9808e+08
9.7,3.4885e+05,1171.7,9.0694e+08
9.8,3.4263e+05,1171.8,9.1575e+08
9.9,3.3652e+05,1172,9.245e+08
10,3.3051e+05,1172.1,9.3319e+08
10.1,3.2462e+05,1172.3,9.4182e+08
10.2,3.1882e+05,1172.4,9.504e+08
10.3,3.1314e+05,1172.5,9.5891e+08
10.4,3.0755e+05,1172.6,9.6738e+08
10.5,3.0206e+05,1172.6,9.7578e+08
10.6,2.9667e+05,1172.7,9.8413e+08
10.7,2.9138e+05,1172.7,9.9242e+08
10.8,2.8618e+05,1172.8,1.0007e+09
10.9,2.8107e+05,1172.8,1.0088e+09
11,2.7606e+05,1172.8,1.017e+09
11.1,2.7113e+05,1172.8,1.025e+09
11.2,2.663e+05,1172.7,1.0331e+09
11.3,2.6155e+05,1172.7,1.041e+09
11.4,2.5688e+05,1172.7,1.0489e+09
11.5,2.523e+05,1172.6,1.0568e+09
11.6,2.4779e+05,1172.5,1.0646e+09
11.7,2.4337e+05,1172.4,1.0723e+09
11.8,2.3903e+05,1172.3,1.08e+09
11.9,2.3477e+05,1172.2,1.0877e+09
12,2.3058e+05,1172.1,1.0953e+09
12.1,2.2646e+05,1172,1.1028e+09
12.2,2.2242e+05,1171.9,1.1103e+09
12.3,2.1846e+05,1171.7,1.1177e+09
12.4,2.1456e+05,1171.6,1.1251e+09
12.5,2.1073e+05,1171.4,1.1325e+09
12.6,2.0697e+05,1171.2,1.1397e+09
12.7,2.0328e+05,1171,1.147e+09
12.8,1.9965e+05,1170.8,1.1542e+09
12.9,1.9609e+05,1170.6,1.1613e+09
13,1.9259e+05,1170.4,1.1684e+09
13.1,1.8915e+05,1170.2,1.1754e+09
13.2,1.8578e+05,1169.9,1.1824e+09
13.3,1.8246e+05,1169.7,1.1893e+09
13.4,1.7921e+05,1169.4,1.1962e+09
13.5,1.7601e+05,1169.2,1.2031e+09
13.6,1.7287e+05,1168.9,1.2099e+09
13.7,1.6979e+05,1168.6,1.2166e+09
13.8,1.6676e+05,1168.4,1.2233e+09
13.9,1.6378e+05,1168.1,1.23e+09
14,1.6086e+05,1167.8,1.2366e+09
14.1,1.5799e+05,1167.5,1.2431e+09
14.2,1.5517e+05,1167.2,1.2496e+09
14.3,1.524e+05,1166.8,1.2561e+09
14.4,1.4968e+05,1166.5,1.2625e+09
14.5,1.4701e+05,1166.2,1.2689e+09
14.6,1.4439e+05,1165.8,1.2753e+09
14.7,1.4181e+05,1165.5,1.2815e+09
14.8,1.3928e+05,1165.1,1.2878e+09
14.9,1.368e+05,1164.8,1.294e+09
15,1.3436e+05,1164.4,1.3002e+09
15.1,1.3196e+05,1164,1.3063e+09
15.2,1.2961e+05,1163.7,1.3123e+09
15.3,1.2729e+05,1163.3,1.3184e+09
15.4,1.2502e+05,1162.9,1.3244e+09
15.5,1.2279e+05,1162.5,1.3303e+09
15.6,1.206e+05,1162.1,1.3362e+09
15.7,1.1845e+05,1161.7,1.3421e+09
15.8,1.1634e+05,1161.3,1.3479e+09
15.9,1.1426e+05,1160.9,1.3537e+09
16,1.1222e+05,1160.5,1.3594e+09
16.1,1.1022e+05,1160,1.3651e+09
16.2,1.0825e+05,1159.6,1.3708e+09
16.3,1.0632e+05,1159.2,1.3764e+09
16.4,1.0443e+05,1158.7,1.382e+09
16.5,1.0256e+05,1158.3,1.3875e+09
16.6,1.0073e+05,1157.8,1.393e+09
16.7,98936,1157.4,1.3985e+09
16.8,97170,1156.9,1.4039e+09
16.9,95437,1156.5,1.4093e+09
17,93734,1156,1.4146e+09
17.1,92062,1155.5,1.4199e+09
17.2,90419,1155,1.4252e+09
17.3,88806,1154.6,1.4304e+09
17.4,87221,1154.1,1.4356e+09
17.5,85665,1153.6,1.4408e+09
17.6,84137,1153.1,1.4459e+09
17.7,82636,1152.6,1.451e+09
17.8,81161,1152.1,1.4561e+09
17.9,79713,1151.6,1.4611e+09
18,78291,1151.1,1.466e+09
18.1,76894,1150.6,1.471e+09
18.2,75522,1150.1,1.4759e+09
18.3,74175,1149.6,1.4808e+09
18.4,72852,1149.1,1.4856e+09
18.5,71552,1148.6,1.4904e+09
18.6,70275,1148,1.4952e+09
18.7,69021,1147.5,1.4999e+09
18.8,67790,1147,1.5046e+09
18.9,66580,1146.4,1.5093e+09
19,65393,1145.9,1.5139e+09
19.1,64226,1145.4,1.5185e+09
19.2,63080,1144.8,1.5231e+09
19.3,61955,1144.3,1.5276e+09
19.4,60849,1143.8,1.5321e+09
19.5,59764,1143.2,1.5366e+09
19.6,58697,1142.7,1.541e+09
19.7,57650,1142.1,1.5454e+09
19.8,56621,1141.5,1.5498e+09
19.9,55611,1141,1.5542e+09
20,54619,1140.4,1.5585e+09
20.1,53645,1139.9,1.5628e+09
20.2,52687,1139.3,1.567e+09
20.3,51747,1138.7,1.5712e+09
20.4,50824,1138.2,1.5754e+09
20.5,49917,1137.6,1.5796e+09
20.6,49027,1137,1.5837e+09
20.7,48152,1136.5,1.5878e+09
20.8,47293,1135.9,1.5919e+09
20.9,46449,1135.3,1.5959e+09
21,45620,1134.7,1.6e+09
21.1,44807,1134.2,1.6039e+09
21.2,44007,1133.6,1.6079e+09
21.3,43222,1133,1.6118e+09
21.4,42451,1132.4,1.6157e+09
21.5,41693,1131.8,1.6196e+09
21.6,40950,1131.2,1.6234e+09
21.7,40219,1130.6,1.6273e+09
21.8,39501,1130,1.6311e+09
21.9,38797,1129.5,1.6348e+09
22,38104,1128.9,1.6386e+09
22.1,37425,1128.3,1.6423e+09
22.2,36757,1127.7,1.6459e+09
22.3,36101,1127.1,1.6496e+09
22.4,35457,1126.5,1.6532e+09
22.5,34824,1125.9,1.6568e+09
22.6,34203,1125.3,1.6604e+09
22.7,33593,1124.7,1.664e+09
22.8,32993,1124.1,1.6675e+09
22.9,32405,1123.5,1.671e+09
23,31827,1122.8,1.6745e+09
23.1,31259,1122.2,1.6779e+09
23.2,30701,1121.6,1.6813e+09
23.3,30153,1121,1.6847e+09
23.4,29615,1120.4,1.6881e+09
23.5,29087,1119.8,1.6915e+09
23.6,28568,1119.2,1.6948e+09
23.7,28058,1118.6,1.6981e+09
23.8,27558,1118,1.7014e+09
23.9,27066,1117.3,1.7046e+09
24,26583,1116.7,1.7079e+09
24.1,26109,1116.1,1.7111e+09
24.2,25643,1115.5,1.7143e+09
24.3,25186,1114.9,1.7174e+09
24.4,24736,1114.2,1.7206e+09
24.5,24295,1113.6,1.7237e+09
24.6,23861,1113,1.7268e+09
24.7,23436,1112.4,1.7299e+09
24.8,23018,1111.8,1.7329e+09
24.9,22607,1111.1,1.7359e+09
25,22204,1110.5,1.739e+09
25.1,21807,1109.9,1.7419e+09
25.2,21418,1109.3,1.7449e+09
25.3,21036,1108.6,1.7478e+09
25.4,20661,1108,1.7508e+09
25.5,20292,1107.4,1.7537e+09
25.6,19930,1106.7,1.7565e+09
25.7,19575,1106.1,1.7594e+09
25.8,19225,1105.5,1.7622e+09
25.9,18882,1104.9,1.7651e+09
26,18545,1104.2,1.7679e+09
26.1,18215,1103.6,1.7706e+09
26.2,17890,1103,1.7734e+09
26.3,17570,1102.3,1.7761e+09
26.4,17257,1101.7,1.7788e+09
26.5,16949,1101.1,1.7815e+09
26.6,16647,1100.4,1.7842e+09
26.7,16350,1099.8,1.7869e+09
26.8,16058,1099.2,1.7895e+09
26.9,15771,1098.5,1.7921e+09
27,15490,1097.9,1.7947e+09
27.1,15214,1097.3,1.7973e+09
27.2,14942,1096.6,1.7999e+09
27.3,14676,1096,1.8024e+09
27.4,14414,1095.4,1.805e+09
27.5,14157,1094.7,1.8075e+09
27.6,13904,1094.1,1.81e+09
27.7,13656,1093.5,1.8124e+09
27.8,13412,1092.8,1.8149e+09
27.9,13173,1092.2,1.8173e+09
28,12938,1091.6,1.8197e+09
28.1,12707,1090.9,1.8222e+09
28.2,12481,1090.3,1.8245e+09
28.3,12258,1089.7,1.8269e+09
28.4,12039,1089,1.8293e+09
28.5,11824,1088.4,1.8316e+09
28.6,11613,1087.7,1.8339e+09
28.7,11406,1087.1,1.8362e+09
28.8,11203,1086.5,1.8385e+09
28.9,11003,1085.8,1.8408e+09
29,10807,1085.2,1.843e+09
29.1,10614,1084.6,1.8452e+09
29.2,10424,1083.9,1.8475e+09
29.3,10238,1083.3,1.8497e+09
29.4,10056,1082.6,1.8518e+09
29.5,9876.3,1082,1.854e+09
29.6,9700.1,1081.4,1.8562e+09
29.7,9527,1080.7,1.8583e+09
29.8,9357,1080.1,1.8604e+09
29.9,9190.1,1079.4,1.8625e+09
30,9026.1,1078.8,1.8646e+09
30.1,8865.1,1078.2,1.8667e+09
30.2,8706.9,1077.5,1.8688e+09
30.3,8551.6,1076.9,1.8708e+09
30.4,8399,1076.3,1.8728e+09
30.5,8249.2,1075.6,1.8749e+09
30.6,8102,1075,1.8769e+09
30.7,7957.4,1074.3,1.8788e+09
30.8,7815.4,1073.7,1.8808e+09
30.9,7676,1073.1,1.8828e+09
31,7539.1,1072.4,1.8847e+09
31.1,7404.6,1071.8,1.8867e+09
31.2,7272.4,1071.2,1.8886e+09
31.3,7142.7,1070.5,1.8905e+09
31.4,7015.3,1069.9,1.8924e+09
31.5,6890.1,1069.2,1.8942e+09
31.6,6767.2,1068.6,1.8961e+09
31.7,6646.4,1068,1.898e+09
31.8,6527.8,1067.3,1.8998e+09
31.9,6411.4,1066.7,1.9016e+09
32,6297,1066.1,1.9034e+09
32.1,6184.6,1065.4,1.9052e+09
32.2,6074.3,1064.8,1.907e+09
32.3,5965.9,1064.1,1.9088e+09
32.4,5859.5,1063.5,1.9105e+09
32.5,5754.9,1062.9,1.9123e+09
32.6,5652.3,1062.2,1.914e+09
32.7,5551.4,1061.6,1.9157e+09
32.8,5452.4,1061,1.9174e+09
32.9,5355.1,1060.3,1.9191e+09
33,5259.6,1059.7,1.9208e+09
33.1,5165.7,1059.1,1.9225e+09
33.2,5073.5,1058.4,1.9241e+09
33.3,4983,1057.8,1.9258e+09
33.4,4894.1,1057.1,1.9274e+09
33.5,4806.8,1056.5,1.929e+09
33.6,4721,1055.9,1.9306e+09
33.7,4636.8,1055.2,1.9322e+09
33.8,4554.1,1054.6,1.9338e+09
33.9,4472.8,1054,1.9354e+09
34,4393,1053.3,1.937e+09
34.1,4314.7,1052.7,1.9385e+09
34.2,4237.7,1052.1,1.94e+09
34.3,4162.1,1051.4,1.9416e+09
34.4,4087.8,1050.8,1.9431e+09
34.5,4014.9,1050.2,1.9446e+09
34.6,3943.2,1049.5,1.9461e+09
34.7,3872.9,1048.9,1.9476e+09
34.8,3803.8,1048.3,1.9491e+09
34.9,3735.9,1047.6,1.9505e+09
35,3669.3,1047,1.952e+09
35.1,3603.8,1046.4,1.9534e+09
35.2,3539.5,1045.8,1.9549e+09
35.3,3476.4,1045.1,1.9563e+09
35.4,3414.3,1044.5,1.9577e+09
35.5,3353.4,1043.9,1.9591e+09
35.6,3293.6,1043.2,1.9605e+09
35.7,3234.8,1042.6,1.9619e+09
35.8,3177.1,1042,1.9632e+09
35.9,3120.4,1041.3,1.9646e+09
36,3064.8,1040.7,1.9659e+09
36.1,3010.1,1040.1,1.9673e+09
36.2,2956.4,1039.5,1.9686e+09
36.3,2903.6,1038.8,1.9699e+09
36.4,2851.8,1038.2,1.9713e+09
36.5,2800.9,1037.6,1.9726e+09
36.6,2751,1036.9,1.9738e+09
36.7,2701.9,1036.3,1.9751e+09
36.8,2653.7,1035.7,1.9764e+09
36.9,2606.3,1035.1,1.9777e+09
37,2559.8,1034.4,1.9789e+09
37.1,2514.2,1033.8,1.9802e+09
37.2,2469.3,1033.2,1.9814e+09
37.3,2425.3,1032.6,1.9826e+09
37.4,2382,1031.9,1.9839e+09
37.5,2339.5,1031.3,1.9851e+09
37.6,2297.7,1030.7,1.9863e+09
37.7,2256.7,1030.1,1.9875e+09
37.8,2216.5,1029.4,1.9887e+09
37.9,2176.9,1028.8,1.9898e+09
38,2138.1,1028.2,1.991e+09
38.1,2100,1027.6,1.9922e+09
38.2,2062.5,1026.9,1.9933e+09
38.3,2025.7,1026.3,1.9944e+09
38.4,1989.5,1025.7,1.9956e+09
38.5,1954.1,1025.1,1.9967e+09
38.6,1919.2,1024.5,1.9978e+09
38.7,1884.9,1023.8,1.9989e+09
38.8,1851.3,1023.2,2e+09
38.9,1818.3,1022.6,2.0011e+09
39,1785.8,1022,2.0022e+09
39.1,1754,1021.4,2.0033e+09
39.2,1722.7,1020.7,2.0044e+09
39.3,1692,1020.1,2.0054e+09
39.4,1661.8,1019.5,2.0065e+09
39.5,1632.1,1018.9,2.0075e+09
39.6,1603,1018.3,2.0086e+09
39.7,1574.4,1017.6,2.0096e+09
39.8,1546.3,1017,2.0106e+09
39.9,1518.7,1016.4,2.0116e+09
40,1491.6,1015.8,2.0126e+09
40.1,1465,1015.2,2.0136e+09
40.2,1438.9,1014.6,2.0146e+09
40.3,1413.2,1013.9,2.0156e+09
40.4,1388,1013.3,2.0166e+09
40.5,1363.2,1012.7,2.0176e+09
40.6,1338.9,1012.1,2.0185e+09
40.7,1315,1011.5,2.0195e+09
40.8,1291.6,1010.9,2.0205e+09
40.9,1268.5,1010.3,2.0214e+09
41,1245.9,1009.6,2.0223e+09
41.1,1223.7,1009,2.0233e+09
41.2,1201.8,1008.4,2.0242e+09
41.3,1180.4,1007.8,2.0251e+09
41.4,1159.3,1007.2,2.026e+09
41.5,1138.6,1006.6,2.0269e+09
41.6,1118.3,1006,2.0278e+09
41.7,1098.4,1005.4,2.0287e+09
41.8,1078.8,1004.7,2.0296e+09
41.9,1059.5,1004.1,2.0305e+09
42,1040.6,1003.5,2.0313e+09
42.1,1022.1,1002.9,2.0322e+09
42.2,1003.8,1002.3,2.0331e+09
42.3,985.91,1001.7,2.0339e+09
42.4,968.32,1001.1,2.0348e+09
42.5,951.04,1000.5,2.0356e+09
42.6,934.07,999.86,2.0364e+09
42.7,917.41,999.26,2.0373e+09
42.8,901.04,998.65,2.0381e+09
42.9,884.97,998.04,2.0389e+09
43,869.18,997.44,2.0397e+09
43.1,853.67,996.83,2.0405e+09
43.2,838.44,996.22,2.0413e+09
43.3,823.48,995.62,2.0421e+09
43.4,808.79,995.01,2.0429e+09
43.5,794.36,994.41,2.0437e+09
43.6,780.19,993.8,2.0445e+09
43.7,766.27,993.2,2.0452e+09
43.8,752.59,992.59,2.046e+09
43.9,739.17,991.99,2.0468e+09
44,725.98,991.39,2.0475e+09
44.1,713.03,990.78,2.0483e+09
44.2,700.31,990.18,2.049e+09
44.3,687.81,989.58,2.0497e+09
44.4,675.54,988.98,2.0505e+09
44.5,663.49,988.38,2.0512e+09
44.6,651.65,987.78,2.0519e+09
44.7,640.02,987.18,2.0526e+09
44.8,628.6,986.57,2.0533e+09
44.9,617.39,985.97,2.054e+09
45,606.37,985.38,2.0547e+09
45.1,595.56,984.78,2.0554e+09
45.2,584.93,984.18,2.0561e+09
45.3,574.49,983.58,2.0568e+09
45.4,564.24,982.98,2.0575e+09
45.5,554.18,982.38,2.0582e+09
45.6,544.29,981.79,2.0588e+09
45.7,534.58,981.19,2.0595e+09
45.8,525.04,980.59,2.0602e+09
45.9,515.67,979.99,2.0608e+09
46,506.47,979.4,2.0615e+09
46.1,497.44,978.8,2.0621e+09
46.2,488.56,978.21,2.0628e+09
46.3,479.85,977.61,2.0634e+09
46.4,471.29,977.02,2.064e+09
46.5,462.88,976.42,2.0647e+09
46.6,454.62,975.83,2.0653e+09
46.7,446.51,975.24,2.0659e+09
46.8,438.54,974.64,2.0665e+09
46.9,430.72,974.05,2.0671e+09
47,423.03,973.46,2.0677e+09
47.1,415.49,972.87,2.0683e+09
47.2,408.07,972.28,2.0689e+09
47.3,400.79,971.68,2.0695e+09
47.4,393.64,971.09,2.0701e+09
47.5,386.62,970.5,2.0707e+09
47.6,379.72,969.91,2.0713e+09
47.7,372.95,969.32,2.0718e+09
47.8,366.29,968.73,2.0724e+09
47.9,359.76,968.14,2.073e+09
48,353.34,967.56,2.0735e+09
48.1,347.03,966.97,2.0741e+09
48.2,340.84,966.38,2.0746e+09
48.3,334.76,965.79,2.0752e+09
48.4,328.79,965.2,2.0757e+09
48.5,322.92,964.62,2.0763e+09
48.6,317.16,964.03,2.0768e+09
48.7,311.5,963.45,2.0774e+09
48.8,305.95,962.86,2.0779e+09
48.9,300.49,962.27,2.0784e+09
49,295.13,961.69,2.0789e+09
49.1,289.86,961.1,2.0794e+09
49.2,284.69,960.52,2.08e+09
49.3,279.61,959.94,2.0805e+09
49.4,274.62,959.35,2.081e+09
49.5,269.72,958.77,2.0815e+09
49.6,264.91,958.19,2.082e+09
49.7,260.18,957.6,2.0825e+09
49.8,255.54,957.02,2.083e+09
49.9,250.98,956.44,2.0835e+09
50,246.5,955.86,2.0839e+09
50.1,242.11,955.28,2.0844e+09
50.2,237.79,954.7,2.0849e+09
50.3,233.54,954.12,2.0854e+09
50.4,229.38,953.54,2.0859e+09
50.5,225.29,952.96,2.0863e+09
50.6,221.27,952.38,2.0868e+09
50.7,217.32,951.8,2.0872e+09
50.8,213.44,951.22,2.0877e+09
50.9,209.63,950.64,2.0882e+09
51,205.89,950.06,2.0886e+09
51.1,202.22,949.49,2.0891e+09
51.2,198.61,948.91,2.0895e+09
51.3,195.07,948.33,2.0899e+09
51.4,191.59,947.76,2.0904e+09
51.5,188.17,947.18,2.0908e+09
51.6,184.81,946.61,2.0913e+09
51.7,181.52,946.03,2.0917e+09
51.8,178.28,945.46,2.0921e+09
51.9,175.1,944.88,2.0925e+09
52,171.97,944.31,2.0929e+09
52.1,168.9,943.73,2.0934e+09
52.2,165.89,943.16,2.0938e+09
52.3,162.93,942.59,2.0942e+09
52.4,160.02,942.01,2.0946e+09
52.5,157.17,941.44,2.095e+09
52.6,154.37,940.87,2.0954e+09
52.7,151.61,940.3,2.0958e+09
52.8,148.91,939.73,2.0962e+09
52.9,146.25,939.16,2.0966e+09
53,143.64,938.59,2.097e+09
53.1,141.08,938.02,2.0974e+09
53.2,138.56,937.45,2.0978e+09
53.3,136.09,936.88,2.0981e+09
53.4,133.66,936.31,2.0985e+09
53.5,131.28,935.74,2.0989e+09
53.6,128.93,935.17,2.0993e+09
53.7,126.63,934.6,2.0996e+09
53.8,124.38,934.04,2.1e+09
53.9,122.16,933.47,2.1004e+09
54,119.98,932.9,2.1007e+09
54.1,117.84,932.34,2.1011e+09
54.2,115.73,931.77,2.1014e+09
54.3,113.67,931.2,2.1018e+09
54.4,111.64,930.64,2.1021e+09
54.5,109.65,930.07,2.1025e+09
54.6,107.69,929.51,2.1028e+09
54.7,105.77,928.95,2.1032e+09
54.8,103.88,928.38,2.1035e+09
54.9,102.03,927.82,2.1039e+09
55,100.21,927.25,2.1042e+09
55.1,98.423,926.69,2.1045e+09
55.2,96.668,926.13,2.1049e+09
55.3,94.943,925.57,2.1052e+09
55.4,93.249,925.01,2.1055e+09
55.5,91.585,924.44,2.1059e+09
55.6,89.952,923.88,2.1062e+09
55.7,88.347,923.32,2.1065e+09
55.8,86.771,922.76,2.1068e+09
55.9,85.223,922.2,2.1071e+09
56,83.702,921.64,2.1074e+09
56.1,82.209,921.08,2.1078e+09
56.2,80.742,920.52,2.1081e+09
56.3,79.302,919.97,2.1084e+09
56.4,77.887,919.41,2.1087e+09
56.5,76.497,918.85,2.109e+09
56.6,75.133,918.29,2.1093e+09
56.7,73.792,917.74,2.1096e+09
56.8,72.476,917.18,2.1099e+09
56.9,71.183,916.62,2.1102e+09
57,69.913,916.07,2.1104e+09
57.1,68.666,915.51,2.1107e+09
57.2,67.441,914.96,2.111e+09
57.3,66.238,914.4,2.1113e+09
57.4,65.056,913.85,2.1116e+09
57.5,63.895,913.29,2.1119e+09
57.6,62.755,912.74,2.1121e+09
57.7,61.636,912.18,2.1124e+09
57.8,60.536,911.63,2.1127e+09
57.9,59.456,911.08,2.113e+09
58,58.396,910.53,2.1132e+09
58.1,57.354,909.97,2.1135e+09
58.2,56.331,909.42,2.1138e+09
58.3,55.326,908.87,2.114e+09
58.4,54.339,908.32,2.1143e+09
58.5,53.369,907.77,2.1146e+09
58.6,52.417,907.22,2.1148e+09
58.7,51.482,906.67,2.1151e+09
58.8,50.564,906.12,2.1153e+09
58.9,49.662,905.57,2.1156e+09
59,48.776,905.02,2.1158e+09
59.1,47.905,904.47,2.1161e+09
59.2,47.051,903.92,2.1163e+09
59.3,46.211,903.38,2.1166e+09
59.4,45.387,902.83,2.1168e+09
59.5,44.577,902.28,2.1171e+09
59.6,43.782,901.74,2.1173e+09
59.7,43.001,901.19,2.1175e+09
59.8,42.234,900.64,2.1178e+09
59.9,41.481,900.1,2.118e+09
60,40.741,899.55,2.1183e+09
60.1,40.014,899.01,2.1185e+09
60.2,39.3,898.46,2.1187e+09
60.3,38.599,897.92,2.1189e+09
60.4,37.91,897.37,2.1192e+09
60.5,37.234,896.83,2.1194e+09
60.6,36.57,896.29,2.1196e+09
60.7,35.917,895.74,2.1198e+09
60.8,35.277,895.2,2.1201e+09
60.9,34.647,894.66,2.1203e+09
61,34.029,894.12,2.1205e+09
61.1,33.422,893.58,2.1207e+09
61.2,32.826,893.03,2.1209e+09
61.3,32.24,892.49,2.1211e+09
61.4,31.665,891.95,2.1213e+09
61.5,31.1,891.41,2.1216e+09
61.6,30.546,890.87,2.1218e+09
61.7,30.001,890.33,2.122e+09
61.8,29.466,889.8,2.1222e+09
61.9,28.94,889.26,2.1224e+09
62,28.424,888.72,2.1226e+09
62.1,27.917,888.18,2.1228e+09
62.2,27.419,887.64,2.123e+09
62.3,26.93,887.11,2.1232e+09
62.4,26.449,886.57,2.1234e+09
62.5,25.977,886.03,2.1236e+09
62.6,25.514,885.5,2.1238e+09
62.7,25.059,884.96,2.124e+09
62.8,24.612,884.42,2.1241e+09
62.9,24.173,883.89,2.1243e+09
63,23.742,883.35,2.1245e+09
63.1,23.318,882.82,2.1247e+09
63.2,22.902,882.28,2.1249e+09
63.3,22.494,881.75,2.1251e+09
63.4,22.093,881.22,2.1253e+09
63.5,21.698,880.68,2.1254e+09
63.6,21.311,880.15,2.1256e+09
63.7,20.931,879.62,2.1258e+09
63.8,20.558,879.09,2.126e+09
63.9,20.191,878.56,2.1261e+09
64,19.831,878.02,2.1263e+09
64.1,19.477,877.49,2.1265e+09
64.2,19.13,876.96,2.1267e+09
64.3,18.789,876.43,2.1268e+09
64.4,18.454,875.9,2.127e+09
64.5,18.124,875.37,2.1272e+09
64.6,17.801,874.84,2.1273e+09
64.7,17.484,874.31,2.1275e+09
64.8,17.172,873.78,2.1277e+09
64.9,16.865,873.26,2.1278e+09
65,16.565,872.73,2.128e+09
65.1,16.269,872.2,2.1282e+09
65.2,15.979,871.67,2.1283e+09
65.3,15.694,871.15,2.1285e+09
65.4,15.414,870.62,2.1286e+09
65.5,15.139,870.09,2.1288e+09
65.6,14.869,869.57,2.1289e+09
65.7,14.604,869.04,2.1291e+09
65.8,14.343,868.52,2.1292e+09
65.9,14.088,867.99,2.1294e+09
66,13.836,867.47,2.1295e+09
66.1,13.59,866.94,2.1297e+09
66.2,13.347,866.42,2.1298e+09
66.3,13.109,865.9,2.13e+09
66.4,12.875,865.37,2.1301e+09
66.5,12.646,864.85,2.1303e+09
66.6,12.42,864.33,2.1304e+09
66.7,12.199,863.8,2.1306e+09
66.8,11.981,863.28,2.1307e+09
66.9,11.767,862.76,2.1309e+09
67,11.558,862.24,2.131e+09
67.1,11.351,861.72,2.1311e+09
67.2,11.149,861.2,2.1313e+09
67.3,10.95,860.68,2.1314e+09
67.4,10.755,860.16,2.1315e+09
67.5,10.563,859.64,2.1317e+09
67.6,10.375,859.12,2.1318e+09
67.7,10.19,858.6,2.1319e+09
67.8,10.008,858.08,2.1321e+09
67.9,9.8296,857.56,2.1322e+09
68,9.6543,857.05,2.1323e+09
68.1,9.4821,856.53,2.1325e+09
68.2,9.313,856.01,2.1326e+09
68.3,9.1469,855.49,2.1327e+09
68.4,8.9838,854.98,2.1328e+09
68.5,8.8236,854.46,2.133e+09
68.6,8.6663,853.95,2.1331e+09
68.7,8.5118,853.43,2.1332e+09
68.8,8.36,852.92,2.1333e+09
68.9,8.2109,852.4,2.1335e+09
69,8.0645,851.89,2.1336e+09
69.1,7.9207,851.37,2.1337e+09
69.2,7.7795,850.86,2.1338e+09
69.3,7.6408,850.34,2.1339e+09
69.4,7.5045,849.83,2.1341e+09
69.5,7.3707,849.32,2.1342e+09
69.6,7.2393,848.81,2.1343e+09
69.7,7.1102,848.29,2.1344e+09
69.8,6.9834,847.78,2.1345e+09
69.9,6.8589,847.27,2.1346e+09
70,6.7366,846.76,2.1347e+09
70.1,6.6165,846.25,2.1349e+09
70.2,6.4986,845.74,2.135e+09
70.3,6.3827,845.23,2.1351e+09
70.4,6.2689,844.72,2.1352e+09
70.5,6.1571,844.21,2.1353e+09
70.6,6.0474,843.7,2.1354e+09
70.7,5.9396,843.19,2.1355e+09
70.8,5.8337,842.68,2.1356e+09
70.9,5.7297,842.17,2.1357e+09
71,5.6275,841.67,2.1358e+09
71.1,5.5272,841.16,2.1359e+09
71.2,5.4287,840.65,2.136e+09
71.3,5.3319,840.14,2.1361e+09
71.4,5.2369,839.64,2.1362e+09
71.5,5.1435,839.13,2.1363e+09
71.6,5.0518,838.63,2.1364e+09
71.7,4.9618,838.12,2.1365e+09
71.8,4.8733,837.62,2.1366e+09
71.9,4.7865,837.11,2.1367e+09
72,4.7012,836.61,2.1368e+09
72.1,4.6174,836.1,2.1369e+09
72.2,4.5351,835.6,2.137e+09
72.3,4.4542,835.09,2.1371e+09
72.4,4.3749,834.59,2.1372e+09
72.5,4.2969,834.09,2.1373e+09
72.6,4.2203,833.59,2.1374e+09
72.7,4.1451,833.08,2.1375e+09
72.8,4.0712,832.58,2.1376e+09
72.9,3.9987,832.08,2.1377e+09
73,3.9274,831.58,2.1378e+09
73.1,3.8574,831.08,2.1378e+09
73.2,3.7887,830.58,2.1379e+09
73.3,3.7212,830.08,2.138e+09
73.4,3.6548,829.58,2.1381e+09
73.5,3.5897,829.08,2.1382e+09
73.6,3.5258,828.58,2.1383e+09
73.7,3.4629,828.08,2.1384e+09
73.8,3.4012,827.58,2.1385e+09
73.9,3.3406,827.08,2.1385e+09
74,3.2811,826.58,2.1386e+09
74.1,3.2227,826.08,2.1387e+09
74.2,3.1652,825.59,2.1388e+09
74.3,3.1088,825.09,2.1389e+09
74.4,3.0535,824.59,2.1389e+09
74.5,2.9991,824.1,2.139e+09
74.6,2.9456,823.6,2.1391e+09
74.7,2.8932,823.1,2.1392e+09
74.8,2.8416,822.61,2.1393e+09
74.9,2.791,822.11,2.1393e+09
75,2.7413,821.62,2.1394e+09
75.1,2.6925,821.12,2.1395e+09
75.2,2.6445,820.63,2.1396e+09
75.3,2.5974,820.14,2.1397e+09
75.4,2.5512,819.64,2.1397e+09
75.5,2.5057,819.15,2.1398e+09
75.6,2.4611,818.66,2.1399e+09
75.7,2.4173,818.16,2.14e+09
75.8,2.3742,817.67,2.14e+09
75.9,2.3319,817.18,2.1401e+09
76,2.2904,816.69,2.1402e+09
76.1,2.2496,816.2,2.1402e+09
76.2,2.2096,815.71,2.1403e+09
76.3,2.1702,815.22,2.1404e+09
76.4,2.1316,814.72,2.1405e+09
76.5,2.0936,814.23,2.1405e+09
76.6,2.0564,813.75,2.1406e+09
76.7,2.0198,813.26,2.1407e+09
76.8,1.9838,812.77,2.1407e+09
76.9,1.9485,812.28,2.1408e+09
77,1.9138,811.79,2.1409e+09
77.1,1.8797,811.3,2.1409e+09
77.2,1.8463,810.81,2.141e+09
77.3,1.8134,810.33,2.1411e+09
77.4,1.7812,809.84,2.1411e+09
77.5,1.7495,809.35,2.1412e+09
77.6,1.7183,808.87,2.1413e+09
77.7,1.6877,808.38,2.1413e+09
77.8,1.6577,807.89,2.1414e+09
77.9,1.6282,807.41,2.1414e+09
78,1.5992,806.92,2.1415e+09
78.1,1.5708,806.44,2.1416e+09
78.2,1.5428,805.95,2.1416e+09
78.3,1.5154,805.47,2.1417e+09
78.4,1.4884,804.98,2.1418e+09
78.5,1.462,804.5,2.1418e+09
78.6,1.436,804.02,2.1419e+09
78.7,1.4104,803.53,2.1419e+09
78.8,1.3853,803.05,2.142e+09
78.9,1.3607,802.57,2.1421e+09
79,1.3365,802.09,2.1421e+09
79.1,1.3127,801.6,2.1422e+09
79.2,1.2894,801.12,2.1422e+09
79.3,1.2665,800.64,2.1423e+09
79.4,1.244,800.16,2.1423e+09
79.5,1.2218,799.68,2.1424e+09
79.6,1.2001,799.2,2.1425e+09
79.7,1.1788,798.72,2.1425e+09
79.8,1.1578,798.24,2.1426e+09
79.9,1.1373,797.76,2.1426e+09
80,1.117,797.28,2.1427e+09
80.1,1.0972,796.8,2.1427e+09
80.2,1.0777,796.32,2.1428e+09
80.3,1.0585,795.85,2.1428e+09
80.4,1.0397,795.37,2.1429e+09
80.5,1.0213,794.89,2.1429e+09
80.6,1.0031,794.41,2.143e+09
80.7,0.98531,793.94,2.143e+09
80.8,0.96781,793.46,2.1431e+09
80.9,0.95062,792.98,2.1431e+09
81,0.93374,792.51,2.1432e+09
81.1,0.91716,792.03,2.1432e+09
81.2,0.90087,791.56,2.1433e+09
81.3,0.88488,791.08,2.1433e+09
81.4,0.86917,790.61,2.1434e+09
81.5,0.85374,790.13,2.1434e+09
81.6,0.83859,789.66,2.1435e+09
81.7,0.8237,789.18,2.1435e+09
81.8,0.80909,788.71,2.1436e+09
81.9,0.79473,788.24,2.1436e+09
82,0.78063,787.77,2.1437e+09
82.1,0.76678,787.29,2.1437e+09
82.2,0.75317,786.82,2.1438e+09
82.3,0.73982,786.35,2.1438e+09
82.4,0.72669,785.88,2.1439e+09
82.5,0.71381,785.41,2.1439e+09
82.6,0.70115,784.93,2.1439e+09
82.7,0.68872,784.46,2.144e+09
82.8,0.67651,783.99,2.144e+09
82.9,0.66451,783.52,2.1441e+09
83,0.65274,783.05,2.1441e+09
83.1,0.64117,782.58,2.1442e+09
83.2,0.62981,782.11,2.1442e+09
83.3,0.61865,781.65,2.1442e+09
83.4,0.60769,781.18,2.1443e+09
83.5,0.59692,780.71,2.1443e+09
83.6,0.58635,780.24,2.1444e+09
83.7,0.57597,779.77,2.1444e+09
83.8,0.56577,779.31,2.1445e+09
83.9,0.55575,778.84,2.1445e+09
84,0.54591,778.37,2.1445e+09
84.1,0.53625,777.91,2.1446e+09
84.2,0.52676,777.44,2.1446e+09
84.3,0.51744,776.97,2.1447e+09
84.4,0.50828,776.51,2.1447e+09
84.5,0.49929,776.04,2.1447e+09
84.6,0.49046,775.58,2.1448e+09
84.7,0.48179,775.11,2.1448e+09
84.8,0.47327,774.65,2.1448e+09
84.9,0.4649,774.18,2.1449e+09
85,0.45668,773.72,2.1449e+09
85.1,0.44861,773.26,2.145e+09
85.2,0.44068,772.79,2.145e+09
85.3,0.4329,772.33,2.145e+09
85.4,0.42525,771.87,2.1451e+09
85.5,0.41774,771.41,2.1451e+09
85.6,0.41036,770.94,2.1451e+09
85.7,0.40312,770.48,2.1452e+09
85.8,0.396,770.02,2.1452e+09
85.9,0.38901,769.56,2.1452e+09
86,0.38215,769.1,2.1453e+09
86.1,0.37541,768.64,2.1453e+09
86.2,0.36879,768.18,2.1453e+09
86.3,0.36228,767.72,2.1454e+09
86.4,0.35589,767.26,2.1454e+09
86.5,0.34962,766.8,2.1454e+09
86.6,0.34346,766.34,2.1455e+09
86.7,0.33741,765.88,2.1455e+09
86.8,0.33146,765.42,2.1455e+09
86.9,0.32562,764.97,2.1456e+09
87,0.31989,764.51,2.1456e+09
87.1,0.31426,764.05,2.1456e+09
87.2,0.30873,763.59,2.1457e+09
87.3,0.3033,763.14,2.1457e+09
87.4,0.29796,762.68,2.1457e+09
87.5,0.29272,762.22,2.1458e+09
87.6,0.28757,761.77,2.1458e+09
87.7,0.28252,761.31,2.1458e+09
87.8,0.27755,760.86,2.1459e+09
87.9,0.27268,760.4,2.1459e+09
88,0.26789,759.95,2.1459e+09
88.1,0.26318,759.49,2.146e+09
88.2,0.25856,759.04,2.146e+09
88.3,0.25402,758.58,2.146e+09
88.4,0.24957,758.13,2.146e+09
88.5,0.24519,757.68,2.1461e+09
88.6,0.24089,757.22,2.1461e+09
88.7,0.23667,756.77,2.1461e+09
88.8,0.23252,756.32,2.1462e+09
88.9,0.22845,755.87,2.1462e+09
89,0.22444,755.41,2.1462e+09
89.1,0.22051,754.96,2.1462e+09
89.2,0.21666,754.51,2.1463e+09
89.3,0.21286,754.06,2.1463e+09
89.4,0.20914,753.61,2.1463e+09
89.5,0.20548,753.16,2.1463e+09
89.6,0.20189,752.71,2.1464e+09
89.7,0.19837,752.26,2.1464e+09
89.8,0.1949,751.81,2.1464e+09
89.9,0.1915,751.36,2.1465e+09
90,0.18816,750.91,2.1465e+09
90.1,0.18487,750.46,2.1465e+09
90.2,0.18165,750.01,2.1465e+09
90.3,0.17848,749.57,2.1466e+09
90.4,0.17537,749.12,2.1466e+09
90.5,0.17232,748.67,2.1466e+09
90.6,0.16932,748.22,2.1466e+09
90.7,0.16637,747.78,2.1467e+09
90.8,0.16348,747.33,2.1467e+09
90.9,0.16063,746.88,2.1467e+09
91,0.15784,746.44,2.1467e+09
91.1,0.1551,745.99,2.1467e+09
91.2,0.15241,745.55,2.1468e+09
91.3,0.14976,745.1,2.1468e+09
91.4,0.14716,744.66,2.1468e+09
91.5,0.14461,744.21,2.1468e+09
91.6,0.14211,743.77,2.1469e+09
91.7,0.13964,743.32,2.1469e+09
91.8,0.13723,742.88,2.1469e+09
91.9,0.13485,742.44,2.1469e+09
92,0.13252,741.99,2.147e+09
92.1,0.13023,741.55,2.147e+09
92.2,0.12798,741.11,2.147e+09
92.3,0.12577,740.66,2.147e+09
92.4,0.1236,740.22,2.147e+09
92.5,0.12147,739.78,2.1471e+09
92.6,0.11937,739.34,2.1471e+09
92.7,0.11732,738.9,2.1471e+09
92.8,0.1153,738.46,2.1471e+09
92.9,0.11331,738.02,2.1472e+09
93,0.11136,737.58,2.1472e+09
93.1,0.10945,737.14,2.1472e+09
93.2,0.10757,736.7,2.1472e+09
93.3,0.10572,736.26,2.1472e+09
93.4,0.10391,735.82,2.1473e+09
93.5,0.10213,735.38,2.1473e+09
93.6,0.10038,734.94,2.1473e+09
93.7,0.098661,734.5,2.1473e+09
93.8,0.096974,734.06,2.1473e+09
93.9,0.095316,733.63,2.1474e+09
94,0.093689,733.19,2.1474e+09
94.1,0.09209,732.75,2.1474e+09
94.2,0.090519,732.31,2.1474e+09
94.3,0.088977,731.88,2.1474e+09
94.4,0.087462,731.44,2.1474e+09
94.5,0.085974,731.01,2.1475e+09
94.6,0.084512,730.57,2.1475e+09
94.7,0.083077,730.13,2.1475e+09
94.8,0.081667,729.7,2.1475e+09
94.9,0.080282,729.26,2.1475e+09
95,0.078922,728.83,2.1476e+09
95.1,0.077586,728.4,2.1476e+09
95.2,0.076274,727.96,2.1476e+09
95.3,0.074985,727.53,2.1476e+09
95.4,0.07372,727.09,2.1476e+09
95.5,0.072476,726.66,2.1476e+09
95.6,0.071255,726.23,2.1477e+09
95.7,0.070056,725.8,2.1477e+09
95.8,0.068878,725.36,2.1477e+09
95.9,0.067721,724.93,2.1477e+09
96,0.066585,724.5,2.1477e+09
96.1,0.065468,724.07,2.1477e+09
96.2,0.064372,723.64,2.1478e+09
96.3,0.063295,723.21,2.1478e+09
96.4,0.062238,722.77,2.1478e+09
96.5,0.061199,722.34,2.1478e+09
96.6,0.060178,721.91,2.1478e+09
96.7,0.059176,721.48,2.1478e+09
96.8,0.058192,721.05,2.1479e+09
96.9,0.057225,720.62,2.1479e+09
97,0.056276,720.2,2.1479e+09
97.1,0.055343,719.77,2.1479e+09
97.2,0.054427,719.34,2.1479e+09
97.3,0.053527,718.91,2.1479e+09
97.4,0.052643,718.48,2.148e+09
97.5,0.051775,718.05,2.148e+09
97.6,0.050923,717.63,2.148e+09
97.7,0.050085,717.2,2.148e+09
97.8,0.049263,716.77,2.148e+09
97.9,0.048455,716.35,2.148e+09
98,0.047661,715.92,2.148e+09
98.1,0.046882,715.49,2.1481e+09
98.2,0.046116,715.07,2.1481e+09
98.3,0.045364,714.64,2.1481e+09
98.4,0.044626,714.22,2.1481e+09
98.5,0.0439,713.79,2.1481e+09
98.6,0.043188,713.37,2.1481e+09
98.7,0.042488,712.94,2.1481e+09
98.8,0.041801,712.52,2.1482e+09
98.9,0.041125,712.1,2.1482e+09
99,0.040462,711.67,2.1482e+09
99.1,0.039811,711.25,2.1482e+09
99.2,0.039171,710.83,2.1482e+09
99.3,0.038542,710.4,2.1482e+09
99.4,0.037925,709.98,2.1482e+09
99.5,0.037319,709.56,2.1482e+09
99.6,0.036723,709.14,2.1483e+09
99.7,0.036138,708.72,2.1483e+09
99.8,0.035564,708.3,2.1483e+09
99.9,0.035,707.87,2.1483e+09
100,0.034445,707.45,2.1483e+09
100.1,0.033901,707.03,2.1483e+09
100.2,0.033366,706.61,2.1483e+09
100.3,0.032841,706.19,2.1483e+09
100.4,0.032325,705.77,2.1484e+09
100.5,0.031818,705.35,2.1484e+09
100.6,0.03132,704.93,2.1484e+09
100.7,0.030831,704.52,2.1484e+09
100.8,0.030351,704.1,2.1484e+09
100.9,0.029879,703.68,2.1484e+09
101,0.029416,703.26,2.1484e+09
101.1,0.028961,702.84,2.1484e+09
101.2,0.028514,702.43,2.1484e+09
101.3,0.028074,702.01,2.1485e+09
101.4,0.027643,701.59,2.1485e+09
101.5,0.027219,701.17,2.1485e+09
101.6,0.026803,700.76,2.1485e+09
101.7,0.026394,700.34,2.1485e+09
101.8,0.025993,699.93,2.1485e+09
101.9,0.025599,699.51,2.1485e+09
102,0.025211,699.09,2.1485e+09
102.1,0.024831,698.68,2.1485e+09
102.2,0.024457,698.26,2.1486e+09
102.3,0.02409,697.85,2.1486e+09
102.4,0.023729,697.44,2.1486e+09
102.5,0.023375,697.02,2.1486e+09
102.6,0.023027,696.61,2.1486e+09
102.7,0.022685,696.19,2.1486e+09
102.8,0.022349,695.78,2.1486e+09
102.9,0.022019,695.37,2.1486e+09
103,0.021695,694.96,2.1486e+09
103.1,0.021377,694.54,2.1487e+09
103.2,0.021065,694.13,2.1487e+09
103.3,0.020758,693.72,2.1487e+09
103.4,0.020456,693.31,2.1487e+09
103.5,0.02016,692.9,2.1487e+09
103.6,0.019869,692.49,2.1487e+09
103.7,0.019583,692.07,2.1487e+09
103.8,0.019302,691.66,2.1487e+09
103.9,0.019026,691.25,2.1487e+09
104,0.018755,690.84,2.1487e+09
104.1,0.018489,690.43,2.1487e+09
104.2,0.018227,690.02,2.1488e+09
104.3,0.017971,689.62,2.1488e+09
104.4,0.017718,689.21,2.1488e+09
104.5,0.01747,688.8,2.1488e+09
104.6,0.017227,688.39,2.1488e+09
104.7,0.016988,687.98,2.1488e+09
104.8,0.016753,687.57,2.1488e+09
104.9,0.016522,687.17,2.1488e+09
105,0.016295,686.76,2.1488e+09
105.1,0.016073,686.35,2.1488e+09
105.2,0.015854,685.94,2.1488e+09
105.3,0.015639,685.54,2.1489e+09
105.4,0.015428,685.13,2.1489e+09
105.5,0.015221,684.73,2.1489e+09
105.6,0.015017,684.32,2.1489e+09
105.7,0.014817,683.91,2.1489e+09
105.8,0.01462,683.51,2.1489e+09
105.9,0.014427,683.1,2.1489e+09
106,0.014237,682.7,2.1489e+09
106.1,0.014051,682.3,2.1489e+09
106.2,0.013868,681.89,2.1489e+09
106.3,0.013688,681.49,2.1489e+09
106.4,0.013511,681.08,2.1489e+09
106.5,0.013338,680.68,2.1489e+09
106.6,0.013167,680.28,2.149e+09
106.7,0.013,679.87,2.149e+09
106.8,0.012835,679.47,2.149e+09
106.9,0.012673,679.07,2.149e+09
107,0.012515,678.67,2.149e+09
107.1,0.012359,678.27,2.149e+09
107.2,0.012205,677.86,2.149e+09
107.3,0.012055,677.46,2.149e+09
107.4,0.011907,677.06,2.149e+09
107.5,0.011761,676.66,2.149e+09
107.6,0.011619,676.26,2.149e+09
107.7,0.011478,675.86,2.149e+09
107.8,0.01134,675.46,2.149e+09
107.9,0.011205,675.06,2.1491e+09
108,0.011072,674.66,2.1491e+09
108.1,0.010941,674.26,2.1491e+09
108.2,0.010813,673.86,2.1491e+09
108.3,0.010687,673.46,2.1491e+09
108.4,0.010563,673.06,2.1491e+09
108.5,0.010441,672.67,2.1491e+09
108.6,0.010321,672.27,2.1491e+09
108.7,0.010204,671.87,2.1491e+09
108.8,0.010088,671.47,2.1491e+09
108.9,0.0099749,671.08,2.1491e+09
109,0.0098634,670.68,2.1491e+09
109.1,0.0097539,670.28,2.1491e+09
109.2,0.0096462,669.89,2.1491e+09
109.3,0.0095405,669.49,2.1491e+09
109.4,0.0094366,669.09,2.1492e+09
109.5,0.0093346,668.7,2.1492e+09
109.6,0.0092343,668.3,2.1492e+09
109.7,0.0091357,667.91,2.1492e+09
109.8,0.0090389,667.51,2.1492e+09
109.9,0.0089438,667.12,2.1492e+09
110,0.0088503,666.72,2.1492e+09
110.1,0.0087584,666.33,2.1492e+09
110.2,0.0086682,665.94,2.1492e+09
110.3,0.0085795,665.54,2.1492e+09
110.4,0.0084924,665.15,2.1492e+09
110.5,0.0084068,664.76,2.1492e+09
110.6,0.0083226,664.36,2.1492e+09
110.7,0.00824,663.97,2.1492e+09
110.8,0.0081587,663.58,2.1492e+09
110.9,0.0080789,663.19,2.1492e+09
111,0.0080005,662.79,2.1492e+09
111.1,0.0079234,662.4,2.1492e+09
111.2,0.0078477,662.01,2.1493e+09
111.3,0.0077733,661.62,2.1493e+09
111.4,0.0077001,661.23,2.1493e+09
111.5,0.0076283,660.84,2.1493e+09
111.6,0.0075576,660.45,2.1493e+09
111.7,0.0074882,660.06,2.1493e+09
111.8,0.00742,659.67,2.1493e+09
111.9,0.007353,659.28,2.1493e+09
112,0.0072871,658.89,2.1493e+09
112.1,0.0072224,658.5,2.1493e+09
112.2,0.0071588,658.11,2.1493e+09
112.3,0.0070962,657.72,2.1493e+09
112.4,0.0070348,657.34,2.1493e+09
112.5,0.0069744,656.95,2.1493e+09
112.6,0.0069151,656.56,2.1493e+09
112.7,0.0068567,656.17,2.1493e+09
112.8,0.0067994,655.79,2.1493e+09
112.9,0.0067431,655.4,2.1493e+09
113,0.0066877,655.01,2.1493e+09
113.1,0.0066333,654.63,2.1494e+09
113.2,0.0065798,654.24,2.1494e+09
113.3,0.0065272,653.85,2.1494e+09
113.4,0.0064755,653.47,2.1494e+09
113.5,0.0064248,653.08,2.1494e+09
113.6,0.0063748,652.7,2.1494e+09
113.7,0.0063258,652.31,2.1494e+09
113.8,0.0062775,651.93,2.1494e+09
113.9,0.0062301,651.54,2.1494e+09
114,0.0061835,651.16,2.1494e+09
114.1,0.0061377,650.77,2.1494e+09
114.2,0.0060927,650.39,2.1494e+09
114.3,0.0060484,650.01,2.1494e+09
114.4,0.0060049,649.62,2.1494e+09
114.5,0.0059621,649.24,2.1494e+09
114.6,0.0059201,648.86,2.1494e+09
114.7,0.0058787,648.48,2.1494e+09
114.8,0.0058381,648.09,2.1494e+09
114.9,0.0057982,647.71,2.1494e+09
115,0.0057589,647.33,2.1494e+09
115.1,0.0057203,646.95,2.1494e+09
115.2,0.0056823,646.57,2.1494e+09
115.3,0.005645,646.19,2.1494e+09
115.4,0.0056083,645.8,2.1495e+09
115.5,0.0055722,645.42,2.1495e+09
115.6,0.0055367,645.04,2.1495e+09
115.7,0.0055019,644.66,2.1495e+09
115.8,0.0054676,644.28,2.1495e+09
115.9,0.0054339,643.9,2.1495e+09
116,0.0054007,643.53,2.1495e+09
116.1,0.0053681,643.15,2.1495e+09
116.2,0.0053361,642.77,2.1495e+09
116.3,0.0053045,642.39,2.1495e+09
116.4,0.0052735,642.01,2.1495e+09
116.5,0.0052431,641.63,2.1495e+09
116.6,0.0052131,641.25,2.1495e+09
116.7,0.0051836,640.88,2.1495e+09
116.8,0.0051546,640.5,2.1495e+09
116.9,0.0051261,640.12,2.1495e+09
117,0.0050981,639.75,2.1495e+09
117.1,0.0050705,639.37,2.1495e+09
117.2,0.0050434,638.99,2.1495e+09
117.3,0.0050167,638.62,2.1495e+09
117.4,0.0049905,638.24,2.1495e+09
117.5,0.0049647,637.86,2.1495e+09
117.6,0.0049393,637.49,2.1495e+09
117.7,0.0049143,637.11,2.1495e+09
117.8,0.0048898,636.74,2.1495e+09
117.9,0.0048656,636.36,2.1495e+09
118,0.0048419,635.99,2.1495e+09
118.1,0.0048185,635.62,2.1496e+09
118.2,0.0047955,635.24,2.1496e+09
118.3,0.0047729,634.87,2.1496e+09
118.4,0.0047506,634.5,2.1496e+09
118.5,0.0047287,634.12,2.1496e+09
118.6,0.0047072,633.75,2.1496e+09
118.7,0.004686,633.38,2.1496e+09
118.8,0.0046651,633,2.1496e+09
118.9,0.0046446,632.63,2.1496e+09
119,0.0046244,632.26,2.1496e+09
119.1,0.0046046,631.89,2.1496e+09
119.2,0.004585,631.52,2.1496e+09
119.3,0.0045658,631.14,2.1496e+09
119.4,0.0045468,630.77,2.1496e+09
119.5,0.0045282,630.4,2.1496e+09
119.6,0.0045099,630.03,2.1496e+09
119.7,0.0044918,629.66,2.1496e+09
119.8,0.0044741,629.29,2.1496e+09
119.9,0.0044566,628.92,2.1496e+09
120,0.0044394,628.55,2.1496e+09
120.1,0.0044225,628.18,2.1496e+09
120.2,0.0044058,627.81,2.1496e+09
120.3,0.0043894,627.45,2.1496e+09
120.4,0.0043733,627.08,2.1496e+09
120.5,0.0043574,626.71,2.1496e+09
120.6,0.0043417,626.34,2.1496e+09
120.7,0.0043263,625.97,2.1496e+09
120.8,0.0043111,625.6,2.1496e+09
120.9,0.0042962,625.24,2.1496e+09
121,0.0042815,624.87,2.1496e+09
121.1,0.004267,624.5,2.1496e+09
121.2,0.0042528,624.14,2.1496e+09
121.3,0.0042387,623.77,2.1496e+09
121.4,0.0042249,623.4,2.1496e+09
121.5,0.0042113,623.04,2.1496e+09
121.6,0.0041979,622.67,2.1497e+09
121.7,0.0041847,622.31,2.1497e+09
121.8,0.0041717,621.94,2.1497e+09
121.9,0.0041589,621.58,2.1497e+09
122,0.0041462,621.21,2.1497e+09
122.1,0.0041338,620.85,2.1497e+09
122.2,0.0041216,620.48,2.1497e+09
122.3,0.0041095,620.12,2.1497e+09
122.4,0.0040976,619.75,2.1497e+09
122.5,0.0040859,619.39,2.1497e+09
122.6,0.0040744,619.03,2.1497e+09
122.7,0.004063,618.66,2.1497e+09
122.8,0.0040518,618.3,2.1497e+09
122.9,0.0040408,617.94,2.1497e+09
123,0.0040299,617.58,2.1497e+09
123.1,0.0040192,617.21,2.1497e+09
123.2,0.0040087,616.85,2.1497e+09
123.3,0.0039982,616.49,2.1497e+09
123.4,0.003988,616.13,2.1497e+09
123.5,0.0039779,615.77,2.1497e+09
123.6,0.0039679,615.41,2.1497e+09
123.7,0.0039581,615.04,2.1497e+09
123.8,0.0039484,614.68,2.1497e+09
123.9,0.0039389,614.32,2.1497e+09
124,0.0039295,613.96,2.1497e+09
124.1,0.0039202,613.6,2.1497e+09
124.2,0.003911,613.24,2.1497e+09
124.3,0.003902,612.88,2.1497e+09
124.4,0.0038931,612.53,2.1497e+09
124.5,0.0038843,612.17,2.1497e+09
124.6,0.0038757,611.81,2.1497e+09
124.7,0.0038672,611.45,2.1497e+09
124.8,0.0038587,611.09,2.1497e+09
124.9,0.0038504,610.73,2.1497e+09
125,0.0038423,610.37,2.1497e+09
125.1,0.0038342,610.02,2.1497e+09
125.2,0.0038262,609.66,2.1497e+09
125.3,0.0038183,609.3,2.1497e+09
125.4,0.0038106,608.95,2.1497e+09
125.5,0.0038029,608.59,2.1497e+09
125.6,0.0037954,608.23,2.1497e+09
125.7,0.0037879,607.88,2.1497e+09
125.8,0.0037806,607.52,2.1497e+09
125.9,0.0037733,607.16,2.1497e+09
126,0.0037661,606.81,2.1497e+09
126.1,0.0037591,606.45,2.1498e+09
126.2,0.0037521,606.1,2.1498e+09
126.3,0.0037452,605.74,2.1498e+09
126.4,0.0037384,605.39,2.1498e+09
126.5,0.0037317,605.04,2.1498e+09
126.6,0.003725,604.68,2.1498e+09
126.7,0.0037185,604.33,2.1498e+09
126.8,0.003712,603.97,2.1498e+09
126.9,0.0037056,603.62,2.1498e+09
127,0.0036993,603.27,2.1498e+09
127.1,0.0036931,602.91,2.1498e+09
127.2,0.0036869,602.56,2.1498e+09
127.3,0.0036808,602.21,2.1498e+09
127.4,0.0036748,601.86,2.1498e+09
127.5,0.0036689,601.5,2.1498e+09
127.6,0.003663,601.15,2.1498e+09
127.7,0.0036572,600.8,2.1498e+09
127.8,0.0036515,600.45,2.1498e+09
127.9,0.0036459,600.1,2.1498e+09
128,0.0036403,599.75,2.1498e+09
128.1,0.0036347,599.4,2.1498e+09
128.2,0.0036293,599.05,2.1498e+09
128.3,0.0036239,598.7,2.1498e+09
128.4,0.0036185,598.35,2.1498e+09
128.5,0.0036133,598,2.1498e+09
128.6,0.003608,597.65,2.1498e+09
128.7,0.0036029,597.3,2.1498e+09
128.8,0.0035978,596.95,2.1498e+09
128.9,0.0035927,596.6,2.1498e+09
129,0.0035877,596.25,2.1498e+09
129.1,0.0035828,595.9,2.1498e+09
129.2,0.0035779,595.55,2.1498e+09
129.3,0.0035731,595.21,2.1498e+09
129.4,0.0035683,594.86,2.1498e+09
129.5,0.0035636,594.51,2.1498e+09
129.6,0.0035589,594.16,2.1498e+09
129.7,0.0035543,593.82,2.1498e+09
129.8,0.0035497,593.47,2.1498e+09
129.9,0.0035452,593.12,2.1498e+09
130,0.0035407,592.78,2.1498e+09
130.1,0.0035362,592.43,2.1498e+09
130.2,0.0035318,592.08,2.1498e+09
130.3,0.0035275,591.74,2.1498e+09
130.4,0.0035232,591.39,2.1498e+09
130.5,0.0035189,591.05,2.1498e+09
130.6,0.0035147,590.7,2.1498e+09
130.7,0.0035105,590.36,2.1498e+09
130.8,0.0035064,590.01,2.1498e+09
130.9,0.0035023,589.67,2.1498e+09
131,0.0034982,589.32,2.1498e+09
131.1,0.0034942,588.98,2.1498e+09
131.2,0.0034902,588.64,2.1498e+09
131.3,0.0034862,588.29,2.1498e+09
131.4,0.0034823,587.95,2.1498e+09
131.5,0.0034784,587.61,2.1498e+09
131.6,0.0034746,587.26,2.1498e+09
131.7,0.0034708,586.92,2.1498e+09
131.8,0.003467,586.58,2.1498e+09
131.9,0.0034633,586.24,2.1498e+09
132,0.0034596,585.9,2.1498e+09
132.1,0.0034559,585.55,2.1498e+09
132.2,0.0034523,585.21,2.1498e+09
132.3,0.0034486,584.87,2.1498e+09
132.4,0.0034451,584.53,2.1498e+09
132.5,0.0034415,584.19,2.1498e+09
132.6,0.003438,583.85,2.1498e+09
132.7,0.0034345,583.51,2.1498e+09
132.8,0.003431,583.17,2.1498e+09
132.9,0.0034276,582.83,2.1498e+09
133,0.0034242,582.49,2.1498e+09
133.1,0.0034208,582.15,2.1499e+09
133.2,0.0034174,581.81,2.1499e+09
133.3,0.0034141,581.47,2.1499e+09
133.4,0.0034108,581.13,2.1499e+09
133.5,0.0034075,580.79,2.1499e+09
133.6,0.0034043,580.45,2.1499e+09
133.7,0.003401,580.12,2.1499e+09
133.8,0.0033978,579.78,2.1499e+09
133.9,0.0033947,579.44,2.1499e+09
134,0.0033915,579.1,2.1499e+09
134.1,0.0033884,578.77,2.1499e+09
134.2,0.0033853,578.43,2.1499e+09
134.3,0.0033822,578.09,2.1499e+09
134.4,0.0033791,577.75,2.1499e+09
134.5,0.0033761,577.42,2.1499e+09
134.6,0.003373,577.08,2.1499e+09
134.7,0.00337,576.75,2.1499e+09
134.8,0.003367,576.41,2.1499e+09
134.9,0.0033641,576.07,2.1499e+09
135,0.0033611,575.74,2.1499e+09
135.1,0.0033582,575.4,2.1499e+09
135.2,0.0033553,575.07,2.1499e+09
135.3,0.0033524,574.73,2.1499e+09
135.4,0.0033495,574.4,2.1499e+09
135.5,0.0033467,574.07,2.1499e+09
135.6,0.0033439,573.73,2.1499e+09
135.7,0.003341,573.4,2.1499e+09
135.8,0.0033382,573.06,2.1499e+09
135.9,0.0033355,572.73,2.1499e+09
136,0.0033327,572.4,2.1499e+09
136.1,0.0033299,572.06,2.1499e+09
136.2,0.0033272,571.73,2.1499e+09
136.3,0.0033245,571.4,2.1499e+09
136.4,0.0033218,571.07,2.1499e+09
136.5,0.0033191,570.73,2.1499e+09
136.6,0.0033164,570.4,2.1499e+09
136.7,0.0033138,570.07,2.1499e+09
136.8,0.0033111,569.74,2.1499e+09
136.9,0.0033085,569.41,2.1499e+09
137,0.0033059,569.08,2.1499e+09
137.1,0.0033033,568.75,2.1499e+09
137.2,0.0033007,568.42,2.1499e+09
137.3,0.0032981,568.09,2.1499e+09
137.4,0.0032956,567.76,2.1499e+09
137.5,0.003293,567.43,2.1499e+09
137.6,0.0032905,567.1,2.1499e+09
137.7,0.003288,566.77,2.1499e+09
137.8,0.0032855,566.44,2.1499e+09
137.9,0.003283,566.11,2.1499e+09
138,0.0032805,565.78,2.1499e+09
138.1,0.003278,565.45,2.1499e+09
138.2,0.0032755,565.12,2.1499e+09
138.3,0.0032731,564.79,2.1499e+09
138.4,0.0032707,564.46,2.1499e+09
138.5,0.0032682,564.14,2.1499e+09
138.6,0.0032658,563.81,2.1499e+09
138.7,0.0032634,563.48,2.1499e+09
138.8,0.003261,563.15,2.1499e+09
138.9,0.0032586,562.83,2.1499e+09
139,0.0032562,562.5,2.1499e+09
139.1,0.0032539,562.17,2.1499e+09
139.2,0.0032515,561.85,2.1499e+09
139.3,0.0032492,561.52,2.1499e+09
139.4,0.0032468,561.2,2.1499e+09
139.5,0.0032445,560.87,2.1499e+09
139.6,0.0032422,560.54,2.1499e+09
139.7,0.0032399,560.22,2.1499e+09
139.8,0.0032376,559.89,2.1499e+09
139.9,0.0032353,559.57,2.1499e+09
140,0.003233,559.24,2.1499e+09
140.1,0.0032307,558.92,2.1499e+09
140.2,0.0032285,558.6,2.1499e+09
140.3,0.0032262,558.27,2.1499e+09
140.4,0.003224,557.95,2.1499e+09
140.5,0.0032217,557.62,2.1499e+09
140.6,0.0032195,557.3,2.1499e+09
140.7,0.0032173,556.98,2.1499e+09
140.8,0.003215,556.65,2.1499e+09
140.9,0.0032128,556.33,2.1499e+09
141,0.0032106,556.01,2.1499e+09
141.1,0.0032084,555.69,2.1499e+09
141.2,0.0032063,555.37,2.1499e+09
141.3,0.0032041,555.04,2.1499e+09
141.4,0.0032019,554.72,2.1499e+09
141.5,0.0031997,554.4,2.1499e+09
141.6,0.0031976,554.08,2.1499e+09
141.7,0.0031954,553.76,2.1499e+09
141.8,0.0031933,553.44,2.1499e+09
141.9,0.0031911,553.12,2.1499e+09
142,0.003189,552.8,2.1499e+09
142.1,0.0031869,552.47,2.1499e+09
142.2,0.0031847,552.15,2.1499e+09
142.3,0.0031826,551.83,2.1499e+09
142.4,0.0031805,551.52,2.1499e+09
142.5,0.0031784,551.2,2.1499e+09
142.6,0.0031763,550.88,2.1499e+09
142.7,0.0031742,550.56,2.1499e+09
142.8,0.0031721,550.24,2.1499e+09
142.9,0.0031701,549.92,2.1499e+09
143,0.003168,549.6,2.1499e+09
143.1,0.0031659,549.28,2.1499e+09
143.2,0.0031639,548.97,2.1499e+09
143.3,0.0031618,548.65,2.1499e+09
143.4,0.0031597,548.33,2.1499e+09
143.5,0.0031577,548.01,2.1499e+09
143.6,0.0031557,547.7,2.1499e+09
143.7,0.0031536,547.38,2.1499e+09
143.8,0.0031516,547.06,2.1499e+09
143.9,0.0031496,546.74,2.1499e+09
144,0.0031475,546.43,2.1499e+09
144.1,0.0031455,546.11,2.1499e+09
144.2,0.0031435,545.8,2.1499e+09
144.3,0.0031415,545.48,2.1499e+09
144.4,0.0031395,545.17,2.1499e+09
144.5,0.0031375,544.85,2.1499e+09
144.6,0.0031355,544.53,2.1499e+09
144.7,0.0031335,544.22,2.1499e+09
144.8,0.0031315,543.9,2.1499e+09
144.9,0.0031295,543.59,2.1499e+09
145,0.0031276,543.28,2.1499e+09
145.1,0.0031256,542.96,2.1499e+09
145.2,0.0031236,542.65,2.1499e+09
145.3,0.0031216,542.33,2.1499e+09
145.4,0.0031197,542.02,2.1499e+09
145.5,0.0031177,541.71,2.1499e+09
145.6,0.0031158,541.39,2.1499e+09
145.7,0.0031138,541.08,2.1499e+09
145.8,0.0031119,540.77,2.1499e+09
145.9,0.0031099,540.46,2.1499e+09
146,0.003108,540.14,2.1499e+09
146.1,0.0031061,539.83,2.1499e+09
146.2,0.0031041,539.52,2.1499e+09
146.3,0.0031022,539.21,2.1499e+09
146.4,0.0031003,538.9,2.1499e+09
146.5,0.0030983,538.59,2.1499e+09
146.6,0.0030964,538.27,2.1499e+09
146.7,0.0030945,537.96,2.1499e+09
146.8,0.0030926,537.65,2.1499e+09
146.9,0.0030907,537.34,2.1499e+09
147,0.0030888,537.03,2.1499e+09
147.1,0.0030869,536.72,2.1499e+09
147.2,0.003085,536.41,2.1499e+09
147.3,0.0030831,536.1,2.1499e+09
147.4,0.0030812,535.79,2.1499e+09
147.5,0.0030793,535.48,2.1499e+09
147.6,0.0030774,535.17,2.1499e+09
147.7,0.0030755,534.87,2.1499e+09
147.8,0.0030737,534.56,2.1499e+09
147.9,0.0030718,534.25,2.1499e+09
148,0.0030699,533.94,2.1499e+09
148.1,0.003068,533.63,2.15e+09
148.2,0.0030662,533.32,2.15e+09
148.3,0.0030643,533.02,2.15e+09
148.4,0.0030624,532.71,2.15e+09
148.5,0.0030606,532.4,2.15e+09
148.6,0.0030587,532.09,2.15e+09
148.7,0.0030569,531.79,2.15e+09
148.8,0.003055,531.48,2.15e+09
148.9,0.0030532,531.17,2.15e+09
149,0.0030513,530.87,2.15e+09
149.1,0.0030495,530.56,2.15e+09
149.2,0.0030476,530.26,2.15e+09
149.3,0.0030458,529.95,2.15e+09
149.4,0.003044,529.64,2.15e+09
149.5,0.0030421,529.34,2.15e+09
149.6,0.0030403,529.03,2.15e+09
149.7,0.0030385,528.73,2.15e+09
149.8,0.0030366,528.42,2.15e+09
149.9,0.0030348,528.12,2.15e+09
150,0.003033,527.82,2.15e+09
150.1,0.0030312,527.51,2.15e+09
150.2,0.0030294,527.21,2.15e+09
150.3,0.0030276,526.9,2.15e+09
150.4,0.0030257,526.6,2.15e+09
150.5,0.0030239,526.3,2.15e+09
150.6,0.0030221,525.99,2.15e+09
150.7,0.0030203,525.69,2.15e+09
150.8,0.0030185,525.39,2.15e+09
150.9,0.0030167,525.09,2.15e+09
151,0.0030149,524.78,2.15e+09
151.1,0.0030131,524.48,2.15e+09
151.2,0.0030113,524.18,2.15e+09
151.3,0.0030095,523.88,2.15e+09
151.4,0.0030077,523.58,2.15e+09
151.5,0.003006,523.27,2.15e+09
151.6,0.0030042,522.97,2.15e+09
151.7,0.0030024,522.67,2.15e+09
151.8,0.0030006,522.37,2.15e+09
151.9,0.0029988,522.07,2.15e+09
152,0.002997,521.77,2.15e+09
152.1,0.0029953,521.47,2.15e+09
152.2,0.0029935,521.17,2.15e+09
152.3,0.0029917,520.87,2.15e+09
152.4,0.0029899,520.57,2.15e+09
152.5,0.0029882,520.27,2.15e+09
152.6,0.0029864,519.97,2.15e+09
152.7,0.0029846,519.67,2.15e+09
152.8,0.0029829,519.37,2.15e+09
152.9,0.0029811,519.08,2.15e+09
153,0.0029794,518.78,2.15e+09
153.1,0.0029776,518.48,2.15e+09
153.2,0.0029758,518.18,2.15e+09
153.3,0.0029741,517.88,2.15e+09
153.4,0.0029723,517.59,2.15e+09
153.5,0.0029706,517.29,2.15e+09
153.6,0.0029688,516.99,2.15e+09
153.7,0.0029671,516.69,2.15e+09
153.8,0.0029653,516.4,2.15e+09
153.9,0.0029636,516.1,2.15e+09
154,0.0029619,515.8,2.15e+09
154.1,0.0029601,515.51,2.15e+09
154.2,0.0029584,515.21,2.15e+09
154.3,0.0029566,514.91,2.15e+09
154.4,0.0029549,514.62,2.15e+09
154.5,0.0029532,514.32,2.15e+09
154.6,0.0029514,514.03,2.15e+09
154.7,0.0029497,513.73,2.15e+09
154.8,0.002948,513.44,2.15e+09
154.9,0.0029463,513.14,2.15e+09
155,0.0029445,512.85,2.15e+09
155.1,0.0029428,512.55,2.15e+09
155.2,0.0029411,512.26,2.15e+09
155.3,0.0029394,511.97,2.15e+09
155.4,0.0029377,511.67,2.15e+09
155.5,0.0029359,511.38,2.15e+09
155.6,0.0029342,511.08,2.15e+09
155.7,0.0029325,510.79,2.15e+09
155.8,0.0029308,510.5,2.15e+09
155.9,0.0029291,510.21,2.15e+09
156,0.0029274,509.91,2.15e+09
156.1,0.0029257,509.62,2.15e+09
156.2,0.002924,509.33,2.15e+09
156.3,0.0029223,509.04,2.15e+09
156.4,0.0029205,508.74,2.15e+09
156.5,0.0029188,508.45,2.15e+09
156.6,0.0029171,508.16,2.15e+09
156.7,0.0029154,507.87,2.15e+09
156.8,0.0029137,507.58,2.15e+09
156.9,0.002912,507.29,2.15e+09
157,0.0029104,507,2.15e+09
157.1,0.0029087,506.71,2.15e+09
157.2,0.002907,506.41,2.15e+09
157.3,0.0029053,506.12,2.15e+09
157.4,0.0029036,505.83,2.15e+09
157.5,0.0029019,505.54,2.15e+09
157.6,0.0029002,505.25,2.15e+09
157.7,0.0028985,504.97,2.15e+09
157.8,0.0028968,504.68,2.15e+09
157.9,0.0028952,504.39,2.15e+09
158,0.0028935,504.1,2.15e+09
158.1,0.0028918,503.81,2.15e+09
158.2,0.0028901,503.52,2.15e+09
158.3,0.0028884,503.23,2.15e+09
158.4,0.0028868,502.94,2.15e+09
158.5,0.0028851,502.66,2.15e+09
158.6,0.0028834,502.37,2.15e+09
158.7,0.0028818,502.08,2.15e+09
158.8,0.0028801,501.79,2.15e+09
158.9,0.0028784,501.51,2.15e+09
159,0.0028767,501.22,2.15e+09
159.1,0.0028751,500.93,2.15e+09
159.2,0.0028734,500.64,2.15e+09
159.3,0.0028717,500.36,2.15e+09
159.4,0.0028701,500.07,2.15e+09
159.5,0.0028684,499.79,2.15e+09
159.6,0.0028668,499.5,2.15e+09
159.7,0.0028651,499.21,2.15e+09
159.8,0.0028634,498.93,2.15e+09
159.9,0.0028618,498.64,2.15e+09
160,0.0028601,498.36,2.15e+09
160.1,0.0028585,498.07,2.15e+09
160.2,0.0028568,497.79,2.15e+09
160.3,0.0028552,497.5,2.15e+09
160.4,0.0028535,497.22,2.15e+09
160.5,0.0028519,496.93,2.15e+09
160.6,0.0028502,496.65,2.15e+09
160.7,0.0028486,496.37,2.15e+09
160.8,0.0028469,496.08,2.15e+09
160.9,0.0028453,495.8,2.15e+09
161,0.0028437,495.52,2.15e+09
161.1,0.002842,495.23,2.15e+09
161.2,0.0028404,494.95,2.15e+09
161.3,0.0028387,494.67,2.15e+09
161.4,0.0028371,494.38,2.15e+09
161.5,0.0028355,494.1,2.15e+09
161.6,0.0028338,493.82,2.15e+09
161.7,0.0028322,493.54,2.15e+09
161.8,0.0028306,493.25,2.15e+09
161.9,0.0028289,492.97,2.15e+09
162,0.0028273,492.69,2.15e+09
162.1,0.0028257,492.41,2.15e+09
162.2,0.002824,492.13,2.15e+09
162.3,0.0028224,491.85,2.15e+09
162.4,0.0028208,491.57,2.15e+09
162.5,0.0028192,491.29,2.15e+09
162.6,0.0028175,491.01,2.15e+09
162.7,0.0028159,490.73,2.15e+09
162.8,0.0028143,490.45,2.15e+09
162.9,0.0028127,490.17,2.15e+09
163,0.0028111,489.89,2.15e+09
163.1,0.0028094,489.61,2.15e+09
163.2,0.0028078,489.33,2.15e+09
163.3,0.0028062,489.05,2.15e+09
163.4,0.0028046,488.77,2.15e+09
163.5,0.002803,488.49,2.15e+09
163.6,0.0028014,488.21,2.15e+09
163.7,0.0027998,487.93,2.15e+09
163.8,0.0027982,487.65,2.15e+09
163.9,0.0027965,487.38,2.15e+09
164,0.0027949,487.1,2.15e+09
164.1,0.0027933,486.82,2.15e+09
164.2,0.0027917,486.54,2.15e+09
164.3,0.0027901,486.26,2.15e+09
164.4,0.0027885,485.99,2.15e+09
164.5,0.0027869,485.71,2.15e+09
164.6,0.0027853,485.43,2.15e+09
164.7,0.0027837,485.16,2.15e+09
164.8,0.0027821,484.88,2.15e+09
164.9,0.0027805,484.6,2.15e+09
165,0.0027789,484.33,2.15e+09
165.1,0.0027773,484.05,2.15e+09
165.2,0.0027757,483.78,2.15e+09
165.3,0.0027742,483.5,2.15e+09
165.4,0.0027726,483.22,2.15e+09
165.5,0.002771,482.95,2.15e+09
165.6,0.0027694,482.67,2.15e+09
165.7,0.0027678,482.4,2.15e+09
165.8,0.0027662,482.12,2.15e+09
165.9,0.0027646,481.85,2.15e+09
166,0.002763,481.58,2.15e+09
166.1,0.0027615,481.3,2.15e+09
166.2,0.0027599,481.03,2.15e+09
166.3,0.0027583,480.75,2.15e+09
166.4,0.0027567,480.48,2.15e+09
166.5,0.0027551,480.21,2.15e+09
166.6,0.0027536,479.93,2.15e+09
166.7,0.002752,479.66,2.15e+09
166.8,0.0027504,479.39,2.15e+09
166.9,0.0027488,479.11,2.15e+09
167,0.0027472,478.84,2.15e+09
167.1,0.0027457,478.57,2.15e+09
167.2,0.0027441,478.3,2.15e+09
167.3,0.0027425,478.03,2.15e+09
167.4,0.002741,477.75,2.15e+09
167.5,0.0027394,477.48,2.15e+09
167.6,0.0027378,477.21,2.15e+09
167.7,0.0027363,476.94,2.15e+09
167.8,0.0027347,476.67,2.15e+09
167.9,0.0027331,476.4,2.15e+09
168,0.0027316,476.13,2.15e+09
168.1,0.00273,475.85,2.15e+09
168.2,0.0027284,475.58,2.15e+09
168.3,0.0027269,475.31,2.15e+09
168.4,0.0027253,475.04,2.15e+09
168.5,0.0027238,474.77,2.15e+09
168.6,0.0027222,474.5,2.15e+09
168.7,0.0027207,474.23,2.15e+09
168.8,0.0027191,473.96,2.15e+09
168.9,0.0027175,473.7,2.15e+09
169,0.002716,473.43,2.15e+09
169.1,0.0027144,473.16,2.15e+09
169.2,0.0027129,472.89,2.15e+09
169.3,0.0027113,472.62,2.15e+09
169.4,0.0027098,472.35,2.15e+09
169.5,0.0027082,472.08,2.15e+09
169.6,0.0027067,471.82,2.15e+09
169.7,0.0027052,471.55,2.15e+09
169.8,0.0027036,471.28,2.15e+09
169.9,0.0027021,471.01,2.15e+09
170,0.0027005,470.74,2.15e+09
170.1,0.002699,470.48,2.15e+09
170.2,0.0026974,470.21,2.15e+09
170.3,0.0026959,469.94,2.15e+09
170.4,0.0026944,469.68,2.15e+09
170.5,0.0026928,469.41,2.15e+09
170.6,0.0026913,469.14,2.15e+09
170.7,0.0026898,468.88,2.15e+09
170.8,0.0026882,468.61,2.15e+09
170.9,0.0026867,468.35,2.15e+09
171,0.0026852,468.08,2.15e+09
171.1,0.0026836,467.81,2.15e+09
171.2,0.0026821,467.55,2.15e+09
171.3,0.0026806,467.28,2.15e+09
171.4,0.002679,467.02,2.15e+09
171.5,0.0026775,466.75,2.15e+09
171.6,0.002676,466.49,2.15e+09
171.7,0.0026745,466.23,2.15e+09
171.8,0.0026729,465.96,2.15e+09
171.9,0.0026714,465.7,2.15e+09
172,0.0026699,465.43,2.15e+09
172.1,0.0026684,465.17,2.15e+09
172.2,0.0026668,464.91,2.15e+09
172.3,0.0026653,464.64,2.15e+09
172.4,0.0026638,464.38,2.15e+09
172.5,0.0026623,464.12,2.15e+09
172.6,0.0026608,463.85,2.15e+09
172.7,0.0026593,463.59,2.15e+09
172.8,0.0026577,463.33,2.15e+09
172.9,0.0026562,463.07,2.15e+09
173,0.0026547,462.8,2.15e+09
173.1,0.0026532,462.54,2.15e+09
173.2,0.0026517,462.28,2.15e+09
173.3,0.0026502,462.02,2.15e+09
173.4,0.0026487,461.76,2.15e+09
173.5,0.0026472,461.49,2.15e+09
173.6,0.0026457,461.23,2.15e+09
173.7,0.0026442,460.97,2.15e+09
173.8,0.0026427,460.71,2.15e+09
173.9,0.0026412,460.45,2.15e+09
174,0.0026397,460.19,2.15e+09
174.1,0.0026382,459.93,2.15e+09
174.2,0.0026367,459.67,2.15e+09
174.3,0.0026352,459.41,2.15e+09
174.4,0.0026337,459.15,2.15e+09
174.5,0.0026322,458.89,2.15e+09
174.6,0.0026307,458.63,2.15e+09
174.7,0.0026292,458.37,2.15e+09
174.8,0.0026277,458.11,2.15e+09
174.9,0.0026262,457.85,2.15e+09
175,0.0026247,457.59,2.15e+09
175.1,0.0026232,457.34,2.15e+09
175.2,0.0026217,457.08,2.15e+09
175.3,0.0026202,456.82,2.15e+09
175.4,0.0026187,456.56,2.15e+09
175.5,0.0026172,456.3,2.15e+09
175.6,0.0026158,456.04,2.15e+09
175.7,0.0026143,455.79,2.15e+09
175.8,0.0026128,455.53,2.15e+09
175.9,0.0026113,455.27,2.15e+09
176,0.0026098,455.01,2.15e+09
176.1,0.0026083,454.76,2.15e+09
176.2,0.0026069,454.5,2.15e+09
176.3,0.0026054,454.24,2.15e+09
176.4,0.0026039,453.99,2.15e+09
176.5,0.0026024,453.73,2.15e+09
176.6,0.0026009,453.47,2.15e+09
176.7,0.0025995,453.22,2.15e+09
176.8,0.002598,452.96,2.15e+09
176.9,0.0025965,452.71,2.15e+09
177,0.002595,452.45,2.15e+09
177.1,0.0025936,452.2,2.15e+09
177.2,0.0025921,451.94,2.15e+09
177.3,0.0025906,451.69,2.15e+09
177.4,0.0025892,451.43,2.15e+09
177.5,0.0025877,451.18,2.15e+09
177.6,0.0025862,450.92,2.15e+09
177.7,0.0025848,450.67,2.15e+09
177.8,0.0025833,450.41,2.15e+09
177.9,0.0025818,450.16,2.15e+09
178,0.0025804,449.9,2.15e+09
178.1,0.0025789,449.65,2.15e+09
178.2,0.0025774,449.4,2.15e+09
178.3,0.002576,449.14,2.15e+09
178.4,0.0025745,448.89,2.15e+09
178.5,0.0025731,448.64,2.15e+09
178.6,0.0025716,448.38,2.15e+09
178.7,0.0025702,448.13,2.15e+09
178.8,0.0025687,447.88,2.15e+09
178.9,0.0025672,447.63,2.15e+09
179,0.0025658,447.37,2.15e+09
179.1,0.0025643,447.12,2.15e+09
179.2,0.0025629,446.87,2.15e+09
179.3,0.0025614,446.62,2.15e+09
179.4,0.00256,446.37,2.15e+09
179.5,0.0025585,446.12,2.15e+09
179.6,0.0025571,445.86,2.15e+09
179.7,0.0025556,445.61,2.15e+09
179.8,0.0025542,445.36,2.15e+09
179.9,0.0025527,445.11,2.15e+09
180,0.0025513,444.86,2.15e+09
180.1,0.0025499,444.61,2.15e+09
180.2,0.0025484,444.36,2.15e+09
180.3,0.002547,444.11,2.15e+09
180.4,0.0025455,443.86,2.15e+09
180.5,0.0025441,443.61,2.15e+09
180.6,0.0025427,443.36,2.15e+09
180.7,0.0025412,443.11,2.15e+09
180.8,0.0025398,442.86,2.15e+09
180.9,0.0025383,442.61,2.15e+09
181,0.0025369,442.36,2.15e+09
181.1,0.0025355,442.11,2.15e+09
181.2,0.002534,441.87,2.15e+09
181.3,0.0025326,441.62,2.15e+09
181.4,0.0025312,441.37,2.15e+09
181.5,0.0025297,441.12,2.15e+09
181.6,0.0025283,440.87,2.15e+09
181.7,0.0025269,440.63,2.15e+09
181.8,0.0025255,440.38,2.15e+09
181.9,0.002524,440.13,2.15e+09
182,0.0025226,439.88,2.15e+09
182.1,0.0025212,439.64,2.15e+09
182.2,0.0025198,439.39,2.15e+09
182.3,0.0025183,439.14,2.15e+09
182.4,0.0025169,438.89,2.15e+09
182.5,0.0025155,438.65,2.15e+09
182.6,0.0025141,438.4,2.15e+09
182.7,0.0025127,438.15,2.15e+09
182.8,0.0025112,437.91,2.15e+09
182.9,0.0025098,437.66,2.15e+09
183,0.0025084,437.42,2.15e+09
183.1,0.002507,437.17,2.15e+09
183.2,0.0025056,436.93,2.15e+09
183.3,0.0025042,436.68,2.15e+09
183.4,0.0025027,436.44,2.15e+09
183.5,0.0025013,436.19,2.15e+09
183.6,0.0024999,435.95,2.15e+09
183.7,0.0024985,435.7,2.15e+09
183.8,0.0024971,435.46,2.15e+09
183.9,0.0024957,435.21,2.15e+09
184,0.0024943,434.97,2.15e+09
184.1,0.0024929,434.72,2.15e+09
184.2,0.0024915,434.48,2.15e+09
184.3,0.0024901,434.24,2.15e+09
184.4,0.0024887,433.99,2.15e+09
184.5,0.0024873,433.75,2.15e+09
184.6,0.0024859,433.51,2.15e+09
184.7,0.0024845,433.26,2.15e+09
184.8,0.0024831,433.02,2.15e+09
184.9,0.0024817,432.78,2.15e+09
185,0.0024803,432.53,2.15e+09
185.1,0.0024789,432.29,2.15e+09
185.2,0.0024775,432.05,2.15e+09
185.3,0.0024761,431.81,2.15e+09
185.4,0.0024747,431.56,2.15e+09
185.5,0.0024733,431.32,2.15e+09
185.6,0.0024719,431.08,2.15e+09
185.7,0.0024705,430.84,2.15e+09
185.8,0.0024691,430.6,2.15e+09
185.9,0.0024677,430.36,2.15e+09
186,0.0024663,430.12,2.15e+09
186.1,0.0024649,429.87,2.15e+09
186.2,0.0024636,429.63,2.15e+09
186.3,0.0024622,429.39,2.15e+09
186.4,0.0024608,429.15,2.15e+09
186.5,0.0024594,428.91,2.15e+09
186.6,0.002458,428.67,2.15e+09
186.7,0.0024566,428.43,2.15e+09
186.8,0.0024552,428.19,2.15e+09
186.9,0.0024539,427.95,2.15e+09
187,0.0024525,427.71,2.15e+09
187.1,0.0024511,427.47,2.15e+09
187.2,0.0024497,427.23,2.15e+09
187.3,0.0024484,427,2.15e+09
187.4,0.002447,426.76,2.15e+09
187.5,0.0024456,426.52,2.15e+09
187.6,0.0024442,426.28,2.15e+09
187.7,0.0024429,426.04,2.15e+09
187.8,0.0024415,425.8,2.15e+09
187.9,0.0024401,425.56,2.15e+09
188,0.0024387,425.33,2.15e+09
188.1,0.0024374,425.09,2.15e+09
188.2,0.002436,424.85,2.15e+09
188.3,0.0024346,424.61,2.15e+09
188.4,0.0024333,424.38,2.15e+09
188.5,0.0024319,424.14,2.15e+09
188.6,0.0024305,423.9,2.15e+09
188.7,0.0024292,423.66,2.15e+09
188.8,0.0024278,423.43,2.15e+09
188.9,0.0024264,423.19,2.15e+09
189,0.0024251,422.95,2.15e+09
189.1,0.0024237,422.72,2.15e+09
189.2,0.0024223,422.48,2.15e+09
189.3,0.002421,422.25,2.15e+09
189.4,0.0024196,422.01,2.15e+09
189.5,0.0024183,421.77,2.15e+09
189.6,0.0024169,421.54,2.15e+09
189.7,0.0024156,421.3,2.15e+09
189.8,0.0024142,421.07,2.15e+09
189.9,0.0024128,420.83,2.15e+09
190,0.0024115,420.6,2.15e+09
190.1,0.0024101,420.36,2.15e+09
190.2,0.0024088,420.13,2.15e+09
190.3,0.0024074,419.89,2.15e+09
190.4,0.0024061,419.66,2.15e+09
190.5,0.0024047,419.43,2.15e+09
190.6,0.0024034,419.19,2.15e+09
190.7,0.002402,418.96,2.15e+09
190.8,0.0024007,418.72,2.15e+09
190.9,0.0023993,418.49,2.15e+09
191,0.002398,418.26,2.15e+09
191.1,0.0023967,418.02,2.15e+09
191.2,0.0023953,417.79,2.15e+09
191.3,0.002394,417.56,2.15e+09
191.4,0.0023926,417.32,2.15e+09
191.5,0.0023913,417.09,2.15e+09
191.6,0.0023899,416.86,2.15e+09
191.7,0.0023886,416.63,2.15e+09
191.8,0.0023873,416.39,2.15e+09
191.9,0.0023859,416.16,2.15e+09
192,0.0023846,415.93,2.15e+09
192.1,0.0023833,415.7,2.15e+09
192.2,0.0023819,415.47,2.15e+09
192.3,0.0023806,415.24,2.15e+09
192.4,0.0023793,415,2.15e+09
192.5,0.0023779,414.77,2.15e+09
192.6,0.0023766,414.54,2.15e+09
192.7,0.0023753,414.31,2.15e+09
192.8,0.0023739,414.08,2.15e+09
192.9,0.0023726,413.85,2.15e+09
193,0.0023713,413.62,2.15e+09
193.1,0.00237,413.39,2.15e+09
193.2,0.0023686,413.16,2.15e+09
193.3,0.0023673,412.93,2.15e+09
193.4,0.002366,412.7,2.15e+09
193.5,0.0023647,412.47,2.15e+09
193.6,0.0023633,412.24,2.15e+09
193.7,0.002362,412.01,2.15e+09
193.8,0.0023607,411.78,2.15e+09
193.9,0.0023594,411.55,2.15e+09
194,0.0023581,411.32,2.15e+09
194.1,0.0023567,411.09,2.15e+09
194.2,0.0023554,410.87,2.15e+09
194.3,0.0023541,410.64,2.15e+09
194.4,0.0023528,410.41,2.15e+09
194.5,0.0023515,410.18,2.15e+09
194.6,0.0023502,409.95,2.15e+09
194.7,0.0023488,409.72,2.15e+09
194.8,0.0023475,409.5,2.15e+09
194.9,0.0023462,409.27,2.15e+09
195,0.0023449,409.04,2.15e+09
195.1,0.0023436,408.81,2.15e+09
195.2,0.0023423,408.59,2.15e+09
195.3,0.002341,408.36,2.15e+09
195.4,0.0023397,408.13,2.15e+09
195.5,0.0023384,407.91,2.15e+09
195.6,0.0023371,407.68,2.15e+09
195.7,0.0023358,407.45,2.15e+09
195.8,0.0023345,407.23,2.15e+09
195.9,0.0023331,407,2.15e+09
196,0.0023318,406.77,2.15e+09
196.1,0.0023305,406.55,2.15e+09
196.2,0.0023292,406.32,2.15e+09
196.3,0.0023279,406.1,2.15e+09
196.4,0.0023266,405.87,2.15e+09
196.5,0.0023253,405.65,2.15e+09
196.6,0.002324,405.42,2.15e+09
196.7,0.0023228,405.2,2.15e+09
196.8,0.0023215,404.97,2.15e+09
196.9,0.0023202,404.75,2.15e+09
197,0.0023189,404.52,2.15e+09
197.1,0.0023176,404.3,2.15e+09
197.2,0.0023163,404.07,2.15e+09
197.3,0.002315,403.85,2.15e+09
197.4,0.0023137,403.63,2.15e+09
197.5,0.0023124,403.4,2.15e+09
197.6,0.0023111,403.18,2.15e+09
197.7,0.0023098,402.95,2.15e+09
197.8,0.0023085,402.73,2.15e+09
197.9,0.0023073,402.51,2.15e+09
198,0.002306,402.28,2.15e+09
198.1,0.0023047,402.06,2.15e+09
198.2,0.0023034,401.84,2.15e+09
198.3,0.0023021,401.62,2.15e+09
198.4,0.0023008,401.39,2.15e+09
198.5,0.0022996,401.17,2.15e+09
198.6,0.0022983,400.95,2.15e+09
198.7,0.002297,400.73,2.15e+09
198.8,0.0022957,400.5,2.15e+09
198.9,0.0022944,400.28,2.15e+09
199,0.0022932,400.06,2.15e+09
199.1,0.0022919,399.84,2.15e+09
199.2,0.0022906,399.62,2.15e+09
199.3,0.0022893,399.4,2.15e+09
199.4,0.0022881,399.18,2.15e+09
199.5,0.0022868,398.95,2.15e+09
199.6,0.0022855,398.73,2.15e+09
199.7,0.0022842,398.51,2.15e+09
199.8,0.002283,398.29,2.15e+09
199.9,0.0022817,398.07,2.15e+09
200,0.0022804,397.85,2.15e+09
