0,5e+06,1000,1e+06
0.1,4.9108e+06,1012.2,1.0135e+06
0.2,4.8232e+06,1024.2,1.0299e+06
0.3,4.7371e+06,1036,1.0496e+06
0.4,4.6526e+06,1047.5,1.0732e+06
0.5,4.5696e+06,1058.9,1.1007e+06
0.6,4.4881e+06,1069.9,1.1337e+06
0.7,4.408e+06,1080.8,1.1732e+06
0.8,4.3293e+06,1091.5,1.2203e+06
0.9,4.2521e+06,1101.9,1.2774e+06
1,4.1762e+06,1112.2,1.347e+06
1.1,4.1017e+06,1122.2,1.4329e+06
1.2,4.0286e+06,1132.1,1.541e+06
1.3,3.9567e+06,1141.7,1.6802e+06
1.4,3.8861e+06,1151.2,1.8645e+06
1.5,3.8167e+06,1160.5,2.1186e+06
1.6,3.7487e+06,1169.6,2.4869e+06
1.7,3.6818e+06,1178.5,3.0656e+06
1.8,3.6161e+06,1187.3,4.0561e+06
1.9,3.5516e+06,1195.8,5.4426e+06
2,3.4882e+06,1204.3,7.2415e+06
2.1,3.426e+06,1212.5,9.5368e+06
2.2,3.3648e+06,1220.6,1.241e+07
2.3,3.3048e+06,1228.5,1.5934e+07
2.4,3.2458e+06,1236.2,2.016e+07
2.5,3.1879e+06,1243.8,2.5119e+07
2.6,3.1311e+06,1251.3,3.0816e+07
2.7,3.0752e+06,1258.6,3.7231e+07
2.8,3.0203e+06,1265.7,4.4327e+07
2.9,2.9664e+06,1272.7,5.2055e+07
3,2.9135e+06,1279.6,6.0359e+07
3.1,2.8615e+06,1286.3,6.9179e+07
3.2,2.8105e+06,1292.9,7.8458e+07
3.3,2.7603e+06,1299.3,8.814e+07
3.4,2.7111e+06,1305.6,9.8175e+07
3.5,2.6627e+06,1311.8,1.0852e+08
3.6,2.6152e+06,1317.8,1.1913e+08
3.7,2.5686e+06,1323.7,1.2996e+08
3.8,2.5227e+06,1329.5,1.41e+08
3.9,2.4777e+06,1335.2,1.522e+08
4,2.4335e+06,1340.8,1.6355e+08
4.1,2.3901e+06,1346.2,1.7501e+08
4.2,2.3474e+06,1351.5,1.8658e+08
4.3,2.3056e+06,1356.7,1.9823e+08
4.4,2.2644e+06,1361.8,2.0996e+08
4.5,2.224e+06,1366.8,2.2173e+08
4.6,2.1844e+06,1371.7,2.3355e+08
4.7,2.1454e+06,1376.5,2.4541e+08
4.8,2.1071e+06,1381.1,2.5729e+08
4.9,2.0695e+06,1385.7,2.6918e+08
5,2.0326e+06,1390.2,2.8108e+08
5.1,1.9963e+06,1394.6,2.9297e+08
5.2,1.9607e+06,1398.8,3.0487e+08
5.3,1.9257e+06,1403,3.1675e+08
5.4,1.8914e+06,1407.1,3.2862e+08
5.5,1.8576e+06,1411.1,3.4046e+08
5.6,1.8245e+06,1415,3.5228e+08
5.7,1.7919e+06,1418.8,3.6407e+08
5.8,1.76e+06,1422.6,3.7584e+08
5.9,1.7286e+06,1426.2,3.8756e+08
6,1.6977e+06,1429.8,3.9925e+08
6.1,1.6674e+06,1433.3,4.109e+08
6.2,1.6377e+06,1436.7,4.2251e+08
6.3,1.6085e+06,1440,4.3407e+08
6.4,1.5798e+06,1443.2,4.4559e+08
6.5,1.5516e+06,1446.4,4.5706e+08
6.6,1.5239e+06,1449.5,4.6848e+08
6.7,1.4967e+06,1452.5,4.7985e+08
6.8,1.47e+06,1455.5,4.9116e+08
6.9,1.4438e+06,1458.4,5.0243e+08
7,1.418e+06,1461.2,5.1364e+08
7.1,1.3927e+06,1463.9,5.248e+08
7.2,1.3679e+06,1466.6,5.359e+08
7.3,1.3435e+06,1469.2,5.4694e+08
7.4,1.3195e+06,1471.7,5.5793e+08
7.5,1.2959e+06,1474.2,5.6886e+08
7.6,1.2728e+06,1476.6,5.7973e+08
7.7,1.2501e+06,1479,5.9054e+08
7.8,1.2278e+06,1481.3,6.0129e+08
7.9,1.2059e+06,1483.5,6.1199e+08
8,1.1844e+06,1485.7,6.2262e+08
8.1,1.1633e+06,1487.8,6.332e+08
8.2,1.1425e+06,1489.9,6.4371e+08
8.3,1.1221e+06,1491.9,6.5416e+08
8.4,1.1021e+06,1493.9,6.6455e+08
8.5,1.0824e+06,1495.8,6.7488e+08
8.6,1.0631e+06,1497.7,6.8515e+08
8.7,1.0442e+06,1499.5,6.9536e+08
8.8,1.0255e+06,1501.2,7.0551e+08
8.9,1.0072e+06,1502.9,7.156e+08
9,9.8926e+05,1504.6,7.2562e+08
9.1,9.7161e+05,1506.2,7.3558e+08
9.2,9.5428e+05,1507.8,7.4549e+08
9.3,9.3725e+05,1509.3,7.5533e+08
9.4,9.2053e+05,1510.7,7.6511e+08
9.5,9.0411e+05,1512.2,7.7483e+08
9.6,8.8798e+05,1513.6,7.8449e+08
9.7,8.7213e+05,1514.9,7.9408e+08
9.8,8.5657e+05,1516.2,8.0362e+08
9.9,8.4129e+05,1517.5,8.131e+08
10,8.2628e+05,1518.7,8.2251e+08
10.1,8.1154e+05,1519.9,8.3187e+08
10.2,7.9706e+05,1521,8.4116e+08
10.3,7.8284e+05,1522.1,8.504e+08
10.4,7.6887e+05,1523.2,8.5957e+08
10.5,7.5515e+05,1524.2,8.6869e+08
10.6,7.4168e+05,1525.2,8.7775e+08
10.7,7.2845e+05,1526.2,8.8675e+08
10.8,7.1545e+05,1527.1,8.9568e+08
10.9,7.0269e+05,1528,9.0457e+08
11,6.9015e+05,1528.8,9.1339e+08
11.1,6.7784e+05,1529.7,9.2215e+08
11.2,6.6574e+05,1530.5,9.3086e+08
11.3,6.5386e+05,1531.2,9.3951e+08
11.4,6.422e+05,1531.9,9.481e+08
11.5,6.3074e+05,1532.6,9.5663e+08
11.6,6.1949e+05,1533.3,9.6511e+08
11.7,6.0843e+05,1534,9.7353e+08
11.8,5.9758e+05,1534.6,9.819e+08
11.9,5.8692e+05,1535.1,9.902e+08
12,5.7645e+05,1535.7,9.9846e+08
12.1,5.6616e+05,1536.2,1.0067e+09
12.2,5.5606e+05,1536.7,1.0148e+09
12.3,5.4614e+05,1537.2,1.0229e+09
12.4,5.3639e+05,1537.6,1.0309e+09
12.5,5.2682e+05,1538.1,1.0389e+09
12.6,5.1743e+05,1538.5,1.0468e+09
12.7,5.0819e+05,1538.8,1.0547e+09
12.8,4.9913e+05,1539.2,1.0625e+09
12.9,4.9022e+05,1539.5,1.0703e+09
13,4.8148e+05,1539.8,1.078e+09
13.1,4.7289e+05,1540.1,1.0856e+09
13.2,4.6445e+05,1540.4,1.0932e+09
13.3,4.5616e+05,1540.6,1.1008e+09
13.4,4.4802e+05,1540.8,1.1083e+09
13.5,4.4003e+05,1541,1.1157e+09
13.6,4.3218e+05,1541.2,1.1231e+09
13.7,4.2447e+05,1541.3,1.1305e+09
13.8,4.169e+05,1541.4,1.1378e+09
13.9,4.0946e+05,1541.6,1.145e+09
14,4.0215e+05,1541.7,1.1522e+09
14.1,3.9498e+05,1541.7,1.1594e+09
14.2,3.8793e+05,1541.8,1.1665e+09
14.3,3.8101e+05,1541.8,1.1735e+09
14.4,3.7421e+05,1541.8,1.1805e+09
14.5,3.6753e+05,1541.8,1.1875e+09
14.6,3.6098e+05,1541.8,1.1944e+09
14.7,3.5454e+05,1541.8,1.2012e+09
14.8,3.4821e+05,1541.7,1.208e+09
14.9,3.42e+05,1541.7,1.2148e+09
15,3.359e+05,1541.6,1.2215e+09
15.1,3.299e+05,1541.5,1.2282e+09
15.2,3.2402e+05,1541.4,1.2348e+09
15.3,3.1824e+05,1541.3,1.2414e+09
15.4,3.1256e+05,1541.1,1.2479e+09
15.5,3.0698e+05,1541,1.2544e+09
15.6,3.0151e+05,1540.8,1.2608e+09
15.7,2.9613e+05,1540.6,1.2672e+09
15.8,2.9084e+05,1540.4,1.2736e+09
15.9,2.8565e+05,1540.2,1.2799e+09
16,2.8056e+05,1540,1.2861e+09
16.1,2.7555e+05,1539.7,1.2923e+09
16.2,2.7064e+05,1539.5,1.2985e+09
16.3,2.6581e+05,1539.2,1.3046e+09
16.4,2.6106e+05,1538.9,1.3107e+09
16.5,2.5641e+05,1538.7,1.3168e+09
16.6,2.5183e+05,1538.4,1.3228e+09
16.7,2.4734e+05,1538,1.3287e+09
16.8,2.4293e+05,1537.7,1.3346e+09
16.9,2.3859e+05,1537.4,1.3405e+09
17,2.3433e+05,1537,1.3463e+09
17.1,2.3015e+05,1536.7,1.3521e+09
17.2,2.2605e+05,1536.3,1.3579e+09
17.3,2.2201e+05,1535.9,1.3636e+09
17.4,2.1805e+05,1535.6,1.3693e+09
17.5,2.1416e+05,1535.2,1.3749e+09
17.6,2.1034e+05,1534.8,1.3805e+09
17.7,2.0659e+05,1534.3,1.386e+09
17.8,2.029e+05,1533.9,1.3915e+09
17.9,1.9928e+05,1533.5,1.397e+09
18,1.9573e+05,1533,1.4024e+09
18.1,1.9224e+05,1532.6,1.4078e+09
18.2,1.8881e+05,1532.1,1.4132e+09
18.3,1.8544e+05,1531.7,1.4185e+09
18.4,1.8213e+05,1531.2,1.4238e+09
18.5,1.7888e+05,1530.7,1.429e+09
18.6,1.7569e+05,1530.2,1.4342e+09
18.7,1.7255e+05,1529.7,1.4394e+09
18.8,1.6947e+05,1529.2,1.4445e+09
18.9,1.6645e+05,1528.7,1.4496e+09
19,1.6348e+05,1528.1,1.4547e+09
19.1,1.6056e+05,1527.6,1.4597e+09
19.2,1.577e+05,1527.1,1.4647e+09
19.3,1.5489e+05,1526.5,1.4697e+09
19.4,1.5212e+05,1526,1.4746e+09
19.5,1.4941e+05,1525.4,1.4795e+09
19.6,1.4674e+05,1524.8,1.4843e+09
19.7,1.4413e+05,1524.3,1.4891e+09
19.8,1.4155e+05,1523.7,1.4939e+09
19.9,1.3903e+05,1523.1,1.4986e+09
20,1.3655e+05,1522.5,1.5034e+09
20.1,1.3411e+05,1521.9,1.508e+09
20.2,1.3172e+05,1521.3,1.5127e+09
20.3,1.2937e+05,1520.7,1.5173e+09
20.4,1.2706e+05,1520.1,1.5219e+09
20.5,1.2479e+05,1519.5,1.5264e+09
20.6,1.2257e+05,1518.8,1.5309e+09
20.7,1.2038e+05,1518.2,1.5354e+09
20.8,1.1823e+05,1517.6,1.5398e+09
20.9,1.1612e+05,1516.9,1.5443e+09
21,1.1405e+05,1516.3,1.5487e+09
21.1,1.1202e+05,1515.6,1.553e+09
21.2,1.1002e+05,1515,1.5573e+09
21.3,1.0805e+05,1514.3,1.5616e+09
21.4,1.0613e+05,1513.6,1.5659e+09
21.5,1.0423e+05,1513,1.5701e+09
21.6,1.0237e+05,1512.3,1.5743e+09
21.7,1.0055e+05,1511.6,1.5785e+09
21.8,98753,1510.9,1.5826e+09
21.9,96992,1510.3,1.5867e+09
22,95261,1509.6,1.5908e+09
22.1,93561,1508.9,1.5949e+09
22.2,91892,1508.2,1.5989e+09
22.3,90253,1507.5,1.6029e+09
22.4,88642,1506.8,1.6068e+09
22.5,87061,1506,1.6108e+09
22.6,85508,1505.3,1.6147e+09
22.7,83982,1504.6,1.6186e+09
22.8,82484,1503.9,1.6224e+09
22.9,81012,1503.2,1.6262e+09
23,79567,1502.4,1.63e+09
23.1,78147,1501.7,1.6338e+09
23.2,76753,1501,1.6376e+09
23.3,75383,1500.2,1.6413e+09
23.4,74038,1499.5,1.645e+09
23.5,72718,1498.7,1.6486e+09
23.6,71420,1498,1.6523e+09
23.7,70146,1497.2,1.6559e+09
23.8,68894,1496.5,1.6595e+09
23.9,67665,1495.7,1.663e+09
24,66458,1495,1.6665e+09
24.1,65272,1494.2,1.6701e+09
24.2,64108,1493.5,1.6735e+09
24.3,62964,1492.7,1.677e+09
24.4,61841,1491.9,1.6804e+09
24.5,60737,1491.2,1.6838e+09
24.6,59654,1490.4,1.6872e+09
24.7,58589,1489.6,1.6906e+09
24.8,57544,1488.8,1.6939e+09
24.9,56517,1488.1,1.6972e+09
25,55509,1487.3,1.7005e+09
25.1,54519,1486.5,1.7038e+09
25.2,53546,1485.7,1.707e+09
25.3,52591,1484.9,1.7102e+09
25.4,51652,1484.1,1.7134e+09
25.5,50731,1483.3,1.7166e+09
25.6,49826,1482.5,1.7197e+09
25.7,48937,1481.7,1.7229e+09
25.8,48063,1480.9,1.726e+09
25.9,47206,1480.1,1.729e+09
26,46364,1479.3,1.7321e+09
26.1,45537,1478.5,1.7351e+09
26.2,44724,1477.7,1.7381e+09
26.3,43926,1476.9,1.7411e+09
26.4,43142,1476.1,1.7441e+09
26.5,42373,1475.3,1.7471e+09
26.6,41617,1474.5,1.75e+09
26.7,40874,1473.7,1.7529e+09
26.8,40145,1472.9,1.7558e+09
26.9,39429,1472.1,1.7586e+09
27,38725,1471.3,1.7615e+09
27.1,38034,1470.4,1.7643e+09
27.2,37356,1469.6,1.7671e+09
27.3,36689,1468.8,1.7699e+09
27.4,36035,1468,1.7727e+09
27.5,35392,1467.2,1.7754e+09
27.6,34760,1466.3,1.7781e+09
27.7,34140,1465.5,1.7808e+09
27.8,33531,1464.7,1.7835e+09
27.9,32933,1463.9,1.7862e+09
28,32345,1463,1.7888e+09
28.1,31768,1462.2,1.7914e+09
28.2,31201,1461.4,1.794e+09
28.3,30645,1460.6,1.7966e+09
28.4,30098,1459.7,1.7992e+09
28.5,29561,1458.9,1.8018e+09
28.6,29033,1458.1,1.8043e+09
28.7,28515,1457.2,1.8068e+09
28.8,28007,1456.4,1.8093e+09
28.9,27507,1455.6,1.8118e+09
29,27016,1454.7,1.8142e+09
29.1,26534,1453.9,1.8167e+09
29.2,26061,1453,1.8191e+09
29.3,25596,1452.2,1.8215e+09
29.4,25139,1451.4,1.8239e+09
29.5,24691,1450.5,1.8263e+09
29.6,24250,1449.7,1.8286e+09
29.7,23818,1448.9,1.831e+09
29.8,23393,1448,1.8333e+09
29.9,22975,1447.2,1.8356e+09
30,22565,1446.3,1.8379e+09
30.1,22163,1445.5,1.8401e+09
30.2,21767,1444.6,1.8424e+09
30.3,21379,1443.8,1.8446e+09
30.4,20997,1443,1.8469e+09
30.5,20623,1442.1,1.8491e+09
30.6,20255,1441.3,1.8513e+09
30.7,19894,1440.4,1.8534e+09
30.8,19539,1439.6,1.8556e+09
30.9,19190,1438.7,1.8577e+09
31,18848,1437.9,1.8599e+09
31.1,18511,1437,1.862e+09
31.2,18181,1436.2,1.8641e+09
31.3,17857,1435.4,1.8661e+09
31.4,17538,1434.5,1.8682e+09
31.5,17225,1433.7,1.8703e+09
31.6,16918,1432.8,1.8723e+09
31.7,16616,1432,1.8743e+09
31.8,16320,1431.1,1.8763e+09
31.9,16028,1430.3,1.8783e+09
32,15742,1429.4,1.8803e+09
32.1,15462,1428.6,1.8823e+09
32.2,15186,1427.7,1.8842e+09
32.3,14915,1426.9,1.8861e+09
32.4,14649,1426,1.8881e+09
32.5,14387,1425.2,1.89e+09
32.6,14131,1424.3,1.8919e+09
32.7,13879,1423.5,1.8937e+09
32.8,13631,1422.6,1.8956e+09
32.9,13388,1421.8,1.8975e+09
33,13149,1420.9,1.8993e+09
33.1,12914,1420.1,1.9011e+09
33.2,12684,1419.2,1.9029e+09
33.3,12458,1418.4,1.9047e+09
33.4,12235,1417.5,1.9065e+09
33.5,12017,1416.7,1.9083e+09
33.6,11803,1415.8,1.9101e+09
33.7,11592,1415,1.9118e+09
33.8,11385,1414.1,1.9135e+09
33.9,11182,1413.3,1.9153e+09
34,10983,1412.4,1.917e+09
34.1,10787,1411.6,1.9187e+09
34.2,10594,1410.7,1.9203e+09
34.3,10405,1409.9,1.922e+09
34.4,10220,1409,1.9237e+09
34.5,10037,1408.2,1.9253e+09
34.6,9858.1,1407.3,1.927e+09
34.7,9682.2,1406.5,1.9286e+09
34.8,9509.5,1405.6,1.9302e+09
34.9,9339.8,1404.8,1.9318e+09
35,9173.2,1403.9,1.9334e+09
35.1,9009.5,1403.1,1.935e+09
35.2,8848.8,1402.2,1.9365e+09
35.3,8690.9,1401.4,1.9381e+09
35.4,8535.8,1400.5,1.9396e+09
35.5,8383.5,1399.7,1.9412e+09
35.6,8234,1398.8,1.9427e+09
35.7,8087.1,1398,1.9442e+09
35.8,7942.8,1397.1,1.9457e+09
35.9,7801.1,1396.3,1.9472e+09
36,7661.9,1395.5,1.9487e+09
36.1,7525.2,1394.6,1.9501e+09
36.2,7390.9,1393.8,1.9516e+09
36.3,7259.1,1392.9,1.953e+09
36.4,7129.5,1392.1,1.9545e+09
36.5,7002.3,1391.2,1.9559e+09
36.6,6877.4,1390.4,1.9573e+09
36.7,6754.7,1389.5,1.9587e+09
36.8,6634.2,1388.7,1.9601e+09
36.9,6515.8,1387.8,1.9615e+09
37,6399.6,1387,1.9629e+09
37.1,6285.4,1386.1,1.9642e+09
37.2,6173.3,1385.3,1.9656e+09
37.3,6063.1,1384.5,1.9669e+09
37.4,5954.9,1383.6,1.9683e+09
37.5,5848.7,1382.8,1.9696e+09
37.6,5744.4,1381.9,1.9709e+09
37.7,5641.9,1381.1,1.9722e+09
37.8,5541.2,1380.2,1.9735e+09
37.9,5442.3,1379.4,1.9748e+09
38,5345.2,1378.5,1.9761e+09
38.1,5249.9,1377.7,1.9773e+09
38.2,5156.2,1376.9,1.9786e+09
38.3,5064.2,1376,1.9798e+09
38.4,4973.9,1375.2,1.9811e+09
38.5,4885.1,1374.3,1.9823e+09
38.6,4798,1373.5,1.9835e+09
38.7,4712.4,1372.7,1.9847e+09
38.8,4628.3,1371.8,1.986e+09
38.9,4545.7,1371,1.9871e+09
39,4464.6,1370.1,1.9883e+09
39.1,4385,1369.3,1.9895e+09
39.2,4306.7,1368.5,1.9907e+09
39.3,4229.9,1367.6,1.9918e+09
39.4,4154.4,1366.8,1.993e+09
39.5,4080.3,1365.9,1.9941e+09
39.6,4007.5,1365.1,1.9953e+09
39.7,3936,1364.3,1.9964e+09
39.8,3865.8,1363.4,1.9975e+09
39.9,3796.8,1362.6,1.9986e+09
40,3729.1,1361.8,1.9997e+09
40.1,3662.5,1360.9,2.0008e+09
40.2,3597.2,1360.1,2.0019e+09
40.3,3533,1359.3,2.003e+09
40.4,3470,1358.4,2.0041e+09
40.5,3408.1,1357.6,2.0051e+09
40.6,3347.3,1356.8,2.0062e+09
40.7,3287.5,1355.9,2.0072e+09
40.8,3228.9,1355.1,2.0083e+09
40.9,3171.3,1354.3,2.0093e+09
41,3114.7,1353.4,2.0103e+09
41.1,3059.1,1352.6,2.0114e+09
41.2,3004.5,1351.8,2.0124e+09
41.3,2950.9,1350.9,2.0134e+09
41.4,2898.3,1350.1,2.0144e+09
41.5,2846.6,1349.3,2.0154e+09
41.6,2795.8,1348.4,2.0163e+09
41.7,2745.9,1347.6,2.0173e+09
41.8,2696.9,1346.8,2.0183e+09
41.9,2648.8,1346,2.0192e+09
42,2601.5,1345.1,2.0202e+09
42.1,2555.1,1344.3,2.0211e+09
42.2,2509.5,1343.5,2.0221e+09
42.3,2464.8,1342.6,2.023e+09
42.4,2420.8,1341.8,2.0239e+09
42.5,2377.6,1341,2.0249e+09
42.6,2335.2,1340.2,2.0258e+09
42.7,2293.5,1339.3,2.0267e+09
42.8,2252.6,1338.5,2.0276e+09
42.9,2212.4,1337.7,2.0285e+09
43,2172.9,1336.9,2.0294e+09
43.1,2134.2,1336,2.0302e+09
43.2,2096.1,1335.2,2.0311e+09
43.3,2058.7,1334.4,2.032e+09
43.4,2022,1333.6,2.0328e+09
43.5,1985.9,1332.8,2.0337e+09
43.6,1950.5,1331.9,2.0345e+09
43.7,1915.7,1331.1,2.0354e+09
43.8,1881.5,1330.3,2.0362e+09
43.9,1847.9,1329.5,2.0371e+09
44,1814.9,1328.7,2.0379e+09
44.1,1782.6,1327.8,2.0387e+09
44.2,1750.8,1327,2.0395e+09
44.3,1719.5,1326.2,2.0403e+09
44.4,1688.8,1325.4,2.0411e+09
44.5,1658.7,1324.6,2.0419e+09
44.6,1629.1,1323.7,2.0427e+09
44.7,1600.1,1322.9,2.0435e+09
44.8,1571.5,1322.1,2.0443e+09
44.9,1543.5,1321.3,2.045e+09
45,1515.9,1320.5,2.0458e+09
45.1,1488.9,1319.7,2.0465e+09
45.2,1462.3,1318.9,2.0473e+09
45.3,1436.2,1318,2.0481e+09
45.4,1410.6,1317.2,2.0488e+09
45.5,1385.4,1316.4,2.0495e+09
45.6,1360.7,1315.6,2.0503e+09
45.7,1336.4,1314.8,2.051e+09
45.8,1312.6,1314,2.0517e+09
45.9,1289.2,1313.2,2.0524e+09
46,1266.2,1312.4,2.0531e+09
46.1,1243.6,1311.5,2.0539e+09
46.2,1221.4,1310.7,2.0546e+09
46.3,1199.6,1309.9,2.0553e+09
46.4,1178.2,1309.1,2.0559e+09
46.5,1157.2,1308.3,2.0566e+09
46.6,1136.5,1307.5,2.0573e+09
46.7,1116.3,1306.7,2.058e+09
46.8,1096.3,1305.9,2.0587e+09
46.9,1076.8,1305.1,2.0593e+09
47,1057.6,1304.3,2.06e+09
47.1,1038.7,1303.5,2.0606e+09
47.2,1020.2,1302.7,2.0613e+09
47.3,1002,1301.9,2.0619e+09
47.4,984.1,1301.1,2.0626e+09
47.5,966.54,1300.3,2.0632e+09
47.6,949.29,1299.5,2.0639e+09
47.7,932.36,1298.7,2.0645e+09
47.8,915.72,1297.9,2.0651e+09
47.9,899.39,1297.1,2.0657e+09
48,883.34,1296.3,2.0663e+09
48.1,867.58,1295.5,2.067e+09
48.2,852.1,1294.7,2.0676e+09
48.3,836.9,1293.9,2.0682e+09
48.4,821.97,1293.1,2.0688e+09
48.5,807.3,1292.3,2.0693e+09
48.6,792.9,1291.5,2.0699e+09
48.7,778.75,1290.7,2.0705e+09
48.8,764.86,1289.9,2.0711e+09
48.9,751.21,1289.1,2.0717e+09
49,737.81,1288.3,2.0722e+09
49.1,724.65,1287.5,2.0728e+09
49.2,711.72,1286.7,2.0734e+09
49.3,699.02,1285.9,2.0739e+09
49.4,686.55,1285.1,2.0745e+09
49.5,674.3,1284.3,2.075e+09
49.6,662.27,1283.5,2.0756e+09
49.7,650.45,1282.7,2.0761e+09
49.8,638.85,1281.9,2.0767e+09
49.9,627.45,1281.1,2.0772e+09
50,616.25,1280.3,2.0777e+09
50.1,605.26,1279.5,2.0783e+09
50.2,594.46,1278.8,2.0788e+09
50.3,583.86,1278,2.0793e+09
50.4,573.44,1277.2,2.0798e+09
50.5,563.21,1276.4,2.0803e+09
50.6,553.16,1275.6,2.0808e+09
50.7,543.29,1274.8,2.0814e+09
50.8,533.6,1274,2.0819e+09
50.9,524.08,1273.2,2.0823e+09
51,514.73,1272.5,2.0828e+09
51.1,505.54,1271.7,2.0833e+09
51.2,496.52,1270.9,2.0838e+09
51.3,487.67,1270.1,2.0843e+09
51.4,478.96,1269.3,2.0848e+09
51.5,470.42,1268.5,2.0853e+09
51.6,462.03,1267.7,2.0857e+09
51.7,453.78,1267,2.0862e+09
51.8,445.69,1266.2,2.0867e+09
51.9,437.74,1265.4,2.0871e+09
52,429.93,1264.6,2.0876e+09
52.1,422.26,1263.8,2.088e+09
52.2,414.72,1263.1,2.0885e+09
52.3,407.32,1262.3,2.0889e+09
52.4,400.06,1261.5,2.0894e+09
52.5,392.92,1260.7,2.0898e+09
52.6,385.91,1259.9,2.0903e+09
52.7,379.02,1259.2,2.0907e+09
52.8,372.26,1258.4,2.0911e+09
52.9,365.62,1257.6,2.0916e+09
53,359.1,1256.8,2.092e+09
53.1,352.69,1256,2.0924e+09
53.2,346.4,1255.3,2.0928e+09
53.3,340.22,1254.5,2.0933e+09
53.4,334.15,1253.7,2.0937e+09
53.5,328.19,1253,2.0941e+09
53.6,322.33,1252.2,2.0945e+09
53.7,316.58,1251.4,2.0949e+09
53.8,310.93,1250.6,2.0953e+09
53.9,305.38,1249.9,2.0957e+09
54,299.94,1249.1,2.0961e+09
54.1,294.58,1248.3,2.0965e+09
54.2,289.33,1247.5,2.0969e+09
54.3,284.17,1246.8,2.0973e+09
54.4,279.1,1246,2.0976e+09
54.5,274.12,1245.2,2.098e+09
54.6,269.23,1244.5,2.0984e+09
54.7,264.42,1243.7,2.0988e+09
54.8,259.71,1242.9,2.0992e+09
54.9,255.07,1242.2,2.0995e+09
55,250.52,1241.4,2.0999e+09
55.1,246.05,1240.6,2.1003e+09
55.2,241.66,1239.9,2.1006e+09
55.3,237.35,1239.1,2.101e+09
55.4,233.12,1238.3,2.1013e+09
55.5,228.96,1237.6,2.1017e+09
55.6,224.87,1236.8,2.1021e+09
55.7,220.86,1236,2.1024e+09
55.8,216.92,1235.3,2.1028e+09
55.9,213.05,1234.5,2.1031e+09
56,209.25,1233.8,2.1034e+09
56.1,205.52,1233,2.1038e+09
56.2,201.85,1232.2,2.1041e+09
56.3,198.25,1231.5,2.1044e+09
56.4,194.71,1230.7,2.1048e+09
56.5,191.24,1230,2.1051e+09
56.6,187.83,1229.2,2.1054e+09
56.7,184.47,1228.4,2.1058e+09
56.8,181.18,1227.7,2.1061e+09
56.9,177.95,1226.9,2.1064e+09
57,174.78,1226.2,2.1067e+09
57.1,171.66,1225.4,2.107e+09
57.2,168.6,1224.6,2.1074e+09
57.3,165.59,1223.9,2.1077e+09
57.4,162.63,1223.1,2.108e+09
57.5,159.73,1222.4,2.1083e+09
57.6,156.88,1221.6,2.1086e+09
57.7,154.08,1220.9,2.1089e+09
57.8,151.33,1220.1,2.1092e+09
57.9,148.63,1219.4,2.1095e+09
58,145.98,1218.6,2.1098e+09
58.1,143.38,1217.9,2.1101e+09
58.2,140.82,1217.1,2.1104e+09
58.3,138.31,1216.4,2.1107e+09
58.4,135.84,1215.6,2.1109e+09
58.5,133.42,1214.9,2.1112e+09
58.6,131.04,1214.1,2.1115e+09
58.7,128.7,1213.4,2.1118e+09
58.8,126.4,1212.6,2.1121e+09
58.9,124.15,1211.9,2.1124e+09
59,121.93,1211.1,2.1126e+09
59.1,119.76,1210.4,2.1129e+09
59.2,117.62,1209.6,2.1132e+09
59.3,115.52,1208.9,2.1134e+09
59.4,113.46,1208.1,2.1137e+09
59.5,111.44,1207.4,2.114e+09
59.6,109.45,1206.6,2.1142e+09
59.7,107.5,1205.9,2.1145e+09
59.8,105.58,1205.2,2.1148e+09
59.9,103.7,1204.4,2.115e+09
60,101.85,1203.7,2.1153e+09
60.1,100.03,1202.9,2.1155e+09
60.2,98.244,1202.2,2.1158e+09
60.3,96.491,1201.4,2.116e+09
60.4,94.77,1200.7,2.1163e+09
60.5,93.079,1200,2.1165e+09
60.6,91.419,1199.2,2.1168e+09
60.7,89.788,1198.5,2.117e+09
60.8,88.186,1197.7,2.1172e+09
60.9,86.613,1197,2.1175e+09
61,85.067,1196.3,2.1177e+09
61.1,83.55,1195.5,2.118e+09
61.2,82.059,1194.8,2.1182e+09
61.3,80.595,1194.1,2.1184e+09
61.4,79.157,1193.3,2.1187e+09
61.5,77.745,1192.6,2.1189e+09
61.6,76.358,1191.9,2.1191e+09
61.7,74.996,1191.1,2.1193e+09
61.8,73.658,1190.4,2.1196e+09
61.9,72.344,1189.6,2.1198e+09
62,71.053,1188.9,2.12e+09
62.1,69.786,1188.2,2.1202e+09
62.2,68.541,1187.4,2.1204e+09
62.3,67.318,1186.7,2.1207e+09
62.4,66.117,1186,2.1209e+09
62.5,64.938,1185.3,2.1211e+09
62.6,63.779,1184.5,2.1213e+09
62.7,62.641,1183.8,2.1215e+09
62.8,61.524,1183.1,2.1217e+09
62.9,60.426,1182.3,2.1219e+09
63,59.348,1181.6,2.1221e+09
63.1,58.29,1180.9,2.1223e+09
63.2,57.25,1180.2,2.1225e+09
63.3,56.228,1179.4,2.1227e+09
63.4,55.225,1178.7,2.1229e+09
63.5,54.24,1178,2.1231e+09
63.6,53.273,1177.2,2.1233e+09
63.7,52.322,1176.5,2.1235e+09
63.8,51.389,1175.8,2.1237e+09
63.9,50.472,1175.1,2.1239e+09
64,49.572,1174.3,2.1241e+09
64.1,48.687,1173.6,2.1243e+09
64.2,47.819,1172.9,2.1245e+09
64.3,46.966,1172.2,2.1247e+09
64.4,46.128,1171.5,2.1248e+09
64.5,45.305,1170.7,2.125e+09
64.6,44.497,1170,2.1252e+09
64.7,43.703,1169.3,2.1254e+09
64.8,42.924,1168.6,2.1256e+09
64.9,42.158,1167.9,2.1257e+09
65,41.406,1167.1,2.1259e+09
65.1,40.667,1166.4,2.1261e+09
65.2,39.942,1165.7,2.1263e+09
65.3,39.229,1165,2.1264e+09
65.4,38.529,1164.3,2.1266e+09
65.5,37.842,1163.5,2.1268e+09
65.6,37.167,1162.8,2.127e+09
65.7,36.504,1162.1,2.1271e+09
65.8,35.853,1161.4,2.1273e+09
65.9,35.213,1160.7,2.1275e+09
66,34.585,1160,2.1276e+09
66.1,33.968,1159.3,2.1278e+09
66.2,33.362,1158.5,2.1279e+09
66.3,32.767,1157.8,2.1281e+09
66.4,32.183,1157.1,2.1283e+09
66.5,31.609,1156.4,2.1284e+09
66.6,31.045,1155.7,2.1286e+09
66.7,30.491,1155,2.1287e+09
66.8,29.947,1154.3,2.1289e+09
66.9,29.413,1153.6,2.129e+09
67,28.888,1152.8,2.1292e+09
67.1,28.373,1152.1,2.1294e+09
67.2,27.867,1151.4,2.1295e+09
67.3,27.37,1150.7,2.1297e+09
67.4,26.882,1150,2.1298e+09
67.5,26.402,1149.3,2.13e+09
67.6,25.931,1148.6,2.1301e+09
67.7,25.469,1147.9,2.1302e+09
67.8,25.014,1147.2,2.1304e+09
67.9,24.568,1146.5,2.1305e+09
68,24.13,1145.8,2.1307e+09
68.1,23.7,1145.1,2.1308e+09
68.2,23.277,1144.4,2.131e+09
68.3,22.862,1143.7,2.1311e+09
68.4,22.454,1143,2.1312e+09
68.5,22.053,1142.3,2.1314e+09
68.6,21.66,1141.6,2.1315e+09
68.7,21.274,1140.9,2.1316e+09
68.8,20.894,1140.1,2.1318e+09
68.9,20.522,1139.4,2.1319e+09
69,20.156,1138.7,2.132e+09
69.1,19.796,1138,2.1322e+09
69.2,19.443,1137.3,2.1323e+09
69.3,19.096,1136.6,2.1324e+09
69.4,18.756,1135.9,2.1326e+09
69.5,18.421,1135.3,2.1327e+09
69.6,18.093,1134.6,2.1328e+09
69.7,17.77,1133.9,2.1329e+09
69.8,17.453,1133.2,2.1331e+09
69.9,17.142,1132.5,2.1332e+09
70,16.836,1131.8,2.1333e+09
70.1,16.536,1131.1,2.1334e+09
70.2,16.241,1130.4,2.1336e+09
70.3,15.951,1129.7,2.1337e+09
70.4,15.667,1129,2.1338e+09
70.5,15.387,1128.3,2.1339e+09
70.6,15.113,1127.6,2.134e+09
70.7,14.843,1126.9,2.1341e+09
70.8,14.579,1126.2,2.1343e+09
70.9,14.319,1125.5,2.1344e+09
71,14.063,1124.8,2.1345e+09
71.1,13.812,1124.1,2.1346e+09
71.2,13.566,1123.4,2.1347e+09
71.3,13.324,1122.8,2.1348e+09
71.4,13.087,1122.1,2.1349e+09
71.5,12.853,1121.4,2.135e+09
71.6,12.624,1120.7,2.1352e+09
71.7,12.399,1120,2.1353e+09
71.8,12.178,1119.3,2.1354e+09
71.9,11.961,1118.6,2.1355e+09
72,11.747,1117.9,2.1356e+09
72.1,11.538,1117.2,2.1357e+09
72.2,11.332,1116.6,2.1358e+09
72.3,11.13,1115.9,2.1359e+09
72.4,10.932,1115.2,2.136e+09
72.5,10.737,1114.5,2.1361e+09
72.6,10.545,1113.8,2.1362e+09
72.7,10.357,1113.1,2.1363e+09
72.8,10.172,1112.5,2.1364e+09
72.9,9.9911,1111.8,2.1365e+09
73,9.8129,1111.1,2.1366e+09
73.1,9.638,1110.4,2.1367e+09
73.2,9.4661,1109.7,2.1368e+09
73.3,9.2973,1109,2.1369e+09
73.4,9.1316,1108.4,2.137e+09
73.5,8.9688,1107.7,2.1371e+09
73.6,8.8089,1107,2.1372e+09
73.7,8.6518,1106.3,2.1373e+09
73.8,8.4976,1105.6,2.1374e+09
73.9,8.3461,1105,2.1375e+09
74,8.1973,1104.3,2.1375e+09
74.1,8.0511,1103.6,2.1376e+09
74.2,7.9076,1102.9,2.1377e+09
74.3,7.7666,1102.2,2.1378e+09
74.4,7.6281,1101.6,2.1379e+09
74.5,7.4922,1100.9,2.138e+09
74.6,7.3586,1100.2,2.1381e+09
74.7,7.2274,1099.5,2.1382e+09
74.8,7.0986,1098.9,2.1383e+09
74.9,6.972,1098.2,2.1383e+09
75,6.8478,1097.5,2.1384e+09
75.1,6.7257,1096.8,2.1385e+09
75.2,6.6058,1096.2,2.1386e+09
75.3,6.4881,1095.5,2.1387e+09
75.4,6.3724,1094.8,2.1388e+09
75.5,6.2588,1094.2,2.1388e+09
75.6,6.1473,1093.5,2.1389e+09
75.7,6.0377,1092.8,2.139e+09
75.8,5.9301,1092.1,2.1391e+09
75.9,5.8244,1091.5,2.1392e+09
76,5.7206,1090.8,2.1392e+09
76.1,5.6186,1090.1,2.1393e+09
76.2,5.5185,1089.5,2.1394e+09
76.3,5.4201,1088.8,2.1395e+09
76.4,5.3235,1088.1,2.1396e+09
76.5,5.2287,1087.5,2.1396e+09
76.6,5.1355,1086.8,2.1397e+09
76.7,5.044,1086.1,2.1398e+09
76.8,4.9541,1085.5,2.1399e+09
76.9,4.8658,1084.8,2.1399e+09
77,4.7791,1084.1,2.14e+09
77.1,4.6939,1083.5,2.1401e+09
77.2,4.6103,1082.8,2.1402e+09
77.3,4.5282,1082.1,2.1402e+09
77.4,4.4475,1081.5,2.1403e+09
77.5,4.3682,1080.8,2.1404e+09
77.6,4.2904,1080.1,2.1404e+09
77.7,4.214,1079.5,2.1405e+09
77.8,4.1389,1078.8,2.1406e+09
77.9,4.0651,1078.2,2.1406e+09
78,3.9927,1077.5,2.1407e+09
78.1,3.9216,1076.8,2.1408e+09
78.2,3.8517,1076.2,2.1408e+09
78.3,3.7831,1075.5,2.1409e+09
78.4,3.7157,1074.9,2.141e+09
78.5,3.6495,1074.2,2.141e+09
78.6,3.5845,1073.5,2.1411e+09
78.7,3.5207,1072.9,2.1412e+09
78.8,3.458,1072.2,2.1412e+09
78.9,3.3964,1071.6,2.1413e+09
79,3.3359,1070.9,2.1414e+09
79.1,3.2765,1070.3,2.1414e+09
79.2,3.2181,1069.6,2.1415e+09
79.3,3.1608,1068.9,2.1416e+09
79.4,3.1045,1068.3,2.1416e+09
79.5,3.0493,1067.6,2.1417e+09
79.6,2.995,1067,2.1417e+09
79.7,2.9416,1066.3,2.1418e+09
79.8,2.8893,1065.7,2.1419e+09
79.9,2.8378,1065,2.1419e+09
80,2.7873,1064.4,2.142e+09
80.1,2.7377,1063.7,2.142e+09
80.2,2.6889,1063.1,2.1421e+09
80.3,2.6411,1062.4,2.1422e+09
80.4,2.594,1061.8,2.1422e+09
80.5,2.5479,1061.1,2.1423e+09
80.6,2.5025,1060.5,2.1423e+09
80.7,2.458,1059.8,2.1424e+09
80.8,2.4142,1059.2,2.1424e+09
80.9,2.3712,1058.5,2.1425e+09
81,2.329,1057.9,2.1425e+09
81.1,2.2876,1057.2,2.1426e+09
81.2,2.2469,1056.6,2.1427e+09
81.3,2.2069,1055.9,2.1427e+09
81.4,2.1676,1055.3,2.1428e+09
81.5,2.1291,1054.6,2.1428e+09
81.6,2.0912,1054,2.1429e+09
81.7,2.054,1053.3,2.1429e+09
81.8,2.0174,1052.7,2.143e+09
81.9,1.9815,1052.1,2.143e+09
82,1.9463,1051.4,2.1431e+09
82.1,1.9117,1050.8,2.1431e+09
82.2,1.8777,1050.1,2.1432e+09
82.3,1.8443,1049.5,2.1432e+09
82.4,1.8115,1048.8,2.1433e+09
82.5,1.7793,1048.2,2.1433e+09
82.6,1.7476,1047.6,2.1434e+09
82.7,1.7165,1046.9,2.1434e+09
82.8,1.686,1046.3,2.1435e+09
82.9,1.656,1045.6,2.1435e+09
83,1.6266,1045,2.1436e+09
83.1,1.5977,1044.4,2.1436e+09
83.2,1.5693,1043.7,2.1437e+09
83.3,1.5414,1043.1,2.1437e+09
83.4,1.514,1042.4,2.1437e+09
83.5,1.4871,1041.8,2.1438e+09
83.6,1.4607,1041.2,2.1438e+09
83.7,1.4347,1040.5,2.1439e+09
83.8,1.4092,1039.9,2.1439e+09
83.9,1.3842,1039.3,2.144e+09
84,1.3596,1038.6,2.144e+09
84.1,1.3354,1038,2.1441e+09
84.2,1.3117,1037.3,2.1441e+09
84.3,1.2884,1036.7,2.1441e+09
84.4,1.2655,1036.1,2.1442e+09
84.5,1.243,1035.4,2.1442e+09
84.6,1.221,1034.8,2.1443e+09
84.7,1.1993,1034.2,2.1443e+09
84.8,1.178,1033.5,2.1444e+09
84.9,1.1571,1032.9,2.1444e+09
85,1.1365,1032.3,2.1444e+09
85.1,1.1163,1031.6,2.1445e+09
85.2,1.0965,1031,2.1445e+09
85.3,1.0771,1030.4,2.1446e+09
85.4,1.058,1029.8,2.1446e+09
85.5,1.0392,1029.1,2.1446e+09
85.6,1.0207,1028.5,2.1447e+09
85.7,1.0026,1027.9,2.1447e+09
85.8,0.98485,1027.2,2.1448e+09
85.9,0.96738,1026.6,2.1448e+09
86,0.95022,1026,2.1448e+09
86.1,0.93337,1025.4,2.1449e+09
86.2,0.91682,1024.7,2.1449e+09
86.3,0.90056,1024.1,2.1449e+09
86.4,0.8846,1023.5,2.145e+09
86.5,0.86892,1022.9,2.145e+09
86.6,0.85351,1022.2,2.1451e+09
86.7,0.83839,1021.6,2.1451e+09
86.8,0.82353,1021,2.1451e+09
86.9,0.80894,1020.4,2.1452e+09
87,0.79461,1019.7,2.1452e+09
87.1,0.78053,1019.1,2.1452e+09
87.2,0.76671,1018.5,2.1453e+09
87.3,0.75313,1017.9,2.1453e+09
87.4,0.73979,1017.2,2.1453e+09
87.5,0.72669,1016.6,2.1454e+09
87.6,0.71383,1016,2.1454e+09
87.7,0.70119,1015.4,2.1454e+09
87.8,0.68878,1014.8,2.1455e+09
87.9,0.6766,1014.1,2.1455e+09
88,0.66463,1013.5,2.1455e+09
88.1,0.65287,1012.9,2.1456e+09
88.2,0.64132,1012.3,2.1456e+09
88.3,0.62998,1011.7,2.1456e+09
88.4,0.61884,1011,2.1457e+09
88.5,0.6079,1010.4,2.1457e+09
88.6,0.59715,1009.8,2.1457e+09
88.7,0.5866,1009.2,2.1458e+09
88.8,0.57623,1008.6,2.1458e+09
88.9,0.56605,1008,2.1458e+09
89,0.55605,1007.3,2.1459e+09
89.1,0.54623,1006.7,2.1459e+09
89.2,0.53659,1006.1,2.1459e+09
89.3,0.52711,1005.5,2.1459e+09
89.4,0.51781,1004.9,2.146e+09
89.5,0.50867,1004.3,2.146e+09
89.6,0.49969,1003.7,2.146e+09
89.7,0.49088,1003.1,2.1461e+09
89.8,0.48222,1002.4,2.1461e+09
89.9,0.47371,1001.8,2.1461e+09
90,0.46536,1001.2,2.1461e+09
90.1,0.45716,1000.6,2.1462e+09
90.2,0.4491,999.99,2.1462e+09
90.3,0.44119,999.38,2.1462e+09
90.4,0.43341,998.77,2.1463e+09
90.5,0.42578,998.16,2.1463e+09
90.6,0.41828,997.55,2.1463e+09
90.7,0.41092,996.95,2.1463e+09
90.8,0.40369,996.34,2.1464e+09
90.9,0.39658,995.73,2.1464e+09
91,0.38961,995.12,2.1464e+09
91.1,0.38275,994.51,2.1464e+09
91.2,0.37602,993.91,2.1465e+09
91.3,0.36941,993.3,2.1465e+09
91.4,0.36292,992.7,2.1465e+09
91.5,0.35654,992.09,2.1465e+09
91.6,0.35028,991.49,2.1466e+09
91.7,0.34413,990.88,2.1466e+09
91.8,0.33809,990.28,2.1466e+09
91.9,0.33215,989.67,2.1466e+09
92,0.32632,989.07,2.1467e+09
92.1,0.3206,988.47,2.1467e+09
92.2,0.31498,987.86,2.1467e+09
92.3,0.30946,987.26,2.1467e+09
92.4,0.30403,986.66,2.1468e+09
92.5,0.29871,986.06,2.1468e+09
92.6,0.29348,985.46,2.1468e+09
92.7,0.28834,984.85,2.1468e+09
92.8,0.28329,984.25,2.1469e+09
92.9,0.27833,983.65,2.1469e+09
93,0.27346,983.05,2.1469e+09
93.1,0.26868,982.45,2.1469e+09
93.2,0.26399,981.86,2.147e+09
93.3,0.25937,981.26,2.147e+09
93.4,0.25484,980.66,2.147e+09
93.5,0.25039,980.06,2.147e+09
93.6,0.24602,979.46,2.147e+09
93.7,0.24173,978.87,2.1471e+09
93.8,0.23752,978.27,2.1471e+09
93.9,0.23337,977.67,2.1471e+09
94,0.22931,977.08,2.1471e+09
94.1,0.22531,976.48,2.1471e+09
94.2,0.22139,975.89,2.1472e+09
94.3,0.21754,975.29,2.1472e+09
94.4,0.21375,974.7,2.1472e+09
94.5,0.21004,974.11,2.1472e+09
94.6,0.20638,973.51,2.1472e+09
94.7,0.2028,972.92,2.1473e+09
94.8,0.19928,972.33,2.1473e+09
94.9,0.19582,971.73,2.1473e+09
95,0.19242,971.14,2.1473e+09
95.1,0.18908,970.55,2.1473e+09
95.2,0.18581,969.96,2.1474e+09
95.3,0.18259,969.37,2.1474e+09
95.4,0.17943,968.78,2.1474e+09
95.5,0.17632,968.19,2.1474e+09
95.6,0.17327,967.6,2.1474e+09
95.7,0.17027,967.01,2.1475e+09
95.8,0.16733,966.42,2.1475e+09
95.9,0.16444,965.83,2.1475e+09
96,0.1616,965.24,2.1475e+09
96.1,0.15882,964.66,2.1475e+09
96.2,0.15608,964.07,2.1476e+09
96.3,0.15339,963.48,2.1476e+09
96.4,0.15075,962.89,2.1476e+09
96.5,0.14815,962.31,2.1476e+09
96.6,0.14561,961.72,2.1476e+09
96.7,0.1431,961.14,2.1476e+09
96.8,0.14065,960.55,2.1477e+09
96.9,0.13823,959.97,2.1477e+09
97,0.13586,959.38,2.1477e+09
97.1,0.13353,958.8,2.1477e+09
97.2,0.13124,958.22,2.1477e+09
97.3,0.129,957.63,2.1477e+09
97.4,0.12679,957.05,2.1478e+09
97.5,0.12462,956.47,2.1478e+09
97.6,0.1225,955.88,2.1478e+09
97.7,0.1204,955.3,2.1478e+09
97.8,0.11835,954.72,2.1478e+09
97.9,0.11633,954.14,2.1478e+09
98,0.11435,953.56,2.1479e+09
98.1,0.11241,952.98,2.1479e+09
98.2,0.1105,952.4,2.1479e+09
98.3,0.10862,951.82,2.1479e+09
98.4,0.10678,951.24,2.1479e+09
98.5,0.10496,950.66,2.1479e+09
98.6,0.10319,950.09,2.1479e+09
98.7,0.10144,949.51,2.148e+09
98.8,0.099723,948.93,2.148e+09
98.9,0.098038,948.35,2.148e+09
99,0.096383,947.78,2.148e+09
99.1,0.094757,947.2,2.148e+09
99.2,0.09316,946.62,2.148e+09
99.3,0.091592,946.05,2.1481e+09
99.4,0.090052,945.47,2.1481e+09
99.5,0.088539,944.9,2.1481e+09
99.6,0.087053,944.32,2.1481e+09
99.7,0.085593,943.75,2.1481e+09
99.8,0.084159,943.18,2.1481e+09
99.9,0.082751,942.6,2.1481e+09
100,0.081368,942.03,2.1481e+09
100.1,0.08001,941.46,2.1482e+09
100.2,0.078676,940.88,2.1482e+09
100.3,0.077365,940.31,2.1482e+09
100.4,0.076078,939.74,2.1482e+09
100.5,0.074814,939.17,2.1482e+09
100.6,0.073572,938.6,2.1482e+09
100.7,0.072352,938.03,2.1482e+09
100.8,0.071154,937.46,2.1483e+09
100.9,0.069978,936.89,2.1483e+09
101,0.068822,936.32,2.1483e+09
101.1,0.067687,935.75,2.1483e+09
101.2,0.066572,935.18,2.1483e+09
101.3,0.065477,934.61,2.1483e+09
101.4,0.064401,934.04,2.1483e+09
101.5,0.063345,933.48,2.1483e+09
101.6,0.062307,932.91,2.1484e+09
101.7,0.061288,932.34,2.1484e+09
101.8,0.060287,931.78,2.1484e+09
101.9,0.059304,931.21,2.1484e+09
102,0.058338,930.65,2.1484e+09
102.1,0.057389,930.08,2.1484e+09
102.2,0.056457,929.52,2.1484e+09
102.3,0.055542,928.95,2.1484e+09
102.4,0.054643,928.39,2.1484e+09
102.5,0.05376,927.82,2.1485e+09
102.6,0.052893,927.26,2.1485e+09
102.7,0.052041,926.7,2.1485e+09
102.8,0.051205,926.13,2.1485e+09
102.9,0.050383,925.57,2.1485e+09
103,0.049576,925.01,2.1485e+09
103.1,0.048783,924.45,2.1485e+09
103.2,0.048004,923.89,2.1485e+09
103.3,0.047239,923.33,2.1485e+09
103.4,0.046488,922.76,2.1486e+09
103.5,0.04575,922.2,2.1486e+09
103.6,0.045025,921.64,2.1486e+09
103.7,0.044313,921.09,2.1486e+09
103.8,0.043613,920.53,2.1486e+09
103.9,0.042927,919.97,2.1486e+09
104,0.042252,919.41,2.1486e+09
104.1,0.041589,918.85,2.1486e+09
104.2,0.040938,918.29,2.1486e+09
104.3,0.040299,917.74,2.1486e+09
104.4,0.039671,917.18,2.1487e+09
104.5,0.039054,916.62,2.1487e+09
104.6,0.038448,916.07,2.1487e+09
104.7,0.037853,915.51,2.1487e+09
104.8,0.037268,914.96,2.1487e+09
104.9,0.036694,914.4,2.1487e+09
105,0.03613,913.85,2.1487e+09
105.1,0.035575,913.29,2.1487e+09
105.2,0.035031,912.74,2.1487e+09
105.3,0.034497,912.18,2.1487e+09
105.4,0.033972,911.63,2.1488e+09
105.5,0.033456,911.08,2.1488e+09
105.6,0.032949,910.52,2.1488e+09
105.7,0.032451,909.97,2.1488e+09
105.8,0.031963,909.42,2.1488e+09
105.9,0.031482,908.87,2.1488e+09
106,0.031011,908.32,2.1488e+09
106.1,0.030548,907.77,2.1488e+09
106.2,0.030092,907.22,2.1488e+09
106.3,0.029645,906.67,2.1488e+09
106.4,0.029206,906.12,2.1488e+09
106.5,0.028775,905.57,2.1488e+09
106.6,0.028351,905.02,2.1489e+09
106.7,0.027935,904.47,2.1489e+09
106.8,0.027526,903.92,2.1489e+09
106.9,0.027125,903.37,2.1489e+09
107,0.02673,902.83,2.1489e+09
107.1,0.026343,902.28,2.1489e+09
107.2,0.025962,901.73,2.1489e+09
107.3,0.025588,901.19,2.1489e+09
107.4,0.025221,900.64,2.1489e+09
107.5,0.02486,900.09,2.1489e+09
107.6,0.024506,899.55,2.1489e+09
107.7,0.024158,899,2.1489e+09
107.8,0.023816,898.46,2.149e+09
107.9,0.02348,897.91,2.149e+09
108,0.02315,897.37,2.149e+09
108.1,0.022826,896.83,2.149e+09
108.2,0.022508,896.28,2.149e+09
108.3,0.022195,895.74,2.149e+09
108.4,0.021888,895.2,2.149e+09
108.5,0.021586,894.65,2.149e+09
108.6,0.021289,894.11,2.149e+09
108.7,0.020998,893.57,2.149e+09
108.8,0.020712,893.03,2.149e+09
108.9,0.020431,892.49,2.149e+09
109,0.020155,891.95,2.149e+09
109.1,0.019884,891.41,2.149e+09
109.2,0.019617,890.87,2.1491e+09
109.3,0.019355,890.33,2.1491e+09
109.4,0.019098,889.79,2.1491e+09
109.5,0.018846,889.25,2.1491e+09
109.6,0.018598,888.71,2.1491e+09
109.7,0.018354,888.17,2.1491e+09
109.8,0.018114,887.64,2.1491e+09
109.9,0.017879,887.1,2.1491e+09
110,0.017648,886.56,2.1491e+09
110.1,0.017421,886.03,2.1491e+09
110.2,0.017198,885.49,2.1491e+09
110.3,0.016979,884.95,2.1491e+09
110.4,0.016764,884.42,2.1491e+09
110.5,0.016552,883.88,2.1491e+09
110.6,0.016344,883.35,2.1491e+09
110.7,0.01614,882.81,2.1492e+09
110.8,0.01594,882.28,2.1492e+09
110.9,0.015743,881.74,2.1492e+09
111,0.015549,881.21,2.1492e+09
111.1,0.015359,880.68,2.1492e+09
111.2,0.015172,880.15,2.1492e+09
111.3,0.014989,879.61,2.1492e+09
111.4,0.014809,879.08,2.1492e+09
111.5,0.014632,878.55,2.1492e+09
111.6,0.014458,878.02,2.1492e+09
111.7,0.014287,877.49,2.1492e+09
111.8,0.014119,876.96,2.1492e+09
111.9,0.013954,876.42,2.1492e+09
112,0.013791,875.89,2.1492e+09
112.1,0.013632,875.36,2.1492e+09
112.2,0.013476,874.84,2.1492e+09
112.3,0.013322,874.31,2.1492e+09
112.4,0.013171,873.78,2.1493e+09
112.5,0.013022,873.25,2.1493e+09
112.6,0.012877,872.72,2.1493e+09
112.7,0.012733,872.19,2.1493e+09
112.8,0.012593,871.67,2.1493e+09
112.9,0.012454,871.14,2.1493e+09
113,0.012318,870.61,2.1493e+09
113.1,0.012185,870.09,2.1493e+09
113.2,0.012054,869.56,2.1493e+09
113.3,0.011925,869.03,2.1493e+09
113.4,0.011798,868.51,2.1493e+09
113.5,0.011674,867.98,2.1493e+09
113.6,0.011551,867.46,2.1493e+09
113.7,0.011431,866.94,2.1493e+09
113.8,0.011313,866.41,2.1493e+09
113.9,0.011197,865.89,2.1493e+09
114,0.011083,865.36,2.1493e+09
114.1,0.010971,864.84,2.1493e+09
114.2,0.010861,864.32,2.1493e+09
114.3,0.010753,863.8,2.1494e+09
114.4,0.010647,863.27,2.1494e+09
114.5,0.010542,862.75,2.1494e+09
114.6,0.01044,862.23,2.1494e+09
114.7,0.010339,861.71,2.1494e+09
114.8,0.01024,861.19,2.1494e+09
114.9,0.010142,860.67,2.1494e+09
115,0.010047,860.15,2.1494e+09
115.1,0.0099527,859.63,2.1494e+09
115.2,0.0098603,859.11,2.1494e+09
115.3,0.0097695,858.59,2.1494e+09
115.4,0.0096802,858.07,2.1494e+09
115.5,0.0095925,857.56,2.1494e+09
115.6,0.0095063,857.04,2.1494e+09
115.7,0.0094216,856.52,2.1494e+09
115.8,0.0093384,856,2.1494e+09
115.9,0.0092566,855.49,2.1494e+09
116,0.0091762,854.97,2.1494e+09
116.1,0.0090972,854.45,2.1494e+09
116.2,0.0090195,853.94,2.1494e+09
116.3,0.0089432,853.42,2.1494e+09
116.4,0.0088682,852.91,2.1494e+09
116.5,0.0087945,852.39,2.1494e+09
116.6,0.008722,851.88,2.1495e+09
116.7,0.0086508,851.36,2.1495e+09
116.8,0.0085808,850.85,2.1495e+09
116.9,0.008512,850.34,2.1495e+09
117,0.0084444,849.82,2.1495e+09
117.1,0.008378,849.31,2.1495e+09
117.2,0.0083126,848.8,2.1495e+09
117.3,0.0082484,848.29,2.1495e+09
117.4,0.0081853,847.77,2.1495e+09
117.5,0.0081232,847.26,2.1495e+09
117.6,0.0080623,846.75,2.1495e+09
117.7,0.0080023,846.24,2.1495e+09
117.8,0.0079434,845.73,2.1495e+09
117.9,0.0078854,845.22,2.1495e+09
118,0.0078285,844.71,2.1495e+09
118.1,0.0077725,844.2,2.1495e+09
118.2,0.0077175,843.69,2.1495e+09
118.3,0.0076634,843.18,2.1495e+09
118.4,0.0076102,842.67,2.1495e+09
118.5,0.0075579,842.17,2.1495e+09
118.6,0.0075065,841.66,2.1495e+09
118.7,0.007456,841.15,2.1495e+09
118.8,0.0074063,840.64,2.1495e+09
118.9,0.0073574,840.14,2.1495e+09
119,0.0073094,839.63,2.1495e+09
119.1,0.0072622,839.12,2.1495e+09
119.2,0.0072157,838.62,2.1495e+09
119.3,0.0071701,838.11,2.1495e+09
119.4,0.0071252,837.61,2.1496e+09
119.5,0.007081,837.1,2.1496e+09
119.6,0.0070376,836.6,2.1496e+09
119.7,0.006995,836.09,2.1496e+09
119.8,0.006953,835.59,2.1496e+09
119.9,0.0069117,835.09,2.1496e+09
120,0.0068712,834.58,2.1496e+09
120.1,0.0068313,834.08,2.1496e+09
120.2,0.006792,833.58,2.1496e+09
120.3,0.0067534,833.07,2.1496e+09
120.4,0.0067155,832.57,2.1496e+09
120.5,0.0066781,832.07,2.1496e+09
120.6,0.0066414,831.57,2.1496e+09
120.7,0.0066053,831.07,2.1496e+09
120.8,0.0065698,830.57,2.1496e+09
120.9,0.0065349,830.07,2.1496e+09
121,0.0065005,829.57,2.1496e+09
121.1,0.0064667,829.07,2.1496e+09
121.2,0.0064335,828.57,2.1496e+09
121.3,0.0064008,828.07,2.1496e+09
121.4,0.0063687,827.57,2.1496e+09
121.5,0.006337,827.07,2.1496e+09
121.6,0.0063059,826.57,2.1496e+09
121.7,0.0062753,826.08,2.1496e+09
121.8,0.0062452,825.58,2.1496e+09
121.9,0.0062155,825.08,2.1496e+09
122,0.0061864,824.58,2.1496e+09
122.1,0.0061577,824.09,2.1496e+09
122.2,0.0061295,823.59,2.1496e+09
122.3,0.0061017,823.1,2.1496e+09
122.4,0.0060744,822.6,2.1496e+09
122.5,0.0060475,822.11,2.1496e+09
122.6,0.0060211,821.61,2.1496e+09
122.7,0.0059951,821.12,2.1496e+09
122.8,0.0059695,820.62,2.1497e+09
122.9,0.0059443,820.13,2.1497e+09
123,0.0059195,819.63,2.1497e+09
123.1,0.0058951,819.14,2.1497e+09
123.2,0.005871,818.65,2.1497e+09
123.3,0.0058474,818.16,2.1497e+09
123.4,0.0058241,817.66,2.1497e+09
123.5,0.0058012,817.17,2.1497e+09
123.6,0.0057787,816.68,2.1497e+09
123.7,0.0057565,816.19,2.1497e+09
123.8,0.0057347,815.7,2.1497e+09
123.9,0.0057132,815.21,2.1497e+09
124,0.005692,814.72,2.1497e+09
124.1,0.0056712,814.23,2.1497e+09
124.2,0.0056506,813.74,2.1497e+09
124.3,0.0056304,813.25,2.1497e+09
124.4,0.0056106,812.76,2.1497e+09
124.5,0.005591,812.27,2.1497e+09
124.6,0.0055717,811.78,2.1497e+09
124.7,0.0055527,811.29,2.1497e+09
124.8,0.005534,810.8,2.1497e+09
124.9,0.0055156,810.32,2.1497e+09
125,0.0054975,809.83,2.1497e+09
125.1,0.0054797,809.34,2.1497e+09
125.2,0.0054621,808.86,2.1497e+09
125.3,0.0054448,808.37,2.1497e+09
125.4,0.0054277,807.88,2.1497e+09
125.5,0.0054109,807.4,2.1497e+09
125.6,0.0053944,806.91,2.1497e+09
125.7,0.0053781,806.43,2.1497e+09
125.8,0.005362,805.94,2.1497e+09
125.9,0.0053462,805.46,2.1497e+09
126,0.0053306,804.98,2.1497e+09
126.1,0.0053153,804.49,2.1497e+09
126.2,0.0053001,804.01,2.1497e+09
126.3,0.0052852,803.52,2.1497e+09
126.4,0.0052705,803.04,2.1497e+09
126.5,0.0052561,802.56,2.1497e+09
126.6,0.0052418,802.08,2.1497e+09
126.7,0.0052278,801.6,2.1497e+09
126.8,0.0052139,801.11,2.1497e+09
126.9,0.0052002,800.63,2.1497e+09
127,0.0051868,800.15,2.1497e+09
127.1,0.0051735,799.67,2.1497e+09
127.2,0.0051605,799.19,2.1497e+09
127.3,0.0051476,798.71,2.1497e+09
127.4,0.0051349,798.23,2.1498e+09
127.5,0.0051223,797.75,2.1498e+09
127.6,0.00511,797.27,2.1498e+09
127.7,0.0050978,796.79,2.1498e+09
127.8,0.0050858,796.32,2.1498e+09
127.9,0.0050739,795.84,2.1498e+09
128,0.0050623,795.36,2.1498e+09
128.1,0.0050507,794.88,2.1498e+09
128.2,0.0050394,794.41,2.1498e+09
128.3,0.0050282,793.93,2.1498e+09
128.4,0.0050171,793.45,2.1498e+09
128.5,0.0050062,792.98,2.1498e+09
128.6,0.0049955,792.5,2.1498e+09
128.7,0.0049849,792.02,2.1498e+09
128.8,0.0049744,791.55,2.1498e+09
128.9,0.0049641,791.07,2.1498e+09
129,0.0049539,790.6,2.1498e+09
129.1,0.0049438,790.12,2.1498e+09
129.2,0.0049339,789.65,2.1498e+09
129.3,0.0049241,789.18,2.1498e+09
129.4,0.0049144,788.7,2.1498e+09
129.5,0.0049049,788.23,2.1498e+09
129.6,0.0048955,787.76,2.1498e+09
129.7,0.0048862,787.28,2.1498e+09
129.8,0.004877,786.81,2.1498e+09
129.9,0.0048679,786.34,2.1498e+09
130,0.004859,785.87,2.1498e+09
130.1,0.0048502,785.4,2.1498e+09
130.2,0.0048415,784.93,2.1498e+09
130.3,0.0048328,784.46,2.1498e+09
130.4,0.0048243,783.98,2.1498e+09
130.5,0.0048159,783.51,2.1498e+09
130.6,0.0048076,783.04,2.1498e+09
130.7,0.0047994,782.58,2.1498e+09
130.8,0.0047913,782.11,2.1498e+09
130.9,0.0047834,781.64,2.1498e+09
131,0.0047754,781.17,2.1498e+09
131.1,0.0047676,780.7,2.1498e+09
131.2,0.0047599,780.23,2.1498e+09
131.3,0.0047523,779.76,2.1498e+09
131.4,0.0047448,779.3,2.1498e+09
131.5,0.0047373,778.83,2.1498e+09
131.6,0.00473,778.36,2.1498e+09
131.7,0.0047227,777.9,2.1498e+09
131.8,0.0047155,777.43,2.1498e+09
131.9,0.0047084,776.96,2.1498e+09
132,0.0047014,776.5,2.1498e+09
132.1,0.0046944,776.03,2.1498e+09
132.2,0.0046876,775.57,2.1498e+09
132.3,0.0046808,775.1,2.1498e+09
132.4,0.004674,774.64,2.1498e+09
132.5,0.0046674,774.18,2.1498e+09
132.6,0.0046608,773.71,2.1498e+09
132.7,0.0046543,773.25,2.1498e+09
132.8,0.0046479,772.79,2.1498e+09
132.9,0.0046415,772.32,2.1498e+09
133,0.0046352,771.86,2.1498e+09
133.1,0.004629,771.4,2.1498e+09
133.2,0.0046229,770.94,2.1498e+09
133.3,0.0046168,770.47,2.1498e+09
133.4,0.0046107,770.01,2.1498e+09
133.5,0.0046047,769.55,2.1498e+09
133.6,0.0045988,769.09,2.1498e+09
133.7,0.004593,768.63,2.1498e+09
133.8,0.0045872,768.17,2.1498e+09
133.9,0.0045815,767.71,2.1498e+09
134,0.0045758,767.25,2.1498e+09
134.1,0.0045702,766.79,2.1498e+09
134.2,0.0045646,766.33,2.1498e+09
134.3,0.0045591,765.87,2.1499e+09
134.4,0.0045536,765.42,2.1499e+09
134.5,0.0045482,764.96,2.1499e+09
134.6,0.0045428,764.5,2.1499e+09
134.7,0.0045375,764.04,2.1499e+09
134.8,0.0045323,763.58,2.1499e+09
134.9,0.0045271,763.13,2.1499e+09
135,0.0045219,762.67,2.1499e+09
135.1,0.0045168,762.21,2.1499e+09
135.2,0.0045117,761.76,2.1499e+09
135.3,0.0045067,761.3,2.1499e+09
135.4,0.0045017,760.85,2.1499e+09
135.5,0.0044968,760.39,2.1499e+09
135.6,0.0044919,759.94,2.1499e+09
135.7,0.004487,759.48,2.1499e+09
135.8,0.0044822,759.03,2.1499e+09
135.9,0.0044775,758.58,2.1499e+09
136,0.0044727,758.12,2.1499e+09
136.1,0.004468,757.67,2.1499e+09
136.2,0.0044634,757.22,2.1499e+09
136.3,0.0044588,756.76,2.1499e+09
136.4,0.0044542,756.31,2.1499e+09
136.5,0.0044497,755.86,2.1499e+09
136.6,0.0044452,755.41,2.1499e+09
136.7,0.0044407,754.95,2.1499e+09
136.8,0.0044363,754.5,2.1499e+09
136.9,0.0044319,754.05,2.1499e+09
137,0.0044275,753.6,2.1499e+09
137.1,0.0044232,753.15,2.1499e+09
137.2,0.0044189,752.7,2.1499e+09
137.3,0.0044146,752.25,2.1499e+09
137.4,0.0044104,751.8,2.1499e+09
137.5,0.0044062,751.35,2.1499e+09
137.6,0.004402,750.9,2.1499e+09
137.7,0.0043979,750.45,2.1499e+09
137.8,0.0043937,750.01,2.1499e+09
137.9,0.0043897,749.56,2.1499e+09
138,0.0043856,749.11,2.1499e+09
138.1,0.0043816,748.66,2.1499e+09
138.2,0.0043776,748.22,2.1499e+09
138.3,0.0043736,747.77,2.1499e+09
138.4,0.0043697,747.32,2.1499e+09
138.5,0.0043657,746.88,2.1499e+09
138.6,0.0043618,746.43,2.1499e+09
138.7,0.004358,745.98,2.1499e+09
138.8,0.0043541,745.54,2.1499e+09
138.9,0.0043503,745.09,2.1499e+09
139,0.0043465,744.65,2.1499e+09
139.1,0.0043427,744.2,2.1499e+09
139.2,0.004339,743.76,2.1499e+09
139.3,0.0043353,743.31,2.1499e+09
139.4,0.0043316,742.87,2.1499e+09
139.5,0.0043279,742.43,2.1499e+09
139.6,0.0043242,741.98,2.1499e+09
139.7,0.0043206,741.54,2.1499e+09
139.8,0.004317,741.1,2.1499e+09
139.9,0.0043134,740.66,2.1499e+09
140,0.0043098,740.21,2.1499e+09
140.1,0.0043062,739.77,2.1499e+09
140.2,0.0043027,739.33,2.1499e+09
140.3,0.0042992,738.89,2.1499e+09
140.4,0.0042957,738.45,2.1499e+09
140.5,0.0042922,738.01,2.1499e+09
140.6,0.0042888,737.57,2.1499e+09
140.7,0.0042853,737.13,2.1499e+09
140.8,0.0042819,736.69,2.1499e+09
140.9,0.0042785,736.25,2.1499e+09
141,0.0042751,735.81,2.1499e+09
141.1,0.0042717,735.37,2.1499e+09
141.2,0.0042684,734.93,2.1499e+09
141.3,0.004265,734.49,2.1499e+09
141.4,0.0042617,734.06,2.1499e+09
141.5,0.0042584,733.62,2.1499e+09
141.6,0.0042551,733.18,2.1499e+09
141.7,0.0042518,732.74,2.1499e+09
141.8,0.0042486,732.31,2.1499e+09
141.9,0.0042453,731.87,2.1499e+09
142,0.0042421,731.43,2.1499e+09
142.1,0.0042389,731,2.1499e+09
142.2,0.0042357,730.56,2.1499e+09
142.3,0.0042325,730.13,2.1499e+09
142.4,0.0042293,729.69,2.1499e+09
142.5,0.0042261,729.26,2.1499e+09
142.6,0.004223,728.82,2.1499e+09
142.7,0.0042198,728.39,2.1499e+09
142.8,0.0042167,727.95,2.1499e+09
142.9,0.0042136,727.52,2.1499e+09
143,0.0042105,727.09,2.1499e+09
143.1,0.0042074,726.65,2.1499e+09
143.2,0.0042044,726.22,2.1499e+09
143.3,0.0042013,725.79,2.1499e+09
143.4,0.0041982,725.35,2.1499e+09
143.5,0.0041952,724.92,2.1499e+09
143.6,0.0041922,724.49,2.1499e+09
143.7,0.0041892,724.06,2.1499e+09
143.8,0.0041862,723.63,2.1499e+09
143.9,0.0041832,723.2,2.1499e+09
144,0.0041802,722.77,2.1499e+09
144.1,0.0041772,722.34,2.1499e+09
144.2,0.0041742,721.91,2.1499e+09
144.3,0.0041713,721.48,2.1499e+09
144.4,0.0041684,721.05,2.1499e+09
144.5,0.0041654,720.62,2.1499e+09
144.6,0.0041625,720.19,2.1499e+09
144.7,0.0041596,719.76,2.1499e+09
144.8,0.0041567,719.33,2.1499e+09
144.9,0.0041538,718.9,2.1499e+09
145,0.0041509,718.47,2.1499e+09
145.1,0.004148,718.05,2.1499e+09
145.2,0.0041452,717.62,2.1499e+09
145.3,0.0041423,717.19,2.1499e+09
145.4,0.0041395,716.77,2.1499e+09
145.5,0.0041366,716.34,2.1499e+09
145.6,0.0041338,715.91,2.1499e+09
145.7,0.004131,715.49,2.1499e+09
145.8,0.0041281,715.06,2.1499e+09
145.9,0.0041253,714.64,2.1499e+09
146,0.0041225,714.21,2.1499e+09
146.1,0.0041197,713.79,2.1499e+09
146.2,0.004117,713.36,2.1499e+09
146.3,0.0041142,712.94,2.1499e+09
146.4,0.0041114,712.51,2.1499e+09
146.5,0.0041087,712.09,2.1499e+09
146.6,0.0041059,711.67,2.1499e+09
146.7,0.0041032,711.24,2.1499e+09
146.8,0.0041004,710.82,2.1499e+09
146.9,0.0040977,710.4,2.1499e+09
147,0.004095,709.97,2.1499e+09
147.1,0.0040922,709.55,2.1499e+09
147.2,0.0040895,709.13,2.1499e+09
147.3,0.0040868,708.71,2.1499e+09
147.4,0.0040841,708.29,2.1499e+09
147.5,0.0040814,707.87,2.1499e+09
147.6,0.0040787,707.45,2.1499e+09
147.7,0.0040761,707.03,2.1499e+09
147.8,0.0040734,706.6,2.1499e+09
147.9,0.0040707,706.18,2.1499e+09
148,0.0040681,705.77,2.1499e+09
148.1,0.0040654,705.35,2.1499e+09
148.2,0.0040628,704.93,2.1499e+09
148.3,0.0040601,704.51,2.1499e+09
148.4,0.0040575,704.09,2.1499e+09
148.5,0.0040548,703.67,2.1499e+09
148.6,0.0040522,703.25,2.1499e+09
148.7,0.0040496,702.84,2.1499e+09
148.8,0.004047,702.42,2.1499e+09
148.9,0.0040444,702,2.1499e+09
149,0.0040418,701.58,2.1499e+09
149.1,0.0040392,701.17,2.1499e+09
149.2,0.0040366,700.75,2.1499e+09
149.3,0.004034,700.33,2.15e+09
149.4,0.0040314,699.92,2.15e+09
149.5,0.0040288,699.5,2.15e+09
149.6,0.0040262,699.09,2.15e+09
149.7,0.0040236,698.67,2.15e+09
149.8,0.0040211,698.26,2.15e+09
149.9,0.0040185,697.84,2.15e+09
150,0.004016,697.43,2.15e+09
150.1,0.0040134,697.01,2.15e+09
150.2,0.0040109,696.6,2.15e+09
150.3,0.0040083,696.19,2.15e+09
150.4,0.0040058,695.77,2.15e+09
150.5,0.0040032,695.36,2.15e+09
150.6,0.0040007,694.95,2.15e+09
150.7,0.0039982,694.54,2.15e+09
150.8,0.0039957,694.12,2.15e+09
150.9,0.0039931,693.71,2.15e+09
151,0.0039906,693.3,2.15e+09
151.1,0.0039881,692.89,2.15e+09
151.2,0.0039856,692.48,2.15e+09
151.3,0.0039831,692.07,2.15e+09
151.4,0.0039806,691.66,2.15e+09
151.5,0.0039781,691.25,2.15e+09
151.6,0.0039756,690.84,2.15e+09
151.7,0.0039731,690.43,2.15e+09
151.8,0.0039707,690.02,2.15e+09
151.9,0.0039682,689.61,2.15e+09
152,0.0039657,689.2,2.15e+09
152.1,0.0039632,688.79,2.15e+09
152.2,0.0039608,688.38,2.15e+09
152.3,0.0039583,687.97,2.15e+09
152.4,0.0039558,687.57,2.15e+09
152.5,0.0039534,687.16,2.15e+09
152.6,0.0039509,686.75,2.15e+09
152.7,0.0039485,686.34,2.15e+09
152.8,0.003946,685.94,2.15e+09
152.9,0.0039436,685.53,2.15e+09
153,0.0039412,685.12,2.15e+09
153.1,0.0039387,684.72,2.15e+09
153.2,0.0039363,684.31,2.15e+09
153.3,0.0039339,683.91,2.15e+09
153.4,0.0039314,683.5,2.15e+09
153.5,0.003929,683.1,2.15e+09
153.6,0.0039266,682.69,2.15e+09
153.7,0.0039242,682.29,2.15e+09
153.8,0.0039218,681.88,2.15e+09
153.9,0.0039193,681.48,2.15e+09
154,0.0039169,681.08,2.15e+09
154.1,0.0039145,680.67,2.15e+09
154.2,0.0039121,680.27,2.15e+09
154.3,0.0039097,679.87,2.15e+09
154.4,0.0039073,679.46,2.15e+09
154.5,0.0039049,679.06,2.15e+09
154.6,0.0039025,678.66,2.15e+09
154.7,0.0039002,678.26,2.15e+09
154.8,0.0038978,677.86,2.15e+09
154.9,0.0038954,677.45,2.15e+09
155,0.003893,677.05,2.15e+09
155.1,0.0038906,676.65,2.15e+09
155.2,0.0038882,676.25,2.15e+09
155.3,0.0038859,675.85,2.15e+09
155.4,0.0038835,675.45,2.15e+09
155.5,0.0038811,675.05,2.15e+09
155.6,0.0038788,674.65,2.15e+09
155.7,0.0038764,674.25,2.15e+09
155.8,0.0038741,673.85,2.15e+09
155.9,0.0038717,673.46,2.15e+09
156,0.0038693,673.06,2.15e+09
156.1,0.003867,672.66,2.15e+09
156.2,0.0038646,672.26,2.15e+09
156.3,0.0038623,671.86,2.15e+09
156.4,0.00386,671.47,2.15e+09
156.5,0.0038576,671.07,2.15e+09
156.6,0.0038553,670.67,2.15e+09
156.7,0.0038529,670.28,2.15e+09
156.8,0.0038506,669.88,2.15e+09
156.9,0.0038483,669.48,2.15e+09
157,0.0038459,669.09,2.15e+09
157.1,0.0038436,668.69,2.15e+09
157.2,0.0038413,668.3,2.15e+09
157.3,0.003839,667.9,2.15e+09
157.4,0.0038366,667.51,2.15e+09
157.5,0.0038343,667.11,2.15e+09
157.6,0.003832,666.72,2.15e+09
157.7,0.0038297,666.32,2.15e+09
157.8,0.0038274,665.93,2.15e+09
157.9,0.0038251,665.54,2.15e+09
158,0.0038228,665.14,2.15e+09
158.1,0.0038205,664.75,2.15e+09
158.2,0.0038182,664.36,2.15e+09
158.3,0.0038159,663.96,2.15e+09
158.4,0.0038136,663.57,2.15e+09
158.5,0.0038113,663.18,2.15e+09
158.6,0.003809,662.79,2.15e+09
158.7,0.0038067,662.4,2.15e+09
158.8,0.0038044,662.01,2.15e+09
158.9,0.0038021,661.61,2.15e+09
159,0.0037998,661.22,2.15e+09
159.1,0.0037975,660.83,2.15e+09
159.2,0.0037953,660.44,2.15e+09
159.3,0.003793,660.05,2.15e+09
159.4,0.0037907,659.66,2.15e+09
159.5,0.0037884,659.27,2.15e+09
159.6,0.0037862,658.88,2.15e+09
159.7,0.0037839,658.49,2.15e+09
159.8,0.0037816,658.11,2.15e+09
159.9,0.0037793,657.72,2.15e+09
160,0.0037771,657.33,2.15e+09
160.1,0.0037748,656.94,2.15e+09
160.2,0.0037726,656.55,2.15e+09
160.3,0.0037703,656.17,2.15e+09
160.4,0.003768,655.78,2.15e+09
160.5,0.0037658,655.39,2.15e+09
160.6,0.0037635,655,2.15e+09
160.7,0.0037613,654.62,2.15e+09
160.8,0.003759,654.23,2.15e+09
160.9,0.0037568,653.85,2.15e+09
161,0.0037545,653.46,2.15e+09
161.1,0.0037523,653.07,2.15e+09
161.2,0.00375,652.69,2.15e+09
161.3,0.0037478,652.3,2.15e+09
161.4,0.0037456,651.92,2.15e+09
161.5,0.0037433,651.54,2.15e+09
161.6,0.0037411,651.15,2.15e+09
161.7,0.0037389,650.77,2.15e+09
161.8,0.0037366,650.38,2.15e+09
161.9,0.0037344,650,2.15e+09
162,0.0037322,649.62,2.15e+09
162.1,0.0037299,649.23,2.15e+09
162.2,0.0037277,648.85,2.15e+09
162.3,0.0037255,648.47,2.15e+09
162.4,0.0037233,648.09,2.15e+09
162.5,0.0037211,647.7,2.15e+09
162.6,0.0037188,647.32,2.15e+09
162.7,0.0037166,646.94,2.15e+09
162.8,0.0037144,646.56,2.15e+09
162.9,0.0037122,646.18,2.15e+09
163,0.00371,645.8,2.15e+09
163.1,0.0037078,645.42,2.15e+09
163.2,0.0037056,645.04,2.15e+09
163.3,0.0037034,644.66,2.15e+09
163.4,0.0037012,644.28,2.15e+09
163.5,0.003699,643.9,2.15e+09
163.6,0.0036968,643.52,2.15e+09
163.7,0.0036946,643.14,2.15e+09
163.8,0.0036924,642.76,2.15e+09
163.9,0.0036902,642.38,2.15e+09
164,0.003688,642,2.15e+09
164.1,0.0036858,641.63,2.15e+09
164.2,0.0036836,641.25,2.15e+09
164.3,0.0036814,640.87,2.15e+09
164.4,0.0036792,640.49,2.15e+09
164.5,0.003677,640.12,2.15e+09
164.6,0.0036749,639.74,2.15e+09
164.7,0.0036727,639.36,2.15e+09
164.8,0.0036705,638.99,2.15e+09
164.9,0.0036683,638.61,2.15e+09
165,0.0036661,638.23,2.15e+09
165.1,0.003664,637.86,2.15e+09
165.2,0.0036618,637.48,2.15e+09
165.3,0.0036596,637.11,2.15e+09
165.4,0.0036574,636.73,2.15e+09
165.5,0.0036553,636.36,2.15e+09
165.6,0.0036531,635.98,2.15e+09
165.7,0.0036509,635.61,2.15e+09
165.8,0.0036488,635.24,2.15e+09
165.9,0.0036466,634.86,2.15e+09
166,0.0036444,634.49,2.15e+09
166.1,0.0036423,634.12,2.15e+09
166.2,0.0036401,633.74,2.15e+09
166.3,0.003638,633.37,2.15e+09
166.4,0.0036358,633,2.15e+09
166.5,0.0036337,632.62,2.15e+09
166.6,0.0036315,632.25,2.15e+09
166.7,0.0036294,631.88,2.15e+09
166.8,0.0036272,631.51,2.15e+09
166.9,0.0036251,631.14,2.15e+09
167,0.0036229,630.77,2.15e+09
167.1,0.0036208,630.4,2.15e+09
167.2,0.0036186,630.03,2.15e+09
167.3,0.0036165,629.66,2.15e+09
167.4,0.0036143,629.29,2.15e+09
167.5,0.0036122,628.92,2.15e+09
167.6,0.0036101,628.55,2.15e+09
167.7,0.0036079,628.18,2.15e+09
167.8,0.0036058,627.81,2.15e+09
167.9,0.0036037,627.44,2.15e+09
168,0.0036015,627.07,2.15e+09
168.1,0.0035994,626.7,2.15e+09
168.2,0.0035973,626.33,2.15e+09
168.3,0.0035952,625.97,2.15e+09
168.4,0.003593,625.6,2.15e+09
168.5,0.0035909,625.23,2.15e+09
168.6,0.0035888,624.86,2.15e+09
168.7,0.0035867,624.5,2.15e+09
168.8,0.0035845,624.13,2.15e+09
168.9,0.0035824,623.76,2.15e+09
169,0.0035803,623.4,2.15e+09
169.1,0.0035782,623.03,2.15e+09
169.2,0.0035761,622.66,2.15e+09
169.3,0.003574,622.3,2.15e+09
169.4,0.0035719,621.93,2.15e+09
169.5,0.0035698,621.57,2.15e+09
169.6,0.0035676,621.2,2.15e+09
169.7,0.0035655,620.84,2.15e+09
169.8,0.0035634,620.48,2.15e+09
169.9,0.0035613,620.11,2.15e+09
170,0.0035592,619.75,2.15e+09
170.1,0.0035571,619.38,2.15e+09
170.2,0.003555,619.02,2.15e+09
170.3,0.0035529,618.66,2.15e+09
170.4,0.0035508,618.29,2.15e+09
170.5,0.0035487,617.93,2.15e+09
170.6,0.0035467,617.57,2.15e+09
170.7,0.0035446,617.21,2.15e+09
170.8,0.0035425,616.84,2.15e+09
170.9,0.0035404,616.48,2.15e+09
171,0.0035383,616.12,2.15e+09
171.1,0.0035362,615.76,2.15e+09
171.2,0.0035341,615.4,2.15e+09
171.3,0.003532,615.04,2.15e+09
171.4,0.00353,614.68,2.15e+09
171.5,0.0035279,614.32,2.15e+09
171.6,0.0035258,613.96,2.15e+09
171.7,0.0035237,613.6,2.15e+09
171.8,0.0035217,613.24,2.15e+09
171.9,0.0035196,612.88,2.15e+09
172,0.0035175,612.52,2.15e+09
172.1,0.0035154,612.16,2.15e+09
172.2,0.0035134,611.8,2.15e+09
172.3,0.0035113,611.44,2.15e+09
172.4,0.0035092,611.08,2.15e+09
172.5,0.0035072,610.73,2.15e+09
172.6,0.0035051,610.37,2.15e+09
172.7,0.003503,610.01,2.15e+09
172.8,0.003501,609.65,2.15e+09
172.9,0.0034989,609.3,2.15e+09
173,0.0034968,608.94,2.15e+09
173.1,0.0034948,608.58,2.15e+09
173.2,0.0034927,608.23,2.15e+09
173.3,0.0034907,607.87,2.15e+09
173.4,0.0034886,607.51,2.15e+09
173.5,0.0034866,607.16,2.15e+09
173.6,0.0034845,606.8,2.15e+09
173.7,0.0034825,606.45,2.15e+09
173.8,0.0034804,606.09,2.15e+09
173.9,0.0034784,605.74,2.15e+09
174,0.0034763,605.38,2.15e+09
174.1,0.0034743,605.03,2.15e+09
174.2,0.0034722,604.67,2.15e+09
174.3,0.0034702,604.32,2.15e+09
174.4,0.0034682,603.97,2.15e+09
174.5,0.0034661,603.61,2.15e+09
174.6,0.0034641,603.26,2.15e+09
174.7,0.0034621,602.91,2.15e+09
174.8,0.00346,602.55,2.15e+09
174.9,0.003458,602.2,2.15e+09
175,0.003456,601.85,2.15e+09
175.1,0.0034539,601.5,2.15e+09
175.2,0.0034519,601.15,2.15e+09
175.3,0.0034499,600.79,2.15e+09
175.4,0.0034478,600.44,2.15e+09
175.5,0.0034458,600.09,2.15e+09
175.6,0.0034438,599.74,2.15e+09
175.7,0.0034418,599.39,2.15e+09
175.8,0.0034397,599.04,2.15e+09
175.9,0.0034377,598.69,2.15e+09
176,0.0034357,598.34,2.15e+09
176.1,0.0034337,597.99,2.15e+09
176.2,0.0034317,597.64,2.15e+09
176.3,0.0034297,597.29,2.15e+09
176.4,0.0034276,596.94,2.15e+09
176.5,0.0034256,596.59,2.15e+09
176.6,0.0034236,596.24,2.15e+09
176.7,0.0034216,595.9,2.15e+09
176.8,0.0034196,595.55,2.15e+09
176.9,0.0034176,595.2,2.15e+09
177,0.0034156,594.85,2.15e+09
177.1,0.0034136,594.5,2.15e+09
177.2,0.0034116,594.16,2.15e+09
177.3,0.0034096,593.81,2.15e+09
177.4,0.0034076,593.46,2.15e+09
177.5,0.0034056,593.12,2.15e+09
177.6,0.0034036,592.77,2.15e+09
177.7,0.0034016,592.42,2.15e+09
177.8,0.0033996,592.08,2.15e+09
177.9,0.0033976,591.73,2.15e+09
178,0.0033956,591.39,2.15e+09
178.1,0.0033936,591.04,2.15e+09
178.2,0.0033916,590.7,2.15e+09
178.3,0.0033897,590.35,2.15e+09
178.4,0.0033877,590.01,2.15e+09
178.5,0.0033857,589.66,2.15e+09
178.6,0.0033837,589.32,2.15e+09
178.7,0.0033817,588.97,2.15e+09
178.8,0.0033797,588.63,2.15e+09
178.9,0.0033778,588.29,2.15e+09
179,0.0033758,587.94,2.15e+09
179.1,0.0033738,587.6,2.15e+09
179.2,0.0033718,587.26,2.15e+09
179.3,0.0033698,586.92,2.15e+09
179.4,0.0033679,586.57,2.15e+09
179.5,0.0033659,586.23,2.15e+09
179.6,0.0033639,585.89,2.15e+09
179.7,0.003362,585.55,2.15e+09
179.8,0.00336,585.21,2.15e+09
179.9,0.003358,584.86,2.15e+09
180,0.0033561,584.52,2.15e+09
180.1,0.0033541,584.18,2.15e+09
180.2,0.0033521,583.84,2.15e+09
180.3,0.0033502,583.5,2.15e+09
180.4,0.0033482,583.16,2.15e+09
180.5,0.0033462,582.82,2.15e+09
180.6,0.0033443,582.48,2.15e+09
180.7,0.0033423,582.14,2.15e+09
180.8,0.0033404,581.8,2.15e+09
180.9,0.0033384,581.46,2.15e+09
181,0.0033365,581.12,2.15e+09
181.1,0.0033345,580.79,2.15e+09
181.2,0.0033326,580.45,2.15e+09
181.3,0.0033306,580.11,2.15e+09
181.4,0.0033287,579.77,2.15e+09
181.5,0.0033267,579.43,2.15e+09
181.6,0.0033248,579.1,2.15e+09
181.7,0.0033228,578.76,2.15e+09
181.8,0.0033209,578.42,2.15e+09
181.9,0.0033189,578.09,2.15e+09
182,0.003317,577.75,2.15e+09
182.1,0.0033151,577.41,2.15e+09
182.2,0.0033131,577.08,2.15e+09
182.3,0.0033112,576.74,2.15e+09
182.4,0.0033093,576.4,2.15e+09
182.5,0.0033073,576.07,2.15e+09
182.6,0.0033054,575.73,2.15e+09
182.7,0.0033035,575.4,2.15e+09
182.8,0.0033015,575.06,2.15e+09
182.9,0.0032996,574.73,2.15e+09
183,0.0032977,574.39,2.15e+09
183.1,0.0032957,574.06,2.15e+09
183.2,0.0032938,573.73,2.15e+09
183.3,0.0032919,573.39,2.15e+09
183.4,0.00329,573.06,2.15e+09
183.5,0.003288,572.72,2.15e+09
183.6,0.0032861,572.39,2.15e+09
183.7,0.0032842,572.06,2.15e+09
183.8,0.0032823,571.73,2.15e+09
183.9,0.0032804,571.39,2.15e+09
184,0.0032785,571.06,2.15e+09
184.1,0.0032765,570.73,2.15e+09
184.2,0.0032746,570.4,2.15e+09
184.3,0.0032727,570.06,2.15e+09
184.4,0.0032708,569.73,2.15e+09
184.5,0.0032689,569.4,2.15e+09
184.6,0.003267,569.07,2.15e+09
184.7,0.0032651,568.74,2.15e+09
184.8,0.0032632,568.41,2.15e+09
184.9,0.0032613,568.08,2.15e+09
185,0.0032594,567.75,2.15e+09
185.1,0.0032575,567.42,2.15e+09
185.2,0.0032556,567.09,2.15e+09
185.3,0.0032537,566.76,2.15e+09
185.4,0.0032518,566.43,2.15e+09
185.5,0.0032499,566.1,2.15e+09
185.6,0.003248,565.77,2.15e+09
185.7,0.0032461,565.44,2.15e+09
185.8,0.0032442,565.12,2.15e+09
185.9,0.0032423,564.79,2.15e+09
186,0.0032404,564.46,2.15e+09
186.1,0.0032385,564.13,2.15e+09
186.2,0.0032366,563.8,2.15e+09
186.3,0.0032347,563.48,2.15e+09
186.4,0.0032329,563.15,2.15e+09
186.5,0.003231,562.82,2.15e+09
186.6,0.0032291,562.5,2.15e+09
186.7,0.0032272,562.17,2.15e+09
186.8,0.0032253,561.84,2.15e+09
186.9,0.0032235,561.52,2.15e+09
187,0.0032216,561.19,2.15e+09
187.1,0.0032197,560.86,2.15e+09
187.2,0.0032178,560.54,2.15e+09
187.3,0.0032159,560.21,2.15e+09
187.4,0.0032141,559.89,2.15e+09
187.5,0.0032122,559.56,2.15e+09
187.6,0.0032103,559.24,2.15e+09
187.7,0.0032085,558.91,2.15e+09
187.8,0.0032066,558.59,2.15e+09
187.9,0.0032047,558.27,2.15e+09
188,0.0032029,557.94,2.15e+09
188.1,0.003201,557.62,2.15e+09
188.2,0.0031991,557.3,2.15e+09
188.3,0.0031973,556.97,2.15e+09
188.4,0.0031954,556.65,2.15e+09
188.5,0.0031935,556.33,2.15e+09
188.6,0.0031917,556,2.15e+09
188.7,0.0031898,555.68,2.15e+09
188.8,0.003188,555.36,2.15e+09
188.9,0.0031861,555.04,2.15e+09
189,0.0031843,554.72,2.15e+09
189.1,0.0031824,554.39,2.15e+09
189.2,0.0031806,554.07,2.15e+09
189.3,0.0031787,553.75,2.15e+09
189.4,0.0031769,553.43,2.15e+09
189.5,0.003175,553.11,2.15e+09
189.6,0.0031732,552.79,2.15e+09
189.7,0.0031713,552.47,2.15e+09
189.8,0.0031695,552.15,2.15e+09
189.9,0.0031676,551.83,2.15e+09
190,0.0031658,551.51,2.15e+09
190.1,0.0031639,551.19,2.15e+09
190.2,0.0031621,550.87,2.15e+09
190.3,0.0031603,550.55,2.15e+09
190.4,0.0031584,550.23,2.15e+09
190.5,0.0031566,549.91,2.15e+09
190.6,0.0031548,549.6,2.15e+09
190.7,0.0031529,549.28,2.15e+09
190.8,0.0031511,548.96,2.15e+09
190.9,0.0031493,548.64,2.15e+09
191,0.0031474,548.32,2.15e+09
191.1,0.0031456,548.01,2.15e+09
191.2,0.0031438,547.69,2.15e+09
191.3,0.0031419,547.37,2.15e+09
191.4,0.0031401,547.06,2.15e+09
191.5,0.0031383,546.74,2.15e+09
191.6,0.0031365,546.42,2.15e+09
191.7,0.0031347,546.11,2.15e+09
191.8,0.0031328,545.79,2.15e+09
191.9,0.003131,545.47,2.15e+09
192,0.0031292,545.16,2.15e+09
192.1,0.0031274,544.84,2.15e+09
192.2,0.0031256,544.53,2.15e+09
192.3,0.0031237,544.21,2.15e+09
192.4,0.0031219,543.9,2.15e+09
192.5,0.0031201,543.58,2.15e+09
192.6,0.0031183,543.27,2.15e+09
192.7,0.0031165,542.96,2.15e+09
192.8,0.0031147,542.64,2.15e+09
192.9,0.0031129,542.33,2.15e+09
193,0.0031111,542.02,2.15e+09
193.1,0.0031093,541.7,2.15e+09
193.2,0.0031075,541.39,2.15e+09
193.3,0.0031057,541.08,2.15e+09
193.4,0.0031039,540.76,2.15e+09
193.5,0.0031021,540.45,2.15e+09
193.6,0.0031003,540.14,2.15e+09
193.7,0.0030985,539.83,2.15e+09
193.8,0.0030967,539.51,2.15e+09
193.9,0.0030949,539.2,2.15e+09
194,0.0030931,538.89,2.15e+09
194.1,0.0030913,538.58,2.15e+09
194.2,0.0030895,538.27,2.15e+09
194.3,0.0030877,537.96,2.15e+09
194.4,0.0030859,537.65,2.15e+09
194.5,0.0030841,537.34,2.15e+09
194.6,0.0030823,537.03,2.15e+09
194.7,0.0030805,536.72,2.15e+09
194.8,0.0030788,536.41,2.15e+09
194.9,0.003077,536.1,2.15e+09
195,0.0030752,535.79,2.15e+09
195.1,0.0030734,535.48,2.15e+09
195.2,0.0030716,535.17,2.15e+09
195.3,0.0030698,534.86,2.15e+09
195.4,0.0030681,534.55,2.15e+09
195.5,0.0030663,534.24,2.15e+09
195.6,0.0030645,533.93,2.15e+09
195.7,0.0030627,533.63,2.15e+09
195.8,0.003061,533.32,2.15e+09
195.9,0.0030592,533.01,2.15e+09
196,0.0030574,532.7,2.15e+09
196.1,0.0030557,532.4,2.15e+09
196.2,0.0030539,532.09,2.15e+09
196.3,0.0030521,531.78,2.15e+09
196.4,0.0030503,531.48,2.15e+09
196.5,0.0030486,531.17,2.15e+09
196.6,0.0030468,530.86,2.15e+09
196.7,0.0030451,530.56,2.15e+09
196.8,0.0030433,530.25,2.15e+09
196.9,0.0030415,529.94,2.15e+09
197,0.0030398,529.64,2.15e+09
197.1,0.003038,529.33,2.15e+09
197.2,0.0030362,529.03,2.15e+09
197.3,0.0030345,528.72,2.15e+09
197.4,0.0030327,528.42,2.15e+09
197.5,0.003031,528.11,2.15e+09
197.6,0.0030292,527.81,2.15e+09
197.7,0.0030275,527.51,2.15e+09
197.8,0.0030257,527.2,2.15e+09
197.9,0.003024,526.9,2.15e+09
198,0.0030222,526.6,2.15e+09
198.1,0.0030205,526.29,2.15e+09
198.2,0.0030187,525.99,2.15e+09
198.3,0.003017,525.69,2.15e+09
198.4,0.0030152,525.38,2.15e+09
198.5,0.0030135,525.08,2.15e+09
198.6,0.0030118,524.78,2.15e+09
198.7,0.00301,524.48,2.15e+09
198.8,0.0030083,524.17,2.15e+09
198.9,0.0030065,523.87,2.15e+09
199,0.0030048,523.57,2.15e+09
199.1,0.0030031,523.27,2.15e+09
199.2,0.0030013,522.97,2.15e+09
199.3,0.0029996,522.67,2.15e+09
199.4,0.0029979,522.37,2.15e+09
199.5,0.0029961,522.07,2.15e+09
199.6,0.0029944,521.77,2.15e+09
199.7,0.0029927,521.47,2.15e+09
199.8,0.0029909,521.17,2.15e+09
199.9,0.0029892,520.87,2.15e+09
200,0.0029875,520.57,2.15e+09
