0,7e+06,1000,1e+06
0.1,6.8751e+06,1017.4,9.9096e+05
0.2,6.7524e+06,1034.4,9.8258e+05
0.3,6.632e+06,1051.2,9.7463e+05
0.4,6.5136e+06,1067.6,9.6729e+05
0.5,6.3974e+06,1083.7,9.6064e+05
0.6,6.2833e+06,1099.4,9.547e+05
0.7,6.1712e+06,1114.9,9.4951e+05
0.8,6.0611e+06,1130.1,9.451e+05
0.9,5.9529e+06,1145,9.4152e+05
1,5.8467e+06,1159.6,9.3881e+05
1.1,5.7424e+06,1173.9,9.3703e+05
1.2,5.64e+06,1187.9,9.3625e+05
1.3,5.5393e+06,1201.7,9.3654e+05
1.4,5.4405e+06,1215.2,9.38e+05
1.5,5.3434e+06,1228.4,9.4074e+05
1.6,5.2481e+06,1241.4,9.449e+05
1.7,5.1545e+06,1254.1,9.5063e+05
1.8,5.0625e+06,1266.6,9.5805e+05
1.9,4.9722e+06,1278.8,9.6704e+05
2,4.8835e+06,1290.8,9.7814e+05
2.1,4.7964e+06,1302.5,9.9167e+05
2.2,4.7108e+06,1314,1.008e+06
2.3,4.6267e+06,1325.3,1.0276e+06
2.4,4.5442e+06,1336.4,1.0511e+06
2.5,4.4631e+06,1347.2,1.0785e+06
2.6,4.3835e+06,1357.9,1.1113e+06
2.7,4.3053e+06,1368.3,1.1508e+06
2.8,4.2285e+06,1378.5,1.1976e+06
2.9,4.153e+06,1388.5,1.2547e+06
3,4.0789e+06,1398.3,1.3242e+06
3.1,4.0061e+06,1407.9,1.4103e+06
3.2,3.9347e+06,1417.3,1.5188e+06
3.3,3.8645e+06,1426.6,1.6591e+06
3.4,3.7955e+06,1435.6,1.8453e+06
3.5,3.7278e+06,1444.5,2.1025e+06
3.6,3.6613e+06,1453.2,2.4789e+06
3.7,3.596e+06,1461.7,3.076e+06
3.8,3.5318e+06,1470,4.1028e+06
3.9,3.4688e+06,1478.2,5.5037e+06
4,3.4069e+06,1486.2,7.32e+06
4.1,3.3461e+06,1494.1,9.6361e+06
4.2,3.2864e+06,1501.8,1.2534e+07
4.3,3.2278e+06,1509.3,1.6083e+07
4.4,3.1702e+06,1516.7,2.0337e+07
4.5,3.1136e+06,1523.9,2.5325e+07
4.6,3.0581e+06,1531,3.1049e+07
4.7,3.0035e+06,1537.9,3.7491e+07
4.8,2.9499e+06,1544.7,4.4613e+07
4.9,2.8973e+06,1551.3,5.2364e+07
5,2.8456e+06,1557.8,6.0689e+07
5.1,2.7948e+06,1564.1,6.9528e+07
5.2,2.745e+06,1570.4,7.8823e+07
5.3,2.696e+06,1576.5,8.852e+07
5.4,2.6479e+06,1582.4,9.8567e+07
5.5,2.6007e+06,1588.3,1.0892e+08
5.6,2.5543e+06,1594,1.1954e+08
5.7,2.5087e+06,1599.5,1.3038e+08
5.8,2.4639e+06,1605,1.4143e+08
5.9,2.42e+06,1610.3,1.5263e+08
6,2.3768e+06,1615.6,1.6399e+08
6.1,2.3344e+06,1620.7,1.7546e+08
6.2,2.2927e+06,1625.7,1.8703e+08
6.3,2.2518e+06,1630.6,1.9868e+08
6.4,2.2117e+06,1635.4,2.1041e+08
6.5,2.1722e+06,1640,2.2219e+08
6.6,2.1334e+06,1644.6,2.3401e+08
6.7,2.0954e+06,1649.1,2.4586e+08
6.8,2.058e+06,1653.4,2.5774e+08
6.9,2.0213e+06,1657.7,2.6963e+08
7,1.9852e+06,1661.9,2.8153e+08
7.1,1.9498e+06,1665.9,2.9343e+08
7.2,1.915e+06,1669.9,3.0533e+08
7.3,1.8808e+06,1673.8,3.1721e+08
7.4,1.8473e+06,1677.6,3.2907e+08
7.5,1.8143e+06,1681.3,3.4092e+08
7.6,1.782e+06,1684.9,3.5274e+08
7.7,1.7502e+06,1688.5,3.6453e+08
7.8,1.7189e+06,1691.9,3.7629e+08
7.9,1.6883e+06,1695.3,3.8801e+08
8,1.6581e+06,1698.6,3.997e+08
8.1,1.6286e+06,1701.8,4.1135e+08
8.2,1.5995e+06,1704.9,4.2295e+08
8.3,1.571e+06,1708,4.3451e+08
8.4,1.5429e+06,1710.9,4.4603e+08
8.5,1.5154e+06,1713.8,4.575e+08
8.6,1.4884e+06,1716.7,4.6891e+08
8.7,1.4618e+06,1719.4,4.8028e+08
8.8,1.4357e+06,1722.1,4.916e+08
8.9,1.4101e+06,1724.7,5.0286e+08
9,1.385e+06,1727.3,5.1407e+08
9.1,1.3603e+06,1729.8,5.2522e+08
9.2,1.336e+06,1732.2,5.3632e+08
9.3,1.3122e+06,1734.6,5.4736e+08
9.4,1.2887e+06,1736.8,5.5835e+08
9.5,1.2657e+06,1739.1,5.6928e+08
9.6,1.2432e+06,1741.2,5.8015e+08
9.7,1.221e+06,1743.4,5.9096e+08
9.8,1.1992e+06,1745.4,6.0171e+08
9.9,1.1778e+06,1747.4,6.124e+08
10,1.1568e+06,1749.3,6.2303e+08
10.1,1.1362e+06,1751.2,6.336e+08
10.2,1.1159e+06,1753.1,6.4411e+08
10.3,1.096e+06,1754.8,6.5456e+08
10.4,1.0764e+06,1756.5,6.6495e+08
10.5,1.0572e+06,1758.2,6.7528e+08
10.6,1.0384e+06,1759.8,6.8555e+08
10.7,1.0198e+06,1761.4,6.9575e+08
10.8,1.0016e+06,1762.9,7.059e+08
10.9,9.8376e+05,1764.4,7.1598e+08
11,9.6621e+05,1765.8,7.2601e+08
11.1,9.4897e+05,1767.2,7.3597e+08
11.2,9.3204e+05,1768.6,7.4587e+08
11.3,9.1541e+05,1769.8,7.5571e+08
11.4,8.9908e+05,1771.1,7.6548e+08
11.5,8.8304e+05,1772.3,7.752e+08
11.6,8.6728e+05,1773.5,7.8486e+08
11.7,8.5181e+05,1774.6,7.9445e+08
11.8,8.3661e+05,1775.7,8.0399e+08
11.9,8.2168e+05,1776.7,8.1346e+08
12,8.0702e+05,1777.7,8.2287e+08
12.1,7.9263e+05,1778.7,8.3223e+08
12.2,7.7848e+05,1779.6,8.4152e+08
12.3,7.6459e+05,1780.5,8.5075e+08
12.4,7.5095e+05,1781.3,8.5993e+08
12.5,7.3755e+05,1782.2,8.6904e+08
12.6,7.244e+05,1782.9,8.7809e+08
12.7,7.1147e+05,1783.7,8.8709e+08
12.8,6.9878e+05,1784.4,8.9603e+08
12.9,6.8631e+05,1785.1,9.0491e+08
13,6.7407e+05,1785.7,9.1373e+08
13.1,6.6204e+05,1786.3,9.2249e+08
13.2,6.5023e+05,1786.9,9.3119e+08
13.3,6.3863e+05,1787.5,9.3984e+08
13.4,6.2723e+05,1788,9.4843e+08
13.5,6.1604e+05,1788.5,9.5696e+08
13.6,6.0505e+05,1789,9.6544e+08
13.7,5.9426e+05,1789.4,9.7385e+08
13.8,5.8365e+05,1789.8,9.8222e+08
13.9,5.7324e+05,1790.2,9.9052e+08
14,5.6301e+05,1790.5,9.9877e+08
14.1,5.5297e+05,1790.9,1.007e+09
14.2,5.431e+05,1791.2,1.0151e+09
14.3,5.3341e+05,1791.4,1.0232e+09
14.4,5.2389e+05,1791.7,1.0312e+09
14.5,5.1455e+05,1791.9,1.0392e+09
14.6,5.0537e+05,1792.1,1.0471e+09
14.7,4.9635e+05,1792.3,1.055e+09
14.8,4.875e+05,1792.4,1.0628e+09
14.9,4.788e+05,1792.6,1.0706e+09
15,4.7026e+05,1792.7,1.0783e+09
15.1,4.6187e+05,1792.8,1.0859e+09
15.2,4.5362e+05,1792.8,1.0935e+09
15.3,4.4553e+05,1792.9,1.1011e+09
15.4,4.3758e+05,1792.9,1.1086e+09
15.5,4.2978e+05,1792.9,1.116e+09
15.6,4.2211e+05,1792.9,1.1234e+09
15.7,4.1458e+05,1792.8,1.1308e+09
15.8,4.0718e+05,1792.8,1.1381e+09
15.9,3.9992e+05,1792.7,1.1453e+09
16,3.9278e+05,1792.6,1.1525e+09
16.1,3.8577e+05,1792.5,1.1597e+09
16.2,3.7889e+05,1792.4,1.1667e+09
16.3,3.7213e+05,1792.2,1.1738e+09
16.4,3.6549e+05,1792.1,1.1808e+09
16.5,3.5897e+05,1791.9,1.1877e+09
16.6,3.5256e+05,1791.7,1.1946e+09
16.7,3.4627e+05,1791.5,1.2015e+09
16.8,3.401e+05,1791.2,1.2083e+09
16.9,3.3403e+05,1791,1.2151e+09
17,3.2807e+05,1790.7,1.2218e+09
17.1,3.2222e+05,1790.4,1.2284e+09
17.2,3.1647e+05,1790.1,1.2351e+09
17.3,3.1082e+05,1789.8,1.2416e+09
17.4,3.0528e+05,1789.5,1.2482e+09
17.5,2.9983e+05,1789.2,1.2546e+09
17.6,2.9448e+05,1788.8,1.2611e+09
17.7,2.8923e+05,1788.5,1.2675e+09
17.8,2.8406e+05,1788.1,1.2738e+09
17.9,2.79e+05,1787.7,1.2801e+09
18,2.7402e+05,1787.3,1.2864e+09
18.1,2.6913e+05,1786.9,1.2926e+09
18.2,2.6433e+05,1786.4,1.2987e+09
18.3,2.5961e+05,1786,1.3049e+09
18.4,2.5498e+05,1785.5,1.311e+09
18.5,2.5043e+05,1785.1,1.317e+09
18.6,2.4596e+05,1784.6,1.323e+09
18.7,2.4157e+05,1784.1,1.3289e+09
18.8,2.3726e+05,1783.6,1.3349e+09
18.9,2.3303e+05,1783.1,1.3407e+09
19,2.2887e+05,1782.6,1.3466e+09
19.1,2.2479e+05,1782.1,1.3524e+09
19.2,2.2078e+05,1781.5,1.3581e+09
19.3,2.1684e+05,1781,1.3638e+09
19.4,2.1297e+05,1780.4,1.3695e+09
19.5,2.0917e+05,1779.9,1.3751e+09
19.6,2.0544e+05,1779.3,1.3807e+09
19.7,2.0178e+05,1778.7,1.3862e+09
19.8,1.9818e+05,1778.1,1.3918e+09
19.9,1.9464e+05,1777.5,1.3972e+09
20,1.9117e+05,1776.9,1.4027e+09
20.1,1.8776e+05,1776.3,1.408e+09
20.2,1.8441e+05,1775.6,1.4134e+09
20.3,1.8112e+05,1775,1.4187e+09
20.4,1.7788e+05,1774.3,1.424e+09
20.5,1.7471e+05,1773.7,1.4292e+09
20.6,1.7159e+05,1773,1.4344e+09
20.7,1.6853e+05,1772.3,1.4396e+09
20.8,1.6553e+05,1771.7,1.4447e+09
20.9,1.6257e+05,1771,1.4498e+09
21,1.5967e+05,1770.3,1.4549e+09
21.1,1.5682e+05,1769.6,1.4599e+09
21.2,1.5402e+05,1768.9,1.4649e+09
21.3,1.5128e+05,1768.2,1.4699e+09
21.4,1.4858e+05,1767.5,1.4748e+09
21.5,1.4593e+05,1766.7,1.4796e+09
21.6,1.4332e+05,1766,1.4845e+09
21.7,1.4077e+05,1765.3,1.4893e+09
21.8,1.3825e+05,1764.5,1.4941e+09
21.9,1.3579e+05,1763.8,1.4988e+09
22,1.3337e+05,1763,1.5035e+09
22.1,1.3099e+05,1762.2,1.5082e+09
22.2,1.2865e+05,1761.5,1.5129e+09
22.3,1.2635e+05,1760.7,1.5175e+09
22.4,1.241e+05,1759.9,1.522e+09
22.5,1.2189e+05,1759.1,1.5266e+09
22.6,1.1971e+05,1758.4,1.5311e+09
22.7,1.1757e+05,1757.6,1.5356e+09
22.8,1.1548e+05,1756.8,1.54e+09
22.9,1.1342e+05,1756,1.5444e+09
23,1.1139e+05,1755.1,1.5488e+09
23.1,1.0941e+05,1754.3,1.5532e+09
23.2,1.0745e+05,1753.5,1.5575e+09
23.3,1.0554e+05,1752.7,1.5618e+09
23.4,1.0365e+05,1751.9,1.566e+09
23.5,1.018e+05,1751,1.5703e+09
23.6,99988,1750.2,1.5745e+09
23.7,98204,1749.4,1.5786e+09
23.8,96452,1748.5,1.5828e+09
23.9,94731,1747.7,1.5869e+09
24,93041,1746.8,1.591e+09
24.1,91381,1746,1.595e+09
24.2,89751,1745.1,1.599e+09
24.3,88149,1744.2,1.603e+09
24.4,86577,1743.4,1.607e+09
24.5,85032,1742.5,1.6109e+09
24.6,83515,1741.6,1.6148e+09
24.7,82025,1740.7,1.6187e+09
24.8,80561,1739.9,1.6226e+09
24.9,79124,1739,1.6264e+09
25,77712,1738.1,1.6302e+09
25.1,76326,1737.2,1.634e+09
25.2,74964,1736.3,1.6377e+09
25.3,73627,1735.4,1.6414e+09
25.4,72313,1734.5,1.6451e+09
25.5,71023,1733.6,1.6488e+09
25.6,69756,1732.7,1.6524e+09
25.7,68511,1731.8,1.656e+09
25.8,67289,1730.9,1.6596e+09
25.9,66088,1730,1.6631e+09
26,64909,1729.1,1.6667e+09
26.1,63751,1728.2,1.6702e+09
26.2,62614,1727.2,1.6737e+09
26.3,61497,1726.3,1.6771e+09
26.4,60399,1725.4,1.6806e+09
26.5,59322,1724.5,1.684e+09
26.6,58263,1723.5,1.6873e+09
26.7,57224,1722.6,1.6907e+09
26.8,56203,1721.7,1.694e+09
26.9,55200,1720.7,1.6973e+09
27,54215,1719.8,1.7006e+09
27.1,53248,1718.9,1.7039e+09
27.2,52298,1717.9,1.7071e+09
27.3,51365,1717,1.7103e+09
27.4,50449,1716,1.7135e+09
27.5,49548,1715.1,1.7167e+09
27.6,48664,1714.2,1.7199e+09
27.7,47796,1713.2,1.723e+09
27.8,46943,1712.3,1.7261e+09
27.9,46106,1711.3,1.7292e+09
28,45283,1710.3,1.7322e+09
28.1,44475,1709.4,1.7353e+09
28.2,43682,1708.4,1.7383e+09
28.3,42902,1707.5,1.7413e+09
28.4,42137,1706.5,1.7442e+09
28.5,41385,1705.6,1.7472e+09
28.6,40647,1704.6,1.7501e+09
28.7,39922,1703.6,1.753e+09
28.8,39209,1702.7,1.7559e+09
28.9,38510,1701.7,1.7588e+09
29,37823,1700.7,1.7616e+09
29.1,37148,1699.8,1.7644e+09
29.2,36485,1698.8,1.7672e+09
29.3,35834,1697.8,1.77e+09
29.4,35195,1696.9,1.7728e+09
29.5,34567,1695.9,1.7755e+09
29.6,33950,1694.9,1.7782e+09
29.7,33345,1693.9,1.7809e+09
29.8,32750,1693,1.7836e+09
29.9,32165,1692,1.7863e+09
30,31591,1691,1.7889e+09
30.1,31028,1690,1.7915e+09
30.2,30474,1689.1,1.7941e+09
30.3,29930,1688.1,1.7967e+09
30.4,29396,1687.1,1.7993e+09
30.5,28872,1686.1,1.8019e+09
30.6,28357,1685.1,1.8044e+09
30.7,27851,1684.1,1.8069e+09
30.8,27354,1683.2,1.8094e+09
30.9,26866,1682.2,1.8119e+09
31,26387,1681.2,1.8143e+09
31.1,25916,1680.2,1.8168e+09
31.2,25454,1679.2,1.8192e+09
31.3,24999,1678.2,1.8216e+09
31.4,24553,1677.3,1.824e+09
31.5,24115,1676.3,1.8264e+09
31.6,23685,1675.3,1.8287e+09
31.7,23262,1674.3,1.8311e+09
31.8,22847,1673.3,1.8334e+09
31.9,22440,1672.3,1.8357e+09
32,22039,1671.3,1.838e+09
32.1,21646,1670.3,1.8402e+09
32.2,21260,1669.3,1.8425e+09
32.3,20881,1668.4,1.8447e+09
32.4,20508,1667.4,1.8469e+09
32.5,20142,1666.4,1.8491e+09
32.6,19783,1665.4,1.8513e+09
32.7,19430,1664.4,1.8535e+09
32.8,19083,1663.4,1.8557e+09
32.9,18743,1662.4,1.8578e+09
33,18408,1661.4,1.8599e+09
33.1,18080,1660.4,1.862e+09
33.2,17757,1659.4,1.8641e+09
33.3,17441,1658.4,1.8662e+09
33.4,17129,1657.4,1.8683e+09
33.5,16824,1656.5,1.8703e+09
33.6,16524,1655.5,1.8724e+09
33.7,16229,1654.5,1.8744e+09
33.8,15939,1653.5,1.8764e+09
33.9,15655,1652.5,1.8784e+09
34,15376,1651.5,1.8804e+09
34.1,15101,1650.5,1.8823e+09
34.2,14832,1649.5,1.8843e+09
34.3,14567,1648.5,1.8862e+09
34.4,14307,1647.5,1.8881e+09
34.5,14052,1646.5,1.89e+09
34.6,13801,1645.5,1.8919e+09
34.7,13555,1644.5,1.8938e+09
34.8,13313,1643.5,1.8957e+09
34.9,13076,1642.5,1.8975e+09
35,12842,1641.5,1.8994e+09
35.1,12613,1640.6,1.9012e+09
35.2,12388,1639.6,1.903e+09
35.3,12167,1638.6,1.9048e+09
35.4,11950,1637.6,1.9066e+09
35.5,11737,1636.6,1.9084e+09
35.6,11528,1635.6,1.9101e+09
35.7,11322,1634.6,1.9119e+09
35.8,11120,1633.6,1.9136e+09
35.9,10921,1632.6,1.9153e+09
36,10727,1631.6,1.917e+09
36.1,10535,1630.6,1.9187e+09
36.2,10347,1629.6,1.9204e+09
36.3,10163,1628.6,1.9221e+09
36.4,9981.4,1627.6,1.9237e+09
36.5,9803.3,1626.7,1.9254e+09
36.6,9628.4,1625.7,1.927e+09
36.7,9456.6,1624.7,1.9287e+09
36.8,9287.9,1623.7,1.9303e+09
36.9,9122.2,1622.7,1.9319e+09
37,8959.4,1621.7,1.9335e+09
37.1,8799.6,1620.7,1.935e+09
37.2,8642.6,1619.7,1.9366e+09
37.3,8488.4,1618.7,1.9382e+09
37.4,8336.9,1617.7,1.9397e+09
37.5,8188.2,1616.7,1.9412e+09
37.6,8042.1,1615.8,1.9427e+09
37.7,7898.6,1614.8,1.9443e+09
37.8,7757.7,1613.8,1.9458e+09
37.9,7619.3,1612.8,1.9472e+09
38,7483.3,1611.8,1.9487e+09
38.1,7349.8,1610.8,1.9502e+09
38.2,7218.7,1609.8,1.9516e+09
38.3,7089.9,1608.8,1.9531e+09
38.4,6963.4,1607.8,1.9545e+09
38.5,6839.2,1606.9,1.9559e+09
38.6,6717.1,1605.9,1.9574e+09
38.7,6597.3,1604.9,1.9588e+09
38.8,6479.6,1603.9,1.9602e+09
38.9,6364,1602.9,1.9615e+09
39,6250.4,1601.9,1.9629e+09
39.1,6138.9,1600.9,1.9643e+09
39.2,6029.4,1600,1.9656e+09
39.3,5921.8,1599,1.967e+09
39.4,5816.2,1598,1.9683e+09
39.5,5712.4,1597,1.9696e+09
39.6,5610.5,1596,1.9709e+09
39.7,5510.4,1595,1.9723e+09
39.8,5412.1,1594.1,1.9735e+09
39.9,5315.5,1593.1,1.9748e+09
40,5220.7,1592.1,1.9761e+09
40.1,5127.5,1591.1,1.9774e+09
40.2,5036,1590.1,1.9786e+09
40.3,4946.2,1589.1,1.9799e+09
40.4,4858,1588.2,1.9811e+09
40.5,4771.3,1587.2,1.9824e+09
40.6,4686.2,1586.2,1.9836e+09
40.7,4602.5,1585.2,1.9848e+09
40.8,4520.4,1584.3,1.986e+09
40.9,4439.8,1583.3,1.9872e+09
41,4360.6,1582.3,1.9884e+09
41.1,4282.8,1581.3,1.9896e+09
41.2,4206.4,1580.3,1.9907e+09
41.3,4131.3,1579.4,1.9919e+09
41.4,4057.6,1578.4,1.993e+09
41.5,3985.2,1577.4,1.9942e+09
41.6,3914.1,1576.4,1.9953e+09
41.7,3844.3,1575.5,1.9964e+09
41.8,3775.7,1574.5,1.9976e+09
41.9,3708.3,1573.5,1.9987e+09
42,3642.2,1572.5,1.9998e+09
42.1,3577.2,1571.6,2.0009e+09
42.2,3513.4,1570.6,2.002e+09
42.3,3450.7,1569.6,2.003e+09
42.4,3389.1,1568.7,2.0041e+09
42.5,3328.6,1567.7,2.0052e+09
42.6,3269.2,1566.7,2.0062e+09
42.7,3210.9,1565.7,2.0073e+09
42.8,3153.6,1564.8,2.0083e+09
42.9,3097.4,1563.8,2.0094e+09
43,3042.1,1562.8,2.0104e+09
43.1,2987.8,1561.9,2.0114e+09
43.2,2934.5,1560.9,2.0124e+09
43.3,2882.2,1559.9,2.0134e+09
43.4,2830.7,1559,2.0144e+09
43.5,2780.2,1558,2.0154e+09
43.6,2730.6,1557,2.0164e+09
43.7,2681.9,1556.1,2.0174e+09
43.8,2634.1,1555.1,2.0183e+09
43.9,2587.1,1554.1,2.0193e+09
44,2540.9,1553.2,2.0202e+09
44.1,2495.6,1552.2,2.0212e+09
44.2,2451.1,1551.3,2.0221e+09
44.3,2407.3,1550.3,2.0231e+09
44.4,2364.4,1549.3,2.024e+09
44.5,2322.2,1548.4,2.0249e+09
44.6,2280.8,1547.4,2.0258e+09
44.7,2240.1,1546.4,2.0267e+09
44.8,2200.1,1545.5,2.0276e+09
44.9,2160.9,1544.5,2.0285e+09
45,2122.3,1543.6,2.0294e+09
45.1,2084.4,1542.6,2.0303e+09
45.2,2047.2,1541.7,2.0311e+09
45.3,2010.7,1540.7,2.032e+09
45.4,1974.8,1539.7,2.0329e+09
45.5,1939.6,1538.8,2.0337e+09
45.6,1905,1537.8,2.0346e+09
45.7,1871,1536.9,2.0354e+09
45.8,1837.6,1535.9,2.0363e+09
45.9,1804.8,1535,2.0371e+09
46,1772.6,1534,2.0379e+09
46.1,1741,1533.1,2.0387e+09
46.2,1710,1532.1,2.0395e+09
46.3,1679.5,1531.2,2.0403e+09
46.4,1649.5,1530.2,2.0411e+09
46.5,1620.1,1529.3,2.0419e+09
46.6,1591.2,1528.3,2.0427e+09
46.7,1562.8,1527.4,2.0435e+09
46.8,1534.9,1526.4,2.0443e+09
46.9,1507.5,1525.5,2.0451e+09
47,1480.6,1524.5,2.0458e+09
47.1,1454.2,1523.6,2.0466e+09
47.2,1428.2,1522.6,2.0473e+09
47.3,1402.8,1521.7,2.0481e+09
47.4,1377.7,1520.7,2.0488e+09
47.5,1353.2,1519.8,2.0496e+09
47.6,1329,1518.8,2.0503e+09
47.7,1305.3,1517.9,2.051e+09
47.8,1282,1517,2.0517e+09
47.9,1259.1,1516,2.0525e+09
48,1236.7,1515.1,2.0532e+09
48.1,1214.6,1514.1,2.0539e+09
48.2,1192.9,1513.2,2.0546e+09
48.3,1171.7,1512.2,2.0553e+09
48.4,1150.8,1511.3,2.056e+09
48.5,1130.2,1510.4,2.0567e+09
48.6,1110.1,1509.4,2.0573e+09
48.7,1090.3,1508.5,2.058e+09
48.8,1070.8,1507.6,2.0587e+09
48.9,1051.7,1506.6,2.0593e+09
49,1032.9,1505.7,2.06e+09
49.1,1014.5,1504.7,2.0607e+09
49.2,996.4,1503.8,2.0613e+09
49.3,978.62,1502.9,2.062e+09
49.4,961.16,1501.9,2.0626e+09
49.5,944.02,1501,2.0632e+09
49.6,927.17,1500.1,2.0639e+09
49.7,910.63,1499.1,2.0645e+09
49.8,894.38,1498.2,2.0651e+09
49.9,878.43,1497.3,2.0657e+09
50,862.75,1496.3,2.0664e+09
50.1,847.36,1495.4,2.067e+09
50.2,832.24,1494.5,2.0676e+09
50.3,817.4,1493.6,2.0682e+09
50.4,802.81,1492.6,2.0688e+09
50.5,788.49,1491.7,2.0694e+09
50.6,774.42,1490.8,2.07e+09
50.7,760.6,1489.8,2.0705e+09
50.8,747.03,1488.9,2.0711e+09
50.9,733.71,1488,2.0717e+09
51,720.62,1487.1,2.0723e+09
51.1,707.76,1486.1,2.0728e+09
51.2,695.13,1485.2,2.0734e+09
51.3,682.73,1484.3,2.074e+09
51.4,670.55,1483.4,2.0745e+09
51.5,658.59,1482.4,2.0751e+09
51.6,646.84,1481.5,2.0756e+09
51.7,635.3,1480.6,2.0762e+09
51.8,623.96,1479.7,2.0767e+09
51.9,612.83,1478.8,2.0772e+09
52,601.89,1477.8,2.0778e+09
52.1,591.16,1476.9,2.0783e+09
52.2,580.61,1476,2.0788e+09
52.3,570.25,1475.1,2.0793e+09
52.4,560.08,1474.2,2.0798e+09
52.5,550.08,1473.3,2.0804e+09
52.6,540.27,1472.3,2.0809e+09
52.7,530.63,1471.4,2.0814e+09
52.8,521.16,1470.5,2.0819e+09
52.9,511.87,1469.6,2.0824e+09
53,502.73,1468.7,2.0829e+09
53.1,493.76,1467.8,2.0834e+09
53.2,484.95,1466.9,2.0838e+09
53.3,476.3,1465.9,2.0843e+09
53.4,467.8,1465,2.0848e+09
53.5,459.46,1464.1,2.0853e+09
53.6,451.26,1463.2,2.0857e+09
53.7,443.21,1462.3,2.0862e+09
53.8,435.3,1461.4,2.0867e+09
53.9,427.54,1460.5,2.0871e+09
54,419.91,1459.6,2.0876e+09
54.1,412.42,1458.7,2.0881e+09
54.2,405.06,1457.8,2.0885e+09
54.3,397.83,1456.9,2.089e+09
54.4,390.73,1455.9,2.0894e+09
54.5,383.76,1455,2.0898e+09
54.6,376.92,1454.1,2.0903e+09
54.7,370.19,1453.2,2.0907e+09
54.8,363.59,1452.3,2.0912e+09
54.9,357.1,1451.4,2.0916e+09
55,350.73,1450.5,2.092e+09
55.1,344.47,1449.6,2.0924e+09
55.2,338.33,1448.7,2.0929e+09
55.3,332.29,1447.8,2.0933e+09
55.4,326.36,1446.9,2.0937e+09
55.5,320.54,1446,2.0941e+09
55.6,314.82,1445.1,2.0945e+09
55.7,309.2,1444.2,2.0949e+09
55.8,303.69,1443.3,2.0953e+09
55.9,298.27,1442.4,2.0957e+09
56,292.95,1441.5,2.0961e+09
56.1,287.72,1440.6,2.0965e+09
56.2,282.59,1439.7,2.0969e+09
56.3,277.55,1438.8,2.0973e+09
56.4,272.59,1437.9,2.0977e+09
56.5,267.73,1437.1,2.098e+09
56.6,262.95,1436.2,2.0984e+09
56.7,258.26,1435.3,2.0988e+09
56.8,253.66,1434.4,2.0992e+09
56.9,249.13,1433.5,2.0995e+09
57,244.69,1432.6,2.0999e+09
57.1,240.32,1431.7,2.1003e+09
57.2,236.03,1430.8,2.1006e+09
57.3,231.82,1429.9,2.101e+09
57.4,227.69,1429,2.1014e+09
57.5,223.62,1428.1,2.1017e+09
57.6,219.63,1427.3,2.1021e+09
57.7,215.72,1426.4,2.1024e+09
57.8,211.87,1425.5,2.1028e+09
57.9,208.09,1424.6,2.1031e+09
58,204.37,1423.7,2.1035e+09
58.1,200.73,1422.8,2.1038e+09
58.2,197.15,1421.9,2.1041e+09
58.3,193.63,1421.1,2.1045e+09
58.4,190.18,1420.2,2.1048e+09
58.5,186.78,1419.3,2.1051e+09
58.6,183.45,1418.4,2.1055e+09
58.7,180.18,1417.5,2.1058e+09
58.8,176.96,1416.6,2.1061e+09
58.9,173.81,1415.8,2.1064e+09
59,170.7,1414.9,2.1067e+09
59.1,167.66,1414,2.1071e+09
59.2,164.67,1413.1,2.1074e+09
59.3,161.73,1412.3,2.1077e+09
59.4,158.84,1411.4,2.108e+09
59.5,156.01,1410.5,2.1083e+09
59.6,153.23,1409.6,2.1086e+09
59.7,150.49,1408.7,2.1089e+09
59.8,147.81,1407.9,2.1092e+09
59.9,145.17,1407,2.1095e+09
60,142.58,1406.1,2.1098e+09
60.1,140.04,1405.2,2.1101e+09
60.2,137.54,1404.4,2.1104e+09
60.3,135.09,1403.5,2.1107e+09
60.4,132.68,1402.6,2.111e+09
60.5,130.31,1401.8,2.1112e+09
60.6,127.98,1400.9,2.1115e+09
60.7,125.7,1400,2.1118e+09
60.8,123.46,1399.1,2.1121e+09
60.9,121.26,1398.3,2.1124e+09
61,119.09,1397.4,2.1126e+09
61.1,116.97,1396.5,2.1129e+09
61.2,114.88,1395.7,2.1132e+09
61.3,112.83,1394.8,2.1134e+09
61.4,110.82,1393.9,2.1137e+09
61.5,108.84,1393.1,2.114e+09
61.6,106.9,1392.2,2.1142e+09
61.7,104.99,1391.3,2.1145e+09
61.8,103.12,1390.5,2.1148e+09
61.9,101.28,1389.6,2.115e+09
62,99.473,1388.8,2.1153e+09
62.1,97.699,1387.9,2.1155e+09
62.2,95.956,1387,2.1158e+09
62.3,94.244,1386.2,2.116e+09
62.4,92.563,1385.3,2.1163e+09
62.5,90.911,1384.4,2.1165e+09
62.6,89.289,1383.6,2.1168e+09
62.7,87.696,1382.7,2.117e+09
62.8,86.132,1381.9,2.1173e+09
62.9,84.595,1381,2.1175e+09
63,83.086,1380.2,2.1177e+09
63.1,81.604,1379.3,2.118e+09
63.2,80.148,1378.4,2.1182e+09
63.3,78.718,1377.6,2.1184e+09
63.4,77.314,1376.7,2.1187e+09
63.5,75.935,1375.9,2.1189e+09
63.6,74.58,1375,2.1191e+09
63.7,73.25,1374.2,2.1193e+09
63.8,71.943,1373.3,2.1196e+09
63.9,70.659,1372.5,2.1198e+09
64,69.399,1371.6,2.12e+09
64.1,68.161,1370.8,2.1202e+09
64.2,66.945,1369.9,2.1204e+09
64.3,65.751,1369.1,2.1207e+09
64.4,64.578,1368.2,2.1209e+09
64.5,63.426,1367.4,2.1211e+09
64.6,62.294,1366.5,2.1213e+09
64.7,61.183,1365.7,2.1215e+09
64.8,60.091,1364.8,2.1217e+09
64.9,59.019,1364,2.1219e+09
65,57.967,1363.1,2.1221e+09
65.1,56.932,1362.3,2.1223e+09
65.2,55.917,1361.4,2.1225e+09
65.3,54.919,1360.6,2.1227e+09
65.4,53.94,1359.7,2.1229e+09
65.5,52.977,1358.9,2.1231e+09
65.6,52.032,1358.1,2.1233e+09
65.7,51.104,1357.2,2.1235e+09
65.8,50.192,1356.4,2.1237e+09
65.9,49.297,1355.5,2.1239e+09
66,48.418,1354.7,2.1241e+09
66.1,47.554,1353.8,2.1243e+09
66.2,46.706,1353,2.1245e+09
66.3,45.873,1352.2,2.1247e+09
66.4,45.054,1351.3,2.1248e+09
66.5,44.251,1350.5,2.125e+09
66.6,43.461,1349.7,2.1252e+09
66.7,42.686,1348.8,2.1254e+09
66.8,41.924,1348,2.1256e+09
66.9,41.177,1347.1,2.1257e+09
67,40.442,1346.3,2.1259e+09
67.1,39.721,1345.5,2.1261e+09
67.2,39.012,1344.6,2.1263e+09
67.3,38.316,1343.8,2.1265e+09
67.4,37.633,1343,2.1266e+09
67.5,36.961,1342.1,2.1268e+09
67.6,36.302,1341.3,2.127e+09
67.7,35.655,1340.5,2.1271e+09
67.8,35.019,1339.6,2.1273e+09
67.9,34.394,1338.8,2.1275e+09
68,33.78,1338,2.1276e+09
68.1,33.178,1337.1,2.1278e+09
68.2,32.586,1336.3,2.128e+09
68.3,32.005,1335.5,2.1281e+09
68.4,31.434,1334.7,2.1283e+09
68.5,30.873,1333.8,2.1284e+09
68.6,30.323,1333,2.1286e+09
68.7,29.782,1332.2,2.1287e+09
68.8,29.25,1331.4,2.1289e+09
68.9,28.729,1330.5,2.1291e+09
69,28.216,1329.7,2.1292e+09
69.1,27.713,1328.9,2.1294e+09
69.2,27.219,1328.1,2.1295e+09
69.3,26.733,1327.2,2.1297e+09
69.4,26.256,1326.4,2.1298e+09
69.5,25.788,1325.6,2.13e+09
69.6,25.328,1324.8,2.1301e+09
69.7,24.876,1323.9,2.1302e+09
69.8,24.433,1323.1,2.1304e+09
69.9,23.997,1322.3,2.1305e+09
70,23.569,1321.5,2.1307e+09
70.1,23.148,1320.7,2.1308e+09
70.2,22.736,1319.9,2.131e+09
70.3,22.33,1319,2.1311e+09
70.4,21.932,1318.2,2.1312e+09
70.5,21.541,1317.4,2.1314e+09
70.6,21.156,1316.6,2.1315e+09
70.7,20.779,1315.8,2.1316e+09
70.8,20.408,1315,2.1318e+09
70.9,20.044,1314.1,2.1319e+09
71,19.687,1313.3,2.132e+09
71.1,19.336,1312.5,2.1322e+09
71.2,18.991,1311.7,2.1323e+09
71.3,18.652,1310.9,2.1324e+09
71.4,18.32,1310.1,2.1326e+09
71.5,17.993,1309.3,2.1327e+09
71.6,17.672,1308.4,2.1328e+09
71.7,17.357,1307.6,2.1329e+09
71.8,17.047,1306.8,2.1331e+09
71.9,16.743,1306,2.1332e+09
72,16.445,1305.2,2.1333e+09
72.1,16.151,1304.4,2.1334e+09
72.2,15.863,1303.6,2.1336e+09
72.3,15.581,1302.8,2.1337e+09
72.4,15.303,1302,2.1338e+09
72.5,15.03,1301.2,2.1339e+09
72.6,14.762,1300.4,2.134e+09
72.7,14.499,1299.6,2.1341e+09
72.8,14.24,1298.8,2.1343e+09
72.9,13.986,1298,2.1344e+09
73,13.737,1297.1,2.1345e+09
73.1,13.492,1296.3,2.1346e+09
73.2,13.251,1295.5,2.1347e+09
73.3,13.015,1294.7,2.1348e+09
73.4,12.783,1293.9,2.1349e+09
73.5,12.555,1293.1,2.135e+09
73.6,12.331,1292.3,2.1352e+09
73.7,12.111,1291.5,2.1353e+09
73.8,11.895,1290.7,2.1354e+09
73.9,11.683,1289.9,2.1355e+09
74,11.475,1289.1,2.1356e+09
74.1,11.27,1288.3,2.1357e+09
74.2,11.069,1287.5,2.1358e+09
74.3,10.872,1286.7,2.1359e+09
74.4,10.678,1286,2.136e+09
74.5,10.488,1285.2,2.1361e+09
74.6,10.301,1284.4,2.1362e+09
74.7,10.117,1283.6,2.1363e+09
74.8,9.9365,1282.8,2.1364e+09
74.9,9.7594,1282,2.1365e+09
75,9.5854,1281.2,2.1366e+09
75.1,9.4145,1280.4,2.1367e+09
75.2,9.2467,1279.6,2.1368e+09
75.3,9.0818,1278.8,2.1369e+09
75.4,8.9199,1278,2.137e+09
75.5,8.7609,1277.2,2.1371e+09
75.6,8.6047,1276.4,2.1372e+09
75.7,8.4513,1275.6,2.1373e+09
75.8,8.3007,1274.9,2.1374e+09
75.9,8.1527,1274.1,2.1375e+09
76,8.0074,1273.3,2.1376e+09
76.1,7.8646,1272.5,2.1376e+09
76.2,7.7244,1271.7,2.1377e+09
76.3,7.5867,1270.9,2.1378e+09
76.4,7.4515,1270.1,2.1379e+09
76.5,7.3187,1269.3,2.138e+09
76.6,7.1882,1268.6,2.1381e+09
76.7,7.0601,1267.8,2.1382e+09
76.8,6.9343,1267,2.1383e+09
76.9,6.8107,1266.2,2.1383e+09
77,6.6893,1265.4,2.1384e+09
77.1,6.5701,1264.6,2.1385e+09
77.2,6.453,1263.9,2.1386e+09
77.3,6.338,1263.1,2.1387e+09
77.4,6.225,1262.3,2.1388e+09
77.5,6.1141,1261.5,2.1388e+09
77.6,6.0051,1260.7,2.1389e+09
77.7,5.8981,1260,2.139e+09
77.8,5.793,1259.2,2.1391e+09
77.9,5.6898,1258.4,2.1392e+09
78,5.5884,1257.6,2.1392e+09
78.1,5.4888,1256.8,2.1393e+09
78.2,5.391,1256.1,2.1394e+09
78.3,5.2949,1255.3,2.1395e+09
78.4,5.2006,1254.5,2.1396e+09
78.5,5.1079,1253.7,2.1396e+09
78.6,5.0169,1253,2.1397e+09
78.7,4.9275,1252.2,2.1398e+09
78.8,4.8397,1251.4,2.1399e+09
78.9,4.7535,1250.6,2.1399e+09
79,4.6688,1249.9,2.14e+09
79.1,4.5857,1249.1,2.1401e+09
79.2,4.504,1248.3,2.1402e+09
79.3,4.4237,1247.6,2.1402e+09
79.4,4.3449,1246.8,2.1403e+09
79.5,4.2675,1246,2.1404e+09
79.6,4.1915,1245.2,2.1404e+09
79.7,4.1169,1244.5,2.1405e+09
79.8,4.0435,1243.7,2.1406e+09
79.9,3.9715,1242.9,2.1406e+09
80,3.9008,1242.2,2.1407e+09
80.1,3.8313,1241.4,2.1408e+09
80.2,3.7631,1240.6,2.1409e+09
80.3,3.696,1239.9,2.1409e+09
80.4,3.6302,1239.1,2.141e+09
80.5,3.5656,1238.3,2.141e+09
80.6,3.5021,1237.6,2.1411e+09
80.7,3.4397,1236.8,2.1412e+09
80.8,3.3785,1236,2.1412e+09
80.9,3.3183,1235.3,2.1413e+09
81,3.2592,1234.5,2.1414e+09
81.1,3.2012,1233.7,2.1414e+09
81.2,3.1442,1233,2.1415e+09
81.3,3.0883,1232.2,2.1416e+09
81.4,3.0333,1231.5,2.1416e+09
81.5,2.9793,1230.7,2.1417e+09
81.6,2.9262,1229.9,2.1417e+09
81.7,2.8742,1229.2,2.1418e+09
81.8,2.823,1228.4,2.1419e+09
81.9,2.7728,1227.7,2.1419e+09
82,2.7234,1226.9,2.142e+09
82.1,2.6749,1226.2,2.142e+09
82.2,2.6273,1225.4,2.1421e+09
82.3,2.5806,1224.6,2.1422e+09
82.4,2.5347,1223.9,2.1422e+09
82.5,2.4896,1223.1,2.1423e+09
82.6,2.4453,1222.4,2.1423e+09
82.7,2.4018,1221.6,2.1424e+09
82.8,2.359,1220.9,2.1424e+09
82.9,2.3171,1220.1,2.1425e+09
83,2.2758,1219.4,2.1425e+09
83.1,2.2354,1218.6,2.1426e+09
83.2,2.1956,1217.8,2.1427e+09
83.3,2.1565,1217.1,2.1427e+09
83.4,2.1182,1216.3,2.1428e+09
83.5,2.0805,1215.6,2.1428e+09
83.6,2.0435,1214.8,2.1429e+09
83.7,2.0072,1214.1,2.1429e+09
83.8,1.9715,1213.3,2.143e+09
83.9,1.9364,1212.6,2.143e+09
84,1.902,1211.8,2.1431e+09
84.1,1.8682,1211.1,2.1431e+09
84.2,1.835,1210.4,2.1432e+09
84.3,1.8024,1209.6,2.1432e+09
84.4,1.7703,1208.9,2.1433e+09
84.5,1.7389,1208.1,2.1433e+09
84.6,1.708,1207.4,2.1434e+09
84.7,1.6776,1206.6,2.1434e+09
84.8,1.6478,1205.9,2.1435e+09
84.9,1.6185,1205.1,2.1435e+09
85,1.5898,1204.4,2.1436e+09
85.1,1.5615,1203.6,2.1436e+09
85.2,1.5338,1202.9,2.1437e+09
85.3,1.5065,1202.2,2.1437e+09
85.4,1.4798,1201.4,2.1437e+09
85.5,1.4535,1200.7,2.1438e+09
85.6,1.4277,1199.9,2.1438e+09
85.7,1.4023,1199.2,2.1439e+09
85.8,1.3774,1198.5,2.1439e+09
85.9,1.353,1197.7,2.144e+09
86,1.3289,1197,2.144e+09
86.1,1.3053,1196.2,2.1441e+09
86.2,1.2822,1195.5,2.1441e+09
86.3,1.2594,1194.8,2.1441e+09
86.4,1.2371,1194,2.1442e+09
86.5,1.2151,1193.3,2.1442e+09
86.6,1.1936,1192.6,2.1443e+09
86.7,1.1724,1191.8,2.1443e+09
86.8,1.1516,1191.1,2.1444e+09
86.9,1.1311,1190.4,2.1444e+09
87,1.1111,1189.6,2.1444e+09
87.1,1.0914,1188.9,2.1445e+09
87.2,1.072,1188.2,2.1445e+09
87.3,1.053,1187.4,2.1446e+09
87.4,1.0343,1186.7,2.1446e+09
87.5,1.016,1186,2.1446e+09
87.6,0.998,1185.2,2.1447e+09
87.7,0.98031,1184.5,2.1447e+09
87.8,0.96294,1183.8,2.1448e+09
87.9,0.94588,1183,2.1448e+09
88,0.92912,1182.3,2.1448e+09
88.1,0.91266,1181.6,2.1449e+09
88.2,0.89649,1180.9,2.1449e+09
88.3,0.88061,1180.1,2.1449e+09
88.4,0.86502,1179.4,2.145e+09
88.5,0.8497,1178.7,2.145e+09
88.6,0.83466,1177.9,2.1451e+09
88.7,0.81988,1177.2,2.1451e+09
88.8,0.80537,1176.5,2.1451e+09
88.9,0.79112,1175.8,2.1452e+09
89,0.77712,1175,2.1452e+09
89.1,0.76337,1174.3,2.1452e+09
89.2,0.74987,1173.6,2.1453e+09
89.3,0.73661,1172.9,2.1453e+09
89.4,0.72358,1172.2,2.1453e+09
89.5,0.71079,1171.4,2.1454e+09
89.6,0.69822,1170.7,2.1454e+09
89.7,0.68588,1170,2.1454e+09
89.8,0.67376,1169.3,2.1455e+09
89.9,0.66185,1168.5,2.1455e+09
90,0.65016,1167.8,2.1455e+09
90.1,0.63868,1167.1,2.1456e+09
90.2,0.6274,1166.4,2.1456e+09
90.3,0.61632,1165.7,2.1456e+09
90.4,0.60544,1165,2.1457e+09
90.5,0.59475,1164.2,2.1457e+09
90.6,0.58426,1163.5,2.1457e+09
90.7,0.57395,1162.8,2.1458e+09
90.8,0.56382,1162.1,2.1458e+09
90.9,0.55388,1161.4,2.1458e+09
91,0.54411,1160.7,2.1459e+09
91.1,0.53452,1159.9,2.1459e+09
91.2,0.5251,1159.2,2.1459e+09
91.3,0.51584,1158.5,2.1459e+09
91.4,0.50676,1157.8,2.146e+09
91.5,0.49783,1157.1,2.146e+09
91.6,0.48906,1156.4,2.146e+09
91.7,0.48045,1155.7,2.1461e+09
91.8,0.47199,1155,2.1461e+09
91.9,0.46369,1154.2,2.1461e+09
92,0.45553,1153.5,2.1461e+09
92.1,0.44751,1152.8,2.1462e+09
92.2,0.43964,1152.1,2.1462e+09
92.3,0.43191,1151.4,2.1462e+09
92.4,0.42432,1150.7,2.1463e+09
92.5,0.41687,1150,2.1463e+09
92.6,0.40954,1149.3,2.1463e+09
92.7,0.40235,1148.6,2.1463e+09
92.8,0.39528,1147.9,2.1464e+09
92.9,0.38835,1147.2,2.1464e+09
93,0.38153,1146.5,2.1464e+09
93.1,0.37484,1145.7,2.1464e+09
93.2,0.36826,1145,2.1465e+09
93.3,0.36181,1144.3,2.1465e+09
93.4,0.35546,1143.6,2.1465e+09
93.5,0.34924,1142.9,2.1465e+09
93.6,0.34312,1142.2,2.1466e+09
93.7,0.33711,1141.5,2.1466e+09
93.8,0.33121,1140.8,2.1466e+09
93.9,0.32541,1140.1,2.1466e+09
94,0.31972,1139.4,2.1467e+09
94.1,0.31413,1138.7,2.1467e+09
94.2,0.30864,1138,2.1467e+09
94.3,0.30324,1137.3,2.1467e+09
94.4,0.29794,1136.6,2.1468e+09
94.5,0.29274,1135.9,2.1468e+09
94.6,0.28763,1135.2,2.1468e+09
94.7,0.28261,1134.5,2.1468e+09
94.8,0.27768,1133.8,2.1469e+09
94.9,0.27284,1133.1,2.1469e+09
95,0.26808,1132.4,2.1469e+09
95.1,0.26341,1131.7,2.1469e+09
95.2,0.25883,1131,2.147e+09
95.3,0.25432,1130.3,2.147e+09
95.4,0.24989,1129.6,2.147e+09
95.5,0.24555,1129,2.147e+09
95.6,0.24128,1128.3,2.147e+09
95.7,0.23709,1127.6,2.1471e+09
95.8,0.23297,1126.9,2.1471e+09
95.9,0.22892,1126.2,2.1471e+09
96,0.22495,1125.5,2.1471e+09
96.1,0.22105,1124.8,2.1471e+09
96.2,0.21722,1124.1,2.1472e+09
96.3,0.21345,1123.4,2.1472e+09
96.4,0.20975,1122.7,2.1472e+09
96.5,0.20612,1122,2.1472e+09
96.6,0.20256,1121.3,2.1472e+09
96.7,0.19905,1120.7,2.1473e+09
96.8,0.19561,1120,2.1473e+09
96.9,0.19223,1119.3,2.1473e+09
97,0.18892,1118.6,2.1473e+09
97.1,0.18566,1117.9,2.1473e+09
97.2,0.18245,1117.2,2.1474e+09
97.3,0.17931,1116.5,2.1474e+09
97.4,0.17622,1115.8,2.1474e+09
97.5,0.17319,1115.2,2.1474e+09
97.6,0.17021,1114.5,2.1474e+09
97.7,0.16728,1113.8,2.1475e+09
97.8,0.16441,1113.1,2.1475e+09
97.9,0.16158,1112.4,2.1475e+09
98,0.15881,1111.7,2.1475e+09
98.1,0.15609,1111.1,2.1475e+09
98.2,0.15341,1110.4,2.1476e+09
98.3,0.15079,1109.7,2.1476e+09
98.4,0.14821,1109,2.1476e+09
98.5,0.14567,1108.3,2.1476e+09
98.6,0.14318,1107.6,2.1476e+09
98.7,0.14074,1107,2.1476e+09
98.8,0.13834,1106.3,2.1477e+09
98.9,0.13598,1105.6,2.1477e+09
99,0.13366,1104.9,2.1477e+09
99.1,0.13139,1104.3,2.1477e+09
99.2,0.12915,1103.6,2.1477e+09
99.3,0.12696,1102.9,2.1477e+09
99.4,0.1248,1102.2,2.1478e+09
99.5,0.12268,1101.5,2.1478e+09
99.6,0.1206,1100.9,2.1478e+09
99.7,0.11856,1100.2,2.1478e+09
99.8,0.11655,1099.5,2.1478e+09
99.9,0.11458,1098.8,2.1478e+09
100,0.11265,1098.2,2.1479e+09
100.1,0.11075,1097.5,2.1479e+09
100.2,0.10888,1096.8,2.1479e+09
100.3,0.10705,1096.1,2.1479e+09
100.4,0.10525,1095.5,2.1479e+09
100.5,0.10348,1094.8,2.1479e+09
100.6,0.10174,1094.1,2.1479e+09
100.7,0.10003,1093.5,2.148e+09
100.8,0.098355,1092.8,2.148e+09
100.9,0.096709,1092.1,2.148e+09
101,0.095092,1091.4,2.148e+09
101.1,0.093503,1090.8,2.148e+09
101.2,0.091943,1090.1,2.148e+09
101.3,0.090411,1089.4,2.1481e+09
101.4,0.088905,1088.8,2.1481e+09
101.5,0.087427,1088.1,2.1481e+09
101.6,0.085975,1087.4,2.1481e+09
101.7,0.084549,1086.8,2.1481e+09
101.8,0.083148,1086.1,2.1481e+09
101.9,0.081772,1085.4,2.1481e+09
102,0.080421,1084.8,2.1481e+09
102.1,0.079093,1084.1,2.1482e+09
102.2,0.07779,1083.4,2.1482e+09
102.3,0.076509,1082.8,2.1482e+09
102.4,0.075251,1082.1,2.1482e+09
102.5,0.074016,1081.4,2.1482e+09
102.6,0.072803,1080.8,2.1482e+09
102.7,0.071611,1080.1,2.1482e+09
102.8,0.07044,1079.5,2.1483e+09
102.9,0.06929,1078.8,2.1483e+09
103,0.068161,1078.1,2.1483e+09
103.1,0.067052,1077.5,2.1483e+09
103.2,0.065962,1076.8,2.1483e+09
103.3,0.064892,1076.2,2.1483e+09
103.4,0.063841,1075.5,2.1483e+09
103.5,0.062808,1074.8,2.1483e+09
103.6,0.061794,1074.2,2.1484e+09
103.7,0.060798,1073.5,2.1484e+09
103.8,0.05982,1072.9,2.1484e+09
103.9,0.058859,1072.2,2.1484e+09
104,0.057915,1071.5,2.1484e+09
104.1,0.056988,1070.9,2.1484e+09
104.2,0.056077,1070.2,2.1484e+09
104.3,0.055183,1069.6,2.1484e+09
104.4,0.054304,1068.9,2.1484e+09
104.5,0.053441,1068.3,2.1485e+09
104.6,0.052593,1067.6,2.1485e+09
104.7,0.051761,1067,2.1485e+09
104.8,0.050943,1066.3,2.1485e+09
104.9,0.05014,1065.6,2.1485e+09
105,0.049351,1065,2.1485e+09
105.1,0.048576,1064.3,2.1485e+09
105.2,0.047815,1063.7,2.1485e+09
105.3,0.047067,1063,2.1485e+09
105.4,0.046333,1062.4,2.1486e+09
105.5,0.045611,1061.7,2.1486e+09
105.6,0.044903,1061.1,2.1486e+09
105.7,0.044207,1060.4,2.1486e+09
105.8,0.043523,1059.8,2.1486e+09
105.9,0.042851,1059.1,2.1486e+09
106,0.042192,1058.5,2.1486e+09
106.1,0.041544,1057.8,2.1486e+09
106.2,0.040908,1057.2,2.1486e+09
106.3,0.040282,1056.5,2.1486e+09
106.4,0.039668,1055.9,2.1487e+09
106.5,0.039065,1055.3,2.1487e+09
106.6,0.038473,1054.6,2.1487e+09
106.7,0.037891,1054,2.1487e+09
106.8,0.037319,1053.3,2.1487e+09
106.9,0.036758,1052.7,2.1487e+09
107,0.036206,1052,2.1487e+09
107.1,0.035665,1051.4,2.1487e+09
107.2,0.035132,1050.7,2.1487e+09
107.3,0.03461,1050.1,2.1487e+09
107.4,0.034096,1049.5,2.1488e+09
107.5,0.033592,1048.8,2.1488e+09
107.6,0.033096,1048.2,2.1488e+09
107.7,0.03261,1047.5,2.1488e+09
107.8,0.032132,1046.9,2.1488e+09
107.9,0.031662,1046.2,2.1488e+09
108,0.031201,1045.6,2.1488e+09
108.1,0.030748,1045,2.1488e+09
108.2,0.030303,1044.3,2.1488e+09
108.3,0.029866,1043.7,2.1488e+09
108.4,0.029436,1043,2.1488e+09
108.5,0.029014,1042.4,2.1489e+09
108.6,0.0286,1041.8,2.1489e+09
108.7,0.028193,1041.1,2.1489e+09
108.8,0.027793,1040.5,2.1489e+09
108.9,0.0274,1039.9,2.1489e+09
109,0.027014,1039.2,2.1489e+09
109.1,0.026635,1038.6,2.1489e+09
109.2,0.026263,1038,2.1489e+09
109.3,0.025897,1037.3,2.1489e+09
109.4,0.025538,1036.7,2.1489e+09
109.5,0.025185,1036,2.1489e+09
109.6,0.024838,1035.4,2.1489e+09
109.7,0.024498,1034.8,2.1489e+09
109.8,0.024163,1034.1,2.149e+09
109.9,0.023835,1033.5,2.149e+09
110,0.023512,1032.9,2.149e+09
110.1,0.023195,1032.3,2.149e+09
110.2,0.022883,1031.6,2.149e+09
110.3,0.022577,1031,2.149e+09
110.4,0.022276,1030.4,2.149e+09
110.5,0.021981,1029.7,2.149e+09
110.6,0.021691,1029.1,2.149e+09
110.7,0.021406,1028.5,2.149e+09
110.8,0.021126,1027.8,2.149e+09
110.9,0.020851,1027.2,2.149e+09
111,0.02058,1026.6,2.149e+09
111.1,0.020315,1026,2.149e+09
111.2,0.020054,1025.3,2.1491e+09
111.3,0.019798,1024.7,2.1491e+09
111.4,0.019546,1024.1,2.1491e+09
111.5,0.019299,1023.5,2.1491e+09
111.6,0.019056,1022.8,2.1491e+09
111.7,0.018817,1022.2,2.1491e+09
111.8,0.018583,1021.6,2.1491e+09
111.9,0.018353,1021,2.1491e+09
112,0.018126,1020.3,2.1491e+09
112.1,0.017904,1019.7,2.1491e+09
112.2,0.017686,1019.1,2.1491e+09
112.3,0.017471,1018.5,2.1491e+09
112.4,0.01726,1017.8,2.1491e+09
112.5,0.017053,1017.2,2.1491e+09
112.6,0.01685,1016.6,2.1491e+09
112.7,0.01665,1016,2.1492e+09
112.8,0.016453,1015.4,2.1492e+09
112.9,0.01626,1014.7,2.1492e+09
113,0.016071,1014.1,2.1492e+09
113.1,0.015885,1013.5,2.1492e+09
113.2,0.015702,1012.9,2.1492e+09
113.3,0.015522,1012.3,2.1492e+09
113.4,0.015345,1011.6,2.1492e+09
113.5,0.015172,1011,2.1492e+09
113.6,0.015001,1010.4,2.1492e+09
113.7,0.014834,1009.8,2.1492e+09
113.8,0.014669,1009.2,2.1492e+09
113.9,0.014507,1008.6,2.1492e+09
114,0.014348,1007.9,2.1492e+09
114.1,0.014192,1007.3,2.1492e+09
114.2,0.014039,1006.7,2.1492e+09
114.3,0.013888,1006.1,2.1492e+09
114.4,0.01374,1005.5,2.1493e+09
114.5,0.013594,1004.9,2.1493e+09
114.6,0.013451,1004.2,2.1493e+09
114.7,0.013311,1003.6,2.1493e+09
114.8,0.013173,1003,2.1493e+09
114.9,0.013037,1002.4,2.1493e+09
115,0.012904,1001.8,2.1493e+09
115.1,0.012773,1001.2,2.1493e+09
115.2,0.012644,1000.6,2.1493e+09
115.3,0.012518,999.96,2.1493e+09
115.4,0.012394,999.35,2.1493e+09
115.5,0.012271,998.74,2.1493e+09
115.6,0.012151,998.14,2.1493e+09
115.7,0.012034,997.53,2.1493e+09
115.8,0.011918,996.92,2.1493e+09
115.9,0.011804,996.31,2.1493e+09
116,0.011692,995.7,2.1493e+09
116.1,0.011582,995.09,2.1493e+09
116.2,0.011474,994.49,2.1493e+09
116.3,0.011368,993.88,2.1494e+09
116.4,0.011263,993.27,2.1494e+09
116.5,0.011161,992.67,2.1494e+09
116.6,0.01106,992.06,2.1494e+09
116.7,0.010961,991.46,2.1494e+09
116.8,0.010864,990.85,2.1494e+09
116.9,0.010768,990.25,2.1494e+09
117,0.010674,989.64,2.1494e+09
117.1,0.010582,989.04,2.1494e+09
117.2,0.010491,988.44,2.1494e+09
117.3,0.010402,987.83,2.1494e+09
117.4,0.010314,987.23,2.1494e+09
117.5,0.010228,986.63,2.1494e+09
117.6,0.010143,986.03,2.1494e+09
117.7,0.01006,985.43,2.1494e+09
117.8,0.0099778,984.83,2.1494e+09
117.9,0.0098974,984.23,2.1494e+09
118,0.0098183,983.63,2.1494e+09
118.1,0.0097406,983.03,2.1494e+09
118.2,0.0096642,982.43,2.1494e+09
118.3,0.0095891,981.83,2.1494e+09
118.4,0.0095153,981.23,2.1494e+09
118.5,0.0094427,980.63,2.1494e+09
118.6,0.0093714,980.03,2.1495e+09
118.7,0.0093013,979.44,2.1495e+09
118.8,0.0092324,978.84,2.1495e+09
118.9,0.0091646,978.24,2.1495e+09
119,0.0090981,977.65,2.1495e+09
119.1,0.0090326,977.05,2.1495e+09
119.2,0.0089682,976.46,2.1495e+09
119.3,0.008905,975.86,2.1495e+09
119.4,0.0088428,975.27,2.1495e+09
119.5,0.0087816,974.67,2.1495e+09
119.6,0.0087215,974.08,2.1495e+09
119.7,0.0086624,973.48,2.1495e+09
119.8,0.0086043,972.89,2.1495e+09
119.9,0.0085472,972.3,2.1495e+09
120,0.008491,971.71,2.1495e+09
120.1,0.0084358,971.11,2.1495e+09
120.2,0.0083815,970.52,2.1495e+09
120.3,0.0083281,969.93,2.1495e+09
120.4,0.0082756,969.34,2.1495e+09
120.5,0.008224,968.75,2.1495e+09
120.6,0.0081733,968.16,2.1495e+09
120.7,0.0081234,967.57,2.1495e+09
120.8,0.0080743,966.98,2.1495e+09
120.9,0.008026,966.39,2.1495e+09
121,0.0079786,965.8,2.1495e+09
121.1,0.0079319,965.22,2.1495e+09
121.2,0.007886,964.63,2.1495e+09
121.3,0.0078409,964.04,2.1496e+09
121.4,0.0077965,963.45,2.1496e+09
121.5,0.0077529,962.87,2.1496e+09
121.6,0.00771,962.28,2.1496e+09
121.7,0.0076677,961.69,2.1496e+09
121.8,0.0076262,961.11,2.1496e+09
121.9,0.0075854,960.52,2.1496e+09
122,0.0075452,959.94,2.1496e+09
122.1,0.0075057,959.36,2.1496e+09
122.2,0.0074668,958.77,2.1496e+09
122.3,0.0074286,958.19,2.1496e+09
122.4,0.007391,957.6,2.1496e+09
122.5,0.007354,957.02,2.1496e+09
122.6,0.0073176,956.44,2.1496e+09
122.7,0.0072818,955.86,2.1496e+09
122.8,0.0072466,955.28,2.1496e+09
122.9,0.0072119,954.69,2.1496e+09
123,0.0071779,954.11,2.1496e+09
123.1,0.0071443,953.53,2.1496e+09
123.2,0.0071113,952.95,2.1496e+09
123.3,0.0070789,952.37,2.1496e+09
123.4,0.0070469,951.79,2.1496e+09
123.5,0.0070155,951.21,2.1496e+09
123.6,0.0069846,950.64,2.1496e+09
123.7,0.0069541,950.06,2.1496e+09
123.8,0.0069242,949.48,2.1496e+09
123.9,0.0068947,948.9,2.1496e+09
124,0.0068657,948.33,2.1496e+09
124.1,0.0068372,947.75,2.1496e+09
124.2,0.0068091,947.17,2.1496e+09
124.3,0.0067815,946.6,2.1496e+09
124.4,0.0067542,946.02,2.1496e+09
124.5,0.0067275,945.45,2.1496e+09
124.6,0.0067011,944.87,2.1496e+09
124.7,0.0066752,944.3,2.1496e+09
124.8,0.0066496,943.72,2.1497e+09
124.9,0.0066245,943.15,2.1497e+09
125,0.0065997,942.57,2.1497e+09
125.1,0.0065754,942,2.1497e+09
125.2,0.0065514,941.43,2.1497e+09
125.3,0.0065278,940.86,2.1497e+09
125.4,0.0065045,940.28,2.1497e+09
125.5,0.0064816,939.71,2.1497e+09
125.6,0.0064591,939.14,2.1497e+09
125.7,0.0064369,938.57,2.1497e+09
125.8,0.006415,938,2.1497e+09
125.9,0.0063935,937.43,2.1497e+09
126,0.0063723,936.86,2.1497e+09
126.1,0.0063515,936.29,2.1497e+09
126.2,0.0063309,935.72,2.1497e+09
126.3,0.0063107,935.15,2.1497e+09
126.4,0.0062907,934.59,2.1497e+09
126.5,0.0062711,934.02,2.1497e+09
126.6,0.0062517,933.45,2.1497e+09
126.7,0.0062327,932.88,2.1497e+09
126.8,0.0062139,932.32,2.1497e+09
126.9,0.0061954,931.75,2.1497e+09
127,0.0061772,931.18,2.1497e+09
127.1,0.0061592,930.62,2.1497e+09
127.2,0.0061415,930.05,2.1497e+09
127.3,0.0061241,929.49,2.1497e+09
127.4,0.0061069,928.92,2.1497e+09
127.5,0.00609,928.36,2.1497e+09
127.6,0.0060733,927.8,2.1497e+09
127.7,0.0060569,927.23,2.1497e+09
127.8,0.0060407,926.67,2.1497e+09
127.9,0.0060247,926.11,2.1497e+09
128,0.006009,925.54,2.1497e+09
128.1,0.0059935,924.98,2.1497e+09
128.2,0.0059782,924.42,2.1497e+09
128.3,0.0059631,923.86,2.1497e+09
128.4,0.0059483,923.3,2.1497e+09
128.5,0.0059336,922.74,2.1497e+09
128.6,0.0059192,922.18,2.1497e+09
128.7,0.0059049,921.62,2.1497e+09
128.8,0.0058909,921.06,2.1497e+09
128.9,0.005877,920.5,2.1497e+09
129,0.0058634,919.94,2.1497e+09
129.1,0.0058499,919.38,2.1497e+09
129.2,0.0058366,918.82,2.1497e+09
129.3,0.0058235,918.27,2.1497e+09
129.4,0.0058106,917.71,2.1498e+09
129.5,0.0057978,917.15,2.1498e+09
129.6,0.0057853,916.6,2.1498e+09
129.7,0.0057729,916.04,2.1498e+09
129.8,0.0057606,915.48,2.1498e+09
129.9,0.0057485,914.93,2.1498e+09
130,0.0057366,914.37,2.1498e+09
130.1,0.0057249,913.82,2.1498e+09
130.2,0.0057133,913.26,2.1498e+09
130.3,0.0057018,912.71,2.1498e+09
130.4,0.0056905,912.16,2.1498e+09
130.5,0.0056794,911.6,2.1498e+09
130.6,0.0056684,911.05,2.1498e+09
130.7,0.0056575,910.5,2.1498e+09
130.8,0.0056468,909.95,2.1498e+09
130.9,0.0056362,909.39,2.1498e+09
131,0.0056257,908.84,2.1498e+09
131.1,0.0056154,908.29,2.1498e+09
131.2,0.0056052,907.74,2.1498e+09
131.3,0.0055951,907.19,2.1498e+09
131.4,0.0055852,906.64,2.1498e+09
131.5,0.0055753,906.09,2.1498e+09
131.6,0.0055656,905.54,2.1498e+09
131.7,0.0055561,904.99,2.1498e+09
131.8,0.0055466,904.44,2.1498e+09
131.9,0.0055372,903.9,2.1498e+09
132,0.005528,903.35,2.1498e+09
132.1,0.0055189,902.8,2.1498e+09
132.2,0.0055098,902.25,2.1498e+09
132.3,0.0055009,901.71,2.1498e+09
132.4,0.0054921,901.16,2.1498e+09
132.5,0.0054834,900.61,2.1498e+09
132.6,0.0054748,900.07,2.1498e+09
132.7,0.0054663,899.52,2.1498e+09
132.8,0.0054579,898.98,2.1498e+09
132.9,0.0054496,898.43,2.1498e+09
133,0.0054414,897.89,2.1498e+09
133.1,0.0054333,897.34,2.1498e+09
133.2,0.0054252,896.8,2.1498e+09
133.3,0.0054173,896.26,2.1498e+09
133.4,0.0054094,895.71,2.1498e+09
133.5,0.0054016,895.17,2.1498e+09
133.6,0.005394,894.63,2.1498e+09
133.7,0.0053864,894.09,2.1498e+09
133.8,0.0053788,893.55,2.1498e+09
133.9,0.0053714,893,2.1498e+09
134,0.005364,892.46,2.1498e+09
134.1,0.0053568,891.92,2.1498e+09
134.2,0.0053496,891.38,2.1498e+09
134.3,0.0053424,890.84,2.1498e+09
134.4,0.0053354,890.3,2.1498e+09
134.5,0.0053284,889.76,2.1498e+09
134.6,0.0053215,889.23,2.1498e+09
134.7,0.0053146,888.69,2.1498e+09
134.8,0.0053079,888.15,2.1498e+09
134.9,0.0053012,887.61,2.1498e+09
135,0.0052945,887.07,2.1498e+09
135.1,0.0052879,886.54,2.1498e+09
135.2,0.0052814,886,2.1498e+09
135.3,0.005275,885.46,2.1498e+09
135.4,0.0052686,884.93,2.1498e+09
135.5,0.0052623,884.39,2.1498e+09
135.6,0.005256,883.86,2.1498e+09
135.7,0.0052498,883.32,2.1498e+09
135.8,0.0052436,882.79,2.1498e+09
135.9,0.0052376,882.25,2.1498e+09
136,0.0052315,881.72,2.1498e+09
136.1,0.0052255,881.19,2.1498e+09
136.2,0.0052196,880.65,2.1498e+09
136.3,0.0052137,880.12,2.1499e+09
136.4,0.0052079,879.59,2.1499e+09
136.5,0.0052021,879.06,2.1499e+09
136.6,0.0051964,878.52,2.1499e+09
136.7,0.0051907,877.99,2.1499e+09
136.8,0.0051851,877.46,2.1499e+09
136.9,0.0051795,876.93,2.1499e+09
137,0.005174,876.4,2.1499e+09
137.1,0.0051685,875.87,2.1499e+09
137.2,0.0051631,875.34,2.1499e+09
137.3,0.0051577,874.81,2.1499e+09
137.4,0.0051524,874.28,2.1499e+09
137.5,0.005147,873.75,2.1499e+09
137.6,0.0051418,873.22,2.1499e+09
137.7,0.0051366,872.7,2.1499e+09
137.8,0.0051314,872.17,2.1499e+09
137.9,0.0051262,871.64,2.1499e+09
138,0.0051211,871.11,2.1499e+09
138.1,0.0051161,870.59,2.1499e+09
138.2,0.005111,870.06,2.1499e+09
138.3,0.0051061,869.54,2.1499e+09
138.4,0.0051011,869.01,2.1499e+09
138.5,0.0050962,868.48,2.1499e+09
138.6,0.0050913,867.96,2.1499e+09
138.7,0.0050865,867.43,2.1499e+09
138.8,0.0050817,866.91,2.1499e+09
138.9,0.0050769,866.39,2.1499e+09
139,0.0050721,865.86,2.1499e+09
139.1,0.0050674,865.34,2.1499e+09
139.2,0.0050628,864.82,2.1499e+09
139.3,0.0050581,864.29,2.1499e+09
139.4,0.0050535,863.77,2.1499e+09
139.5,0.0050489,863.25,2.1499e+09
139.6,0.0050444,862.73,2.1499e+09
139.7,0.0050398,862.21,2.1499e+09
139.8,0.0050353,861.69,2.1499e+09
139.9,0.0050309,861.17,2.1499e+09
140,0.0050264,860.65,2.1499e+09
140.1,0.005022,860.13,2.1499e+09
140.2,0.0050176,859.61,2.1499e+09
140.3,0.0050133,859.09,2.1499e+09
140.4,0.005009,858.57,2.1499e+09
140.5,0.0050047,858.05,2.1499e+09
140.6,0.0050004,857.53,2.1499e+09
140.7,0.0049961,857.01,2.1499e+09
140.8,0.0049919,856.5,2.1499e+09
140.9,0.0049877,855.98,2.1499e+09
141,0.0049835,855.46,2.1499e+09
141.1,0.0049793,854.95,2.1499e+09
141.2,0.0049752,854.43,2.1499e+09
141.3,0.0049711,853.91,2.1499e+09
141.4,0.004967,853.4,2.1499e+09
141.5,0.0049629,852.88,2.1499e+09
141.6,0.0049589,852.37,2.1499e+09
141.7,0.0049549,851.85,2.1499e+09
141.8,0.0049509,851.34,2.1499e+09
141.9,0.0049469,850.83,2.1499e+09
142,0.0049429,850.31,2.1499e+09
142.1,0.004939,849.8,2.1499e+09
142.2,0.004935,849.29,2.1499e+09
142.3,0.0049311,848.77,2.1499e+09
142.4,0.0049273,848.26,2.1499e+09
142.5,0.0049234,847.75,2.1499e+09
142.6,0.0049195,847.24,2.1499e+09
142.7,0.0049157,846.73,2.1499e+09
142.8,0.0049119,846.22,2.1499e+09
142.9,0.0049081,845.71,2.1499e+09
143,0.0049043,845.2,2.1499e+09
143.1,0.0049006,844.69,2.1499e+09
143.2,0.0048968,844.18,2.1499e+09
143.3,0.0048931,843.67,2.1499e+09
143.4,0.0048894,843.16,2.1499e+09
143.5,0.0048857,842.65,2.1499e+09
143.6,0.004882,842.14,2.1499e+09
143.7,0.0048783,841.63,2.1499e+09
143.8,0.0048747,841.13,2.1499e+09
143.9,0.004871,840.62,2.1499e+09
144,0.0048674,840.11,2.1499e+09
144.1,0.0048638,839.61,2.1499e+09
144.2,0.0048602,839.1,2.1499e+09
144.3,0.0048566,838.59,2.1499e+09
144.4,0.0048531,838.09,2.1499e+09
144.5,0.0048495,837.58,2.1499e+09
144.6,0.004846,837.08,2.1499e+09
144.7,0.0048424,836.57,2.1499e+09
144.8,0.0048389,836.07,2.1499e+09
144.9,0.0048354,835.57,2.1499e+09
145,0.0048319,835.06,2.1499e+09
145.1,0.0048285,834.56,2.1499e+09
145.2,0.004825,834.06,2.1499e+09
145.3,0.0048216,833.55,2.1499e+09
145.4,0.0048181,833.05,2.1499e+09
145.5,0.0048147,832.55,2.1499e+09
145.6,0.0048113,832.05,2.1499e+09
145.7,0.0048079,831.55,2.1499e+09
145.8,0.0048045,831.04,2.1499e+09
145.9,0.0048011,830.54,2.1499e+09
146,0.0047977,830.04,2.1499e+09
146.1,0.0047944,829.54,2.1499e+09
146.2,0.004791,829.04,2.1499e+09
146.3,0.0047877,828.54,2.1499e+09
146.4,0.0047843,828.05,2.1499e+09
146.5,0.004781,827.55,2.1499e+09
146.6,0.0047777,827.05,2.1499e+09
146.7,0.0047744,826.55,2.1499e+09
146.8,0.0047711,826.05,2.1499e+09
146.9,0.0047678,825.56,2.1499e+09
147,0.0047646,825.06,2.1499e+09
147.1,0.0047613,824.56,2.1499e+09
147.2,0.004758,824.06,2.1499e+09
147.3,0.0047548,823.57,2.1499e+09
147.4,0.0047515,823.07,2.1499e+09
147.5,0.0047483,822.58,2.1499e+09
147.6,0.0047451,822.08,2.1499e+09
147.7,0.0047419,821.59,2.1499e+09
147.8,0.0047387,821.09,2.1499e+09
147.9,0.0047355,820.6,2.1499e+09
148,0.0047323,820.1,2.1499e+09
148.1,0.0047291,819.61,2.1499e+09
148.2,0.004726,819.12,2.1499e+09
148.3,0.0047228,818.63,2.1499e+09
148.4,0.0047196,818.13,2.1499e+09
148.5,0.0047165,817.64,2.1499e+09
148.6,0.0047133,817.15,2.1499e+09
148.7,0.0047102,816.66,2.1499e+09
148.8,0.0047071,816.17,2.1499e+09
148.9,0.004704,815.67,2.1499e+09
149,0.0047008,815.18,2.1499e+09
149.1,0.0046977,814.69,2.1499e+09
149.2,0.0046946,814.2,2.1499e+09
149.3,0.0046916,813.71,2.1499e+09
149.4,0.0046885,813.22,2.1499e+09
149.5,0.0046854,812.74,2.1499e+09
149.6,0.0046823,812.25,2.1499e+09
149.7,0.0046792,811.76,2.1499e+09
149.8,0.0046762,811.27,2.1499e+09
149.9,0.0046731,810.78,2.1499e+09
150,0.0046701,810.29,2.1499e+09
150.1,0.004667,809.81,2.1499e+09
150.2,0.004664,809.32,2.1499e+09
150.3,0.004661,808.83,2.1499e+09
150.4,0.004658,808.35,2.1499e+09
150.5,0.0046549,807.86,2.1499e+09
150.6,0.0046519,807.38,2.1499e+09
150.7,0.0046489,806.89,2.1499e+09
150.8,0.0046459,806.41,2.1499e+09
150.9,0.0046429,805.92,2.1499e+09
151,0.0046399,805.44,2.1499e+09
151.1,0.004637,804.95,2.1499e+09
151.2,0.004634,804.47,2.1499e+09
151.3,0.004631,803.99,2.15e+09
151.4,0.004628,803.5,2.15e+09
151.5,0.0046251,803.02,2.15e+09
151.6,0.0046221,802.54,2.15e+09
151.7,0.0046192,802.05,2.15e+09
151.8,0.0046162,801.57,2.15e+09
151.9,0.0046133,801.09,2.15e+09
152,0.0046103,800.61,2.15e+09
152.1,0.0046074,800.13,2.15e+09
152.2,0.0046045,799.65,2.15e+09
152.3,0.0046015,799.17,2.15e+09
152.4,0.0045986,798.69,2.15e+09
152.5,0.0045957,798.21,2.15e+09
152.6,0.0045928,797.73,2.15e+09
152.7,0.0045899,797.25,2.15e+09
152.8,0.004587,796.77,2.15e+09
152.9,0.0045841,796.29,2.15e+09
153,0.0045812,795.82,2.15e+09
153.1,0.0045783,795.34,2.15e+09
153.2,0.0045754,794.86,2.15e+09
153.3,0.0045725,794.38,2.15e+09
153.4,0.0045697,793.91,2.15e+09
153.5,0.0045668,793.43,2.15e+09
153.6,0.0045639,792.95,2.15e+09
153.7,0.004561,792.48,2.15e+09
153.8,0.0045582,792,2.15e+09
153.9,0.0045553,791.53,2.15e+09
154,0.0045525,791.05,2.15e+09
154.1,0.0045496,790.58,2.15e+09
154.2,0.0045468,790.1,2.15e+09
154.3,0.0045439,789.63,2.15e+09
154.4,0.0045411,789.15,2.15e+09
154.5,0.0045383,788.68,2.15e+09
154.6,0.0045354,788.21,2.15e+09
154.7,0.0045326,787.73,2.15e+09
154.8,0.0045298,787.26,2.15e+09
154.9,0.004527,786.79,2.15e+09
155,0.0045241,786.32,2.15e+09
155.1,0.0045213,785.85,2.15e+09
155.2,0.0045185,785.37,2.15e+09
155.3,0.0045157,784.9,2.15e+09
155.4,0.0045129,784.43,2.15e+09
155.5,0.0045101,783.96,2.15e+09
155.6,0.0045073,783.49,2.15e+09
155.7,0.0045045,783.02,2.15e+09
155.8,0.0045017,782.55,2.15e+09
155.9,0.004499,782.08,2.15e+09
156,0.0044962,781.61,2.15e+09
156.1,0.0044934,781.15,2.15e+09
156.2,0.0044906,780.68,2.15e+09
156.3,0.0044878,780.21,2.15e+09
156.4,0.0044851,779.74,2.15e+09
156.5,0.0044823,779.27,2.15e+09
156.6,0.0044795,778.81,2.15e+09
156.7,0.0044768,778.34,2.15e+09
156.8,0.004474,777.87,2.15e+09
156.9,0.0044713,777.41,2.15e+09
157,0.0044685,776.94,2.15e+09
157.1,0.0044658,776.48,2.15e+09
157.2,0.004463,776.01,2.15e+09
157.3,0.0044603,775.55,2.15e+09
157.4,0.0044575,775.08,2.15e+09
157.5,0.0044548,774.62,2.15e+09
157.6,0.0044521,774.15,2.15e+09
157.7,0.0044493,773.69,2.15e+09
157.8,0.0044466,773.23,2.15e+09
157.9,0.0044439,772.76,2.15e+09
158,0.0044411,772.3,2.15e+09
158.1,0.0044384,771.84,2.15e+09
158.2,0.0044357,771.38,2.15e+09
158.3,0.004433,770.91,2.15e+09
158.4,0.0044303,770.45,2.15e+09
158.5,0.0044276,769.99,2.15e+09
158.6,0.0044249,769.53,2.15e+09
158.7,0.0044222,769.07,2.15e+09
158.8,0.0044195,768.61,2.15e+09
158.9,0.0044168,768.15,2.15e+09
159,0.0044141,767.69,2.15e+09
159.1,0.0044114,767.23,2.15e+09
159.2,0.0044087,766.77,2.15e+09
159.3,0.004406,766.31,2.15e+09
159.4,0.0044033,765.85,2.15e+09
159.5,0.0044006,765.39,2.15e+09
159.6,0.0043979,764.94,2.15e+09
159.7,0.0043953,764.48,2.15e+09
159.8,0.0043926,764.02,2.15e+09
159.9,0.0043899,763.56,2.15e+09
160,0.0043872,763.11,2.15e+09
160.1,0.0043846,762.65,2.15e+09
160.2,0.0043819,762.19,2.15e+09
160.3,0.0043792,761.74,2.15e+09
160.4,0.0043766,761.28,2.15e+09
160.5,0.0043739,760.83,2.15e+09
160.6,0.0043712,760.37,2.15e+09
160.7,0.0043686,759.92,2.15e+09
160.8,0.0043659,759.46,2.15e+09
160.9,0.0043633,759.01,2.15e+09
161,0.0043606,758.55,2.15e+09
161.1,0.004358,758.1,2.15e+09
161.2,0.0043553,757.65,2.15e+09
161.3,0.0043527,757.19,2.15e+09
161.4,0.0043501,756.74,2.15e+09
161.5,0.0043474,756.29,2.15e+09
161.6,0.0043448,755.84,2.15e+09
161.7,0.0043422,755.38,2.15e+09
161.8,0.0043395,754.93,2.15e+09
161.9,0.0043369,754.48,2.15e+09
162,0.0043343,754.03,2.15e+09
162.1,0.0043317,753.58,2.15e+09
162.2,0.004329,753.13,2.15e+09
162.3,0.0043264,752.68,2.15e+09
162.4,0.0043238,752.23,2.15e+09
162.5,0.0043212,751.78,2.15e+09
162.6,0.0043186,751.33,2.15e+09
162.7,0.004316,750.88,2.15e+09
162.8,0.0043133,750.43,2.15e+09
162.9,0.0043107,749.98,2.15e+09
163,0.0043081,749.54,2.15e+09
163.1,0.0043055,749.09,2.15e+09
163.2,0.0043029,748.64,2.15e+09
163.3,0.0043003,748.19,2.15e+09
163.4,0.0042977,747.75,2.15e+09
163.5,0.0042951,747.3,2.15e+09
163.6,0.0042925,746.85,2.15e+09
163.7,0.00429,746.41,2.15e+09
163.8,0.0042874,745.96,2.15e+09
163.9,0.0042848,745.52,2.15e+09
164,0.0042822,745.07,2.15e+09
164.1,0.0042796,744.63,2.15e+09
164.2,0.004277,744.18,2.15e+09
164.3,0.0042745,743.74,2.15e+09
164.4,0.0042719,743.29,2.15e+09
164.5,0.0042693,742.85,2.15e+09
164.6,0.0042667,742.41,2.15e+09
164.7,0.0042642,741.96,2.15e+09
164.8,0.0042616,741.52,2.15e+09
164.9,0.004259,741.08,2.15e+09
165,0.0042565,740.64,2.15e+09
165.1,0.0042539,740.19,2.15e+09
165.2,0.0042513,739.75,2.15e+09
165.3,0.0042488,739.31,2.15e+09
165.4,0.0042462,738.87,2.15e+09
165.5,0.0042437,738.43,2.15e+09
165.6,0.0042411,737.99,2.15e+09
165.7,0.0042386,737.55,2.15e+09
165.8,0.004236,737.11,2.15e+09
165.9,0.0042335,736.67,2.15e+09
166,0.0042309,736.23,2.15e+09
166.1,0.0042284,735.79,2.15e+09
166.2,0.0042258,735.35,2.15e+09
166.3,0.0042233,734.91,2.15e+09
166.4,0.0042208,734.47,2.15e+09
166.5,0.0042182,734.04,2.15e+09
166.6,0.0042157,733.6,2.15e+09
166.7,0.0042132,733.16,2.15e+09
166.8,0.0042106,732.72,2.15e+09
166.9,0.0042081,732.29,2.15e+09
167,0.0042056,731.85,2.15e+09
167.1,0.004203,731.41,2.15e+09
167.2,0.0042005,730.98,2.15e+09
167.3,0.004198,730.54,2.15e+09
167.4,0.0041955,730.11,2.15e+09
167.5,0.004193,729.67,2.15e+09
167.6,0.0041904,729.24,2.15e+09
167.7,0.0041879,728.8,2.15e+09
167.8,0.0041854,728.37,2.15e+09
167.9,0.0041829,727.93,2.15e+09
168,0.0041804,727.5,2.15e+09
168.1,0.0041779,727.07,2.15e+09
168.2,0.0041754,726.63,2.15e+09
168.3,0.0041729,726.2,2.15e+09
168.4,0.0041704,725.77,2.15e+09
168.5,0.0041679,725.33,2.15e+09
168.6,0.0041654,724.9,2.15e+09
168.7,0.0041629,724.47,2.15e+09
168.8,0.0041604,724.04,2.15e+09
168.9,0.0041579,723.61,2.15e+09
169,0.0041554,723.18,2.15e+09
169.1,0.0041529,722.75,2.15e+09
169.2,0.0041504,722.32,2.15e+09
169.3,0.0041479,721.89,2.15e+09
169.4,0.0041455,721.46,2.15e+09
169.5,0.004143,721.03,2.15e+09
169.6,0.0041405,720.6,2.15e+09
169.7,0.004138,720.17,2.15e+09
169.8,0.0041355,719.74,2.15e+09
169.9,0.0041331,719.31,2.15e+09
170,0.0041306,718.88,2.15e+09
170.1,0.0041281,718.45,2.15e+09
170.2,0.0041256,718.03,2.15e+09
170.3,0.0041232,717.6,2.15e+09
170.4,0.0041207,717.17,2.15e+09
170.5,0.0041182,716.75,2.15e+09
170.6,0.0041158,716.32,2.15e+09
170.7,0.0041133,715.89,2.15e+09
170.8,0.0041109,715.47,2.15e+09
170.9,0.0041084,715.04,2.15e+09
171,0.0041059,714.62,2.15e+09
171.1,0.0041035,714.19,2.15e+09
171.2,0.004101,713.77,2.15e+09
171.3,0.0040986,713.34,2.15e+09
171.4,0.0040961,712.92,2.15e+09
171.5,0.0040937,712.49,2.15e+09
171.6,0.0040912,712.07,2.15e+09
171.7,0.0040888,711.65,2.15e+09
171.8,0.0040863,711.22,2.15e+09
171.9,0.0040839,710.8,2.15e+09
172,0.0040815,710.38,2.15e+09
172.1,0.004079,709.95,2.15e+09
172.2,0.0040766,709.53,2.15e+09
172.3,0.0040742,709.11,2.15e+09
172.4,0.0040717,708.69,2.15e+09
172.5,0.0040693,708.27,2.15e+09
172.6,0.0040669,707.85,2.15e+09
172.7,0.0040644,707.43,2.15e+09
172.8,0.004062,707.01,2.15e+09
172.9,0.0040596,706.59,2.15e+09
173,0.0040572,706.17,2.15e+09
173.1,0.0040547,705.75,2.15e+09
173.2,0.0040523,705.33,2.15e+09
173.3,0.0040499,704.91,2.15e+09
173.4,0.0040475,704.49,2.15e+09
173.5,0.0040451,704.07,2.15e+09
173.6,0.0040426,703.65,2.15e+09
173.7,0.0040402,703.23,2.15e+09
173.8,0.0040378,702.82,2.15e+09
173.9,0.0040354,702.4,2.15e+09
174,0.004033,701.98,2.15e+09
174.1,0.0040306,701.56,2.15e+09
174.2,0.0040282,701.15,2.15e+09
174.3,0.0040258,700.73,2.15e+09
174.4,0.0040234,700.31,2.15e+09
174.5,0.004021,699.9,2.15e+09
174.6,0.0040186,699.48,2.15e+09
174.7,0.0040162,699.07,2.15e+09
174.8,0.0040138,698.65,2.15e+09
174.9,0.0040114,698.24,2.15e+09
175,0.004009,697.82,2.15e+09
175.1,0.0040066,697.41,2.15e+09
175.2,0.0040042,697,2.15e+09
175.3,0.0040019,696.58,2.15e+09
175.4,0.0039995,696.17,2.15e+09
175.5,0.0039971,695.75,2.15e+09
175.6,0.0039947,695.34,2.15e+09
175.7,0.0039923,694.93,2.15e+09
175.8,0.0039899,694.52,2.15e+09
175.9,0.0039876,694.1,2.15e+09
176,0.0039852,693.69,2.15e+09
176.1,0.0039828,693.28,2.15e+09
176.2,0.0039805,692.87,2.15e+09
176.3,0.0039781,692.46,2.15e+09
176.4,0.0039757,692.05,2.15e+09
176.5,0.0039733,691.64,2.15e+09
176.6,0.003971,691.23,2.15e+09
176.7,0.0039686,690.82,2.15e+09
176.8,0.0039663,690.41,2.15e+09
176.9,0.0039639,690,2.15e+09
177,0.0039615,689.59,2.15e+09
177.1,0.0039592,689.18,2.15e+09
177.2,0.0039568,688.77,2.15e+09
177.3,0.0039545,688.36,2.15e+09
177.4,0.0039521,687.95,2.15e+09
177.5,0.0039498,687.55,2.15e+09
177.6,0.0039474,687.14,2.15e+09
177.7,0.0039451,686.73,2.15e+09
177.8,0.0039427,686.33,2.15e+09
177.9,0.0039404,685.92,2.15e+09
178,0.003938,685.51,2.15e+09
178.1,0.0039357,685.11,2.15e+09
178.2,0.0039333,684.7,2.15e+09
178.3,0.003931,684.29,2.15e+09
178.4,0.0039287,683.89,2.15e+09
178.5,0.0039263,683.48,2.15e+09
178.6,0.003924,683.08,2.15e+09
178.7,0.0039217,682.67,2.15e+09
178.8,0.0039193,682.27,2.15e+09
178.9,0.003917,681.86,2.15e+09
179,0.0039147,681.46,2.15e+09
179.1,0.0039123,681.06,2.15e+09
179.2,0.00391,680.65,2.15e+09
179.3,0.0039077,680.25,2.15e+09
179.4,0.0039054,679.85,2.15e+09
179.5,0.003903,679.45,2.15e+09
179.6,0.0039007,679.04,2.15e+09
179.7,0.0038984,678.64,2.15e+09
179.8,0.0038961,678.24,2.15e+09
179.9,0.0038938,677.84,2.15e+09
180,0.0038915,677.44,2.15e+09
180.1,0.0038891,677.04,2.15e+09
180.2,0.0038868,676.63,2.15e+09
180.3,0.0038845,676.23,2.15e+09
180.4,0.0038822,675.83,2.15e+09
180.5,0.0038799,675.43,2.15e+09
180.6,0.0038776,675.03,2.15e+09
180.7,0.0038753,674.63,2.15e+09
180.8,0.003873,674.24,2.15e+09
180.9,0.0038707,673.84,2.15e+09
181,0.0038684,673.44,2.15e+09
181.1,0.0038661,673.04,2.15e+09
181.2,0.0038638,672.64,2.15e+09
181.3,0.0038615,672.24,2.15e+09
181.4,0.0038592,671.85,2.15e+09
181.5,0.0038569,671.45,2.15e+09
181.6,0.0038546,671.05,2.15e+09
181.7,0.0038524,670.65,2.15e+09
181.8,0.0038501,670.26,2.15e+09
181.9,0.0038478,669.86,2.15e+09
182,0.0038455,669.46,2.15e+09
182.1,0.0038432,669.07,2.15e+09
182.2,0.0038409,668.67,2.15e+09
182.3,0.0038387,668.28,2.15e+09
182.4,0.0038364,667.88,2.15e+09
182.5,0.0038341,667.49,2.15e+09
182.6,0.0038318,667.09,2.15e+09
182.7,0.0038296,666.7,2.15e+09
182.8,0.0038273,666.3,2.15e+09
182.9,0.003825,665.91,2.15e+09
183,0.0038228,665.52,2.15e+09
183.1,0.0038205,665.12,2.15e+09
183.2,0.0038182,664.73,2.15e+09
183.3,0.003816,664.34,2.15e+09
183.4,0.0038137,663.95,2.15e+09
183.5,0.0038114,663.55,2.15e+09
183.6,0.0038092,663.16,2.15e+09
183.7,0.0038069,662.77,2.15e+09
183.8,0.0038047,662.38,2.15e+09
183.9,0.0038024,661.99,2.15e+09
184,0.0038001,661.6,2.15e+09
184.1,0.0037979,661.2,2.15e+09
184.2,0.0037956,660.81,2.15e+09
184.3,0.0037934,660.42,2.15e+09
184.4,0.0037911,660.03,2.15e+09
184.5,0.0037889,659.64,2.15e+09
184.6,0.0037867,659.25,2.15e+09
184.7,0.0037844,658.87,2.15e+09
184.8,0.0037822,658.48,2.15e+09
184.9,0.0037799,658.09,2.15e+09
185,0.0037777,657.7,2.15e+09
185.1,0.0037755,657.31,2.15e+09
185.2,0.0037732,656.92,2.15e+09
185.3,0.003771,656.54,2.15e+09
185.4,0.0037688,656.15,2.15e+09
185.5,0.0037665,655.76,2.15e+09
185.6,0.0037643,655.37,2.15e+09
185.7,0.0037621,654.99,2.15e+09
185.8,0.0037598,654.6,2.15e+09
185.9,0.0037576,654.21,2.15e+09
186,0.0037554,653.83,2.15e+09
186.1,0.0037532,653.44,2.15e+09
186.2,0.0037509,653.06,2.15e+09
186.3,0.0037487,652.67,2.15e+09
186.4,0.0037465,652.29,2.15e+09
186.5,0.0037443,651.9,2.15e+09
186.6,0.0037421,651.52,2.15e+09
186.7,0.0037398,651.13,2.15e+09
186.8,0.0037376,650.75,2.15e+09
186.9,0.0037354,650.37,2.15e+09
187,0.0037332,649.98,2.15e+09
187.1,0.003731,649.6,2.15e+09
187.2,0.0037288,649.22,2.15e+09
187.3,0.0037266,648.83,2.15e+09
187.4,0.0037244,648.45,2.15e+09
187.5,0.0037222,648.07,2.15e+09
187.6,0.00372,647.69,2.15e+09
187.7,0.0037178,647.3,2.15e+09
187.8,0.0037156,646.92,2.15e+09
187.9,0.0037134,646.54,2.15e+09
188,0.0037112,646.16,2.15e+09
188.1,0.003709,645.78,2.15e+09
188.2,0.0037068,645.4,2.15e+09
188.3,0.0037046,645.02,2.15e+09
188.4,0.0037024,644.64,2.15e+09
188.5,0.0037002,644.26,2.15e+09
188.6,0.003698,643.88,2.15e+09
188.7,0.0036959,643.5,2.15e+09
188.8,0.0036937,643.12,2.15e+09
188.9,0.0036915,642.74,2.15e+09
189,0.0036893,642.36,2.15e+09
189.1,0.0036871,641.99,2.15e+09
189.2,0.003685,641.61,2.15e+09
189.3,0.0036828,641.23,2.15e+09
189.4,0.0036806,640.85,2.15e+09
189.5,0.0036784,640.47,2.15e+09
189.6,0.0036763,640.1,2.15e+09
189.7,0.0036741,639.72,2.15e+09
189.8,0.0036719,639.34,2.15e+09
189.9,0.0036697,638.97,2.15e+09
190,0.0036676,638.59,2.15e+09
190.1,0.0036654,638.22,2.15e+09
190.2,0.0036632,637.84,2.15e+09
190.3,0.0036611,637.46,2.15e+09
190.4,0.0036589,637.09,2.15e+09
190.5,0.0036568,636.71,2.15e+09
190.6,0.0036546,636.34,2.15e+09
190.7,0.0036524,635.97,2.15e+09
190.8,0.0036503,635.59,2.15e+09
190.9,0.0036481,635.22,2.15e+09
191,0.003646,634.84,2.15e+09
191.1,0.0036438,634.47,2.15e+09
191.2,0.0036417,634.1,2.15e+09
191.3,0.0036395,633.72,2.15e+09
191.4,0.0036374,633.35,2.15e+09
191.5,0.0036352,632.98,2.15e+09
191.6,0.0036331,632.61,2.15e+09
191.7,0.0036309,632.24,2.15e+09
191.8,0.0036288,631.86,2.15e+09
191.9,0.0036267,631.49,2.15e+09
192,0.0036245,631.12,2.15e+09
192.1,0.0036224,630.75,2.15e+09
192.2,0.0036202,630.38,2.15e+09
192.3,0.0036181,630.01,2.15e+09
192.4,0.003616,629.64,2.15e+09
192.5,0.0036138,629.27,2.15e+09
192.6,0.0036117,628.9,2.15e+09
192.7,0.0036096,628.53,2.15e+09
192.8,0.0036075,628.16,2.15e+09
192.9,0.0036053,627.79,2.15e+09
193,0.0036032,627.42,2.15e+09
193.1,0.0036011,627.05,2.15e+09
193.2,0.003599,626.68,2.15e+09
193.3,0.0035968,626.32,2.15e+09
193.4,0.0035947,625.95,2.15e+09
193.5,0.0035926,625.58,2.15e+09
193.6,0.0035905,625.21,2.15e+09
193.7,0.0035884,624.85,2.15e+09
193.8,0.0035862,624.48,2.15e+09
193.9,0.0035841,624.11,2.15e+09
194,0.003582,623.75,2.15e+09
194.1,0.0035799,623.38,2.15e+09
194.2,0.0035778,623.01,2.15e+09
194.3,0.0035757,622.65,2.15e+09
194.4,0.0035736,622.28,2.15e+09
194.5,0.0035715,621.92,2.15e+09
194.6,0.0035694,621.55,2.15e+09
194.7,0.0035673,621.19,2.15e+09
194.8,0.0035652,620.82,2.15e+09
194.9,0.0035631,620.46,2.15e+09
195,0.003561,620.09,2.15e+09
195.1,0.0035589,619.73,2.15e+09
195.2,0.0035568,619.37,2.15e+09
195.3,0.0035547,619,2.15e+09
195.4,0.0035526,618.64,2.15e+09
195.5,0.0035505,618.28,2.15e+09
195.6,0.0035484,617.91,2.15e+09
195.7,0.0035463,617.55,2.15e+09
195.8,0.0035442,617.19,2.15e+09
195.9,0.0035422,616.83,2.15e+09
196,0.0035401,616.47,2.15e+09
196.1,0.003538,616.1,2.15e+09
196.2,0.0035359,615.74,2.15e+09
196.3,0.0035338,615.38,2.15e+09
196.4,0.0035317,615.02,2.15e+09
196.5,0.0035297,614.66,2.15e+09
196.6,0.0035276,614.3,2.15e+09
196.7,0.0035255,613.94,2.15e+09
196.8,0.0035234,613.58,2.15e+09
196.9,0.0035214,613.22,2.15e+09
197,0.0035193,612.86,2.15e+09
197.1,0.0035172,612.5,2.15e+09
197.2,0.0035152,612.14,2.15e+09
197.3,0.0035131,611.78,2.15e+09
197.4,0.003511,611.43,2.15e+09
197.5,0.003509,611.07,2.15e+09
197.6,0.0035069,610.71,2.15e+09
197.7,0.0035048,610.35,2.15e+09
197.8,0.0035028,609.99,2.15e+09
197.9,0.0035007,609.64,2.15e+09
198,0.0034987,609.28,2.15e+09
198.1,0.0034966,608.92,2.15e+09
198.2,0.0034946,608.57,2.15e+09
198.3,0.0034925,608.21,2.15e+09
198.4,0.0034904,607.85,2.15e+09
198.5,0.0034884,607.5,2.15e+09
198.6,0.0034863,607.14,2.15e+09
198.7,0.0034843,606.79,2.15e+09
198.8,0.0034822,606.43,2.15e+09
198.9,0.0034802,606.08,2.15e+09
199,0.0034782,605.72,2.15e+09
199.1,0.0034761,605.37,2.15e+09
199.2,0.0034741,605.01,2.15e+09
199.3,0.003472,604.66,2.15e+09
199.4,0.00347,604.3,2.15e+09
199.5,0.003468,603.95,2.15e+09
199.6,0.0034659,603.6,2.15e+09
199.7,0.0034639,603.24,2.15e+09
199.8,0.0034619,602.89,2.15e+09
199.9,0.0034598,602.54,2.15e+09
200,0.0034578,602.19,2.15e+09
