0,9e+06,1000,1e+06
0.1,8.8394e+06,1022.5,9.7854e+05
0.2,8.6817e+06,1044.6,9.5752e+05
0.3,8.5268e+06,1066.3,9.3692e+05
0.4,8.3747e+06,1087.6,9.1675e+05
0.5,8.2253e+06,1108.5,8.9698e+05
0.6,8.0785e+06,1129,8.776e+05
0.7,7.9344e+06,1149,8.5862e+05
0.8,7.7928e+06,1168.7,8.4001e+05
0.9,7.6538e+06,1188,8.2177e+05
1,7.5172e+06,1207,8.04e+05
1.1,7.3831e+06,1225.6,7.866e+05
1.2,7.2514e+06,1243.8,7.6954e+05
1.3,7.122e+06,1261.7,7.5279e+05
1.4,6.9949e+06,1279.2,7.3637e+05
1.5,6.8701e+06,1296.4,7.2026e+05
1.6,6.7476e+06,1313.3,7.0445e+05
1.7,6.6272e+06,1329.8,6.8894e+05
1.8,6.5089e+06,1346,6.7372e+05
1.9,6.3928e+06,1361.9,6.5878e+05
2,6.2788e+06,1377.5,6.4412e+05
2.1,6.1667e+06,1392.8,6.2973e+05
2.2,6.0567e+06,1407.7,6.156e+05
2.3,5.9487e+06,1422.4,6.0173e+05
2.4,5.8425e+06,1436.8,5.8812e+05
2.5,5.7383e+06,1451,5.7475e+05
2.6,5.6359e+06,1464.8,5.6163e+05
2.7,5.5353e+06,1478.4,5.4874e+05
2.8,5.4366e+06,1491.7,5.3608e+05
2.9,5.3396e+06,1504.7,5.2366e+05
3,5.2443e+06,1517.5,5.1145e+05
3.1,5.1508e+06,1530,4.9946e+05
3.2,5.0589e+06,1542.3,4.8769e+05
3.3,4.9686e+06,1554.3,4.7612e+05
3.4,4.88e+06,1566.1,4.6477e+05
3.5,4.7929e+06,1577.7,4.5361e+05
3.6,4.7074e+06,1589,4.4265e+05
3.7,4.6234e+06,1600.1,4.3188e+05
3.8,4.5409e+06,1611,4.2131e+05
3.9,4.4599e+06,1621.6,4.1092e+05
4,4.3803e+06,1632.1,4.0072e+05
4.1,4.3022e+06,1642.3,3.9069e+05
4.2,4.2254e+06,1652.3,3.8085e+05
4.3,4.15e+06,1662.1,3.7118e+05
4.4,4.076e+06,1671.7,3.6168e+05
4.5,4.0033e+06,1681.1,3.5235e+05
4.6,3.9318e+06,1690.4,3.4319e+05
4.7,3.8617e+06,1699.4,3.3419e+05
4.8,3.7928e+06,1708.2,3.2536e+05
4.9,3.7251e+06,1716.9,3.1669e+05
5,3.6587e+06,1725.4,3.0817e+05
5.1,3.5934e+06,1733.7,2.9981e+05
5.2,3.5293e+06,1741.8,2.9163e+05
5.3,3.4663e+06,1749.8,2.8361e+05
5.4,3.4045e+06,1757.6,2.7573e+05
5.5,3.3437e+06,1765.2,2.68e+05
5.6,3.2841e+06,1772.7,2.6041e+05
5.7,3.2255e+06,1780,2.5296e+05
5.8,3.1679e+06,1787.2,2.4566e+05
5.9,3.1114e+06,1794.2,2.385e+05
6,3.0559e+06,1801,2.3148e+05
6.1,3.0014e+06,1807.7,2.246e+05
6.2,2.9478e+06,1814.3,2.1785e+05
6.3,2.8952e+06,1820.7,2.1125e+05
6.4,2.8436e+06,1827,2.0477e+05
6.5,2.7928e+06,1833.1,1.9844e+05
6.6,2.743e+06,1839.1,1.9223e+05
6.7,2.6941e+06,1845,1.8616e+05
6.8,2.646e+06,1850.7,1.8022e+05
6.9,2.5988e+06,1856.3,1.7441e+05
7,2.5524e+06,1861.8,1.6873e+05
7.1,2.5069e+06,1867.2,1.6318e+05
7.2,2.4622e+06,1872.5,1.5776e+05
7.3,2.4182e+06,1877.6,1.5246e+05
7.4,2.3751e+06,1882.6,1.4729e+05
7.5,2.3327e+06,1887.5,1.4225e+05
7.6,2.2911e+06,1892.3,1.3732e+05
7.7,2.2502e+06,1896.9,1.3253e+05
7.8,2.2101e+06,1901.5,1.2785e+05
7.9,2.1706e+06,1906,1.2329e+05
8,2.1319e+06,1910.3,1.1885e+05
8.1,2.0939e+06,1914.6,1.1454e+05
8.2,2.0565e+06,1918.7,1.1034e+05
8.3,2.0198e+06,1922.8,1.0625e+05
8.4,1.9838e+06,1926.7,1.0228e+05
8.5,1.9484e+06,1930.6,98420
8.6,1.9136e+06,1934.4,94672
8.7,1.8795e+06,1938,91032
8.8,1.846e+06,1941.6,87500
8.9,1.813e+06,1945.1,84075
9,1.7807e+06,1948.5,80754
9.1,1.7489e+06,1951.9,77537
9.2,1.7177e+06,1955.1,74421
9.3,1.6871e+06,1958.2,71405
9.4,1.657e+06,1961.3,68486
9.5,1.6274e+06,1964.3,65665
9.6,1.5984e+06,1967.2,62937
9.7,1.5698e+06,1970.1,60302
9.8,1.5418e+06,1972.8,57758
9.9,1.5143e+06,1975.5,55302
10,1.4873e+06,1978.1,52934
10.1,1.4608e+06,1980.7,50650
10.2,1.4347e+06,1983.2,48449
10.3,1.4091e+06,1985.6,46329
10.4,1.384e+06,1987.9,44288
10.5,1.3593e+06,1990.2,42323
10.6,1.335e+06,1992.4,40434
10.7,1.3112e+06,1994.6,38618
10.8,1.2878e+06,1996.6,36872
10.9,1.2648e+06,1998.7,35195
11,1.2423e+06,2000.6,33585
11.1,1.2201e+06,2002.5,32040
11.2,1.1983e+06,2004.4,30557
11.3,1.177e+06,2006.1,29135
11.4,1.156e+06,2007.9,27772
11.5,1.1353e+06,2009.6,26466
11.6,1.1151e+06,2011.2,25215
11.7,1.0952e+06,2012.7,24018
11.8,1.0756e+06,2014.3,22872
11.9,1.0565e+06,2015.7,21775
12,1.0376e+06,2017.1,20726
12.1,1.0191e+06,2018.5,19724
12.2,1.0009e+06,2019.8,18766
12.3,9.8305e+05,2021.1,17851
12.4,9.6551e+05,2022.3,16976
12.5,9.4828e+05,2023.5,16142
12.6,9.3137e+05,2024.6,15346
12.7,9.1475e+05,2025.7,14586
12.8,8.9843e+05,2026.7,13861
12.9,8.824e+05,2027.7,13170
13,8.6666e+05,2028.7,12511
13.1,8.5119e+05,2029.6,11883
13.2,8.3601e+05,2030.5,11285
13.3,8.2109e+05,2031.3,10716
13.4,8.0644e+05,2032.1,10173
13.5,7.9205e+05,2032.9,9656.9
13.6,7.7792e+05,2033.6,9165.5
13.7,7.6404e+05,2034.3,8697.9
13.8,7.5041e+05,2034.9,8253.1
13.9,7.3702e+05,2035.5,7830
14,7.2387e+05,2036.1,7427.8
14.1,7.1096e+05,2036.6,7045.4
14.2,6.9827e+05,2037.1,6681.9
14.3,6.8582e+05,2037.6,6336.4
14.4,6.7358e+05,2038.1,6008.2
14.5,6.6156e+05,2038.5,5696.5
14.6,6.4976e+05,2038.9,5400.4
14.7,6.3817e+05,2039.2,5119.2
14.8,6.2678e+05,2039.5,4852.2
14.9,6.156e+05,2039.8,4598.8
15,6.0461e+05,2040.1,4358.2
15.1,5.9383e+05,2040.3,4129.9
15.2,5.8323e+05,2040.5,3913.3
15.3,5.7283e+05,2040.7,3707.7
15.4,5.6261e+05,2040.8,3512.8
15.5,5.5257e+05,2041,3327.8
15.6,5.4271e+05,2041.1,3152.5
15.7,5.3303e+05,2041.1,2986.1
15.8,5.2352e+05,2041.2,2828.4
15.9,5.1418e+05,2041.2,2678.9
16,5.05e+05,2041.2,2537.2
16.1,4.9599e+05,2041.2,2402.9
16.2,4.8714e+05,2041.1,2275.5
16.3,4.7845e+05,2041.1,2154.9
16.4,4.6992e+05,2041,2040.5
16.5,4.6153e+05,2040.8,1932.2
16.6,4.533e+05,2040.7,1829.5
16.7,4.4521e+05,2040.6,1732.3
16.8,4.3727e+05,2040.4,1640.1
16.9,4.2947e+05,2040.2,1552.9
17,4.218e+05,2040,1470.2
17.1,4.1428e+05,2039.7,1391.9
17.2,4.0689e+05,2039.5,1317.8
17.3,3.9963e+05,2039.2,1247.5
17.4,3.925e+05,2038.9,1181.1
17.5,3.8549e+05,2038.6,1118.1
17.6,3.7862e+05,2038.2,1058.5
17.7,3.7186e+05,2037.9,1002
17.8,3.6523e+05,2037.5,948.57
17.9,3.5871e+05,2037.1,897.97
18,3.5231e+05,2036.7,850.06
18.1,3.4602e+05,2036.3,804.71
18.2,3.3985e+05,2035.9,761.78
18.3,3.3379e+05,2035.5,721.14
18.4,3.2783e+05,2035,682.67
18.5,3.2198e+05,2034.5,646.25
18.6,3.1624e+05,2034,611.79
18.7,3.106e+05,2033.5,579.16
18.8,3.0505e+05,2033,548.28
18.9,2.9961e+05,2032.5,519.05
19,2.9427e+05,2031.9,491.39
19.1,2.8902e+05,2031.3,465.21
19.2,2.8386e+05,2030.8,440.43
19.3,2.788e+05,2030.2,416.97
19.4,2.7382e+05,2029.6,394.78
19.5,2.6894e+05,2029,373.77
19.6,2.6414e+05,2028.3,353.89
19.7,2.5943e+05,2027.7,335.07
19.8,2.548e+05,2027.1,317.26
19.9,2.5025e+05,2026.4,300.41
20,2.4579e+05,2025.7,284.45
20.1,2.414e+05,2025,269.36
20.2,2.3709e+05,2024.4,255.07
20.3,2.3286e+05,2023.6,241.55
20.4,2.2871e+05,2022.9,228.75
20.5,2.2463e+05,2022.2,216.64
20.6,2.2062e+05,2021.5,205.17
20.7,2.1668e+05,2020.7,194.32
20.8,2.1282e+05,2020,184.05
20.9,2.0902e+05,2019.2,174.33
21,2.0529e+05,2018.4,165.13
21.1,2.0163e+05,2017.7,156.42
21.2,1.9803e+05,2016.9,148.18
21.3,1.945e+05,2016.1,140.38
21.4,1.9103e+05,2015.3,132.99
21.5,1.8762e+05,2014.4,126
21.6,1.8427e+05,2013.6,119.38
21.7,1.8099e+05,2012.8,113.12
21.8,1.7776e+05,2011.9,107.19
21.9,1.7458e+05,2011.1,101.58
22,1.7147e+05,2010.2,96.26
22.1,1.6841e+05,2009.4,91.228
22.2,1.6541e+05,2008.5,86.464
22.3,1.6245e+05,2007.6,81.954
22.4,1.5956e+05,2006.7,77.683
22.5,1.5671e+05,2005.8,73.64
22.6,1.5391e+05,2004.9,69.811
22.7,1.5117e+05,2004,66.185
22.8,1.4847e+05,2003.1,62.752
22.9,1.4582e+05,2002.2,59.501
23,1.4322e+05,2001.3,56.422
23.1,1.4066e+05,2000.3,53.506
23.2,1.3816e+05,1999.4,50.744
23.3,1.3569e+05,1998.5,48.128
23.4,1.3327e+05,1997.5,45.65
23.5,1.3089e+05,1996.6,43.304
23.6,1.2856e+05,1995.6,41.081
23.7,1.2626e+05,1994.6,38.975
23.8,1.2401e+05,1993.7,36.98
23.9,1.218e+05,1992.7,35.09
24,1.1962e+05,1991.7,33.299
24.1,1.1749e+05,1990.7,31.602
24.2,1.1539e+05,1989.7,29.994
24.3,1.1334e+05,1988.7,28.471
24.4,1.1131e+05,1987.7,27.027
24.5,1.0933e+05,1986.7,25.659
24.6,1.0738e+05,1985.7,24.363
24.7,1.0546e+05,1984.7,23.134
24.8,1.0358e+05,1983.7,21.969
24.9,1.0173e+05,1982.7,20.865
25,99916,1981.6,19.818
25.1,98133,1980.6,18.826
25.2,96383,1979.6,17.885
25.3,94663,1978.5,16.993
25.4,92974,1977.5,16.147
25.5,91315,1976.5,15.345
25.6,89686,1975.4,14.585
25.7,88086,1974.4,13.863
25.8,86514,1973.3,13.179
25.9,84971,1972.2,12.53
26,83455,1971.2,11.915
26.1,81966,1970.1,11.331
26.2,80503,1969,10.777
26.3,79067,1968,10.251
26.4,77656,1966.9,9.7523
26.5,76271,1965.8,9.279
26.6,74910,1964.7,8.8299
26.7,73574,1963.7,8.4036
26.8,72261,1962.6,7.999
26.9,70972,1961.5,7.6149
27,69705,1960.4,7.2503
27.1,68462,1959.3,6.9041
27.2,67240,1958.2,6.5754
27.3,66041,1957.1,6.2633
27.4,64862,1956,5.9669
27.5,63705,1954.9,5.6854
27.6,62569,1953.8,5.418
27.7,61452,1952.7,5.164
27.8,60356,1951.6,4.9227
27.9,59279,1950.5,4.6935
28,58221,1949.4,4.4757
28.1,57183,1948.2,4.2687
28.2,56162,1947.1,4.072
28.3,55160,1946,3.885
28.4,54176,1944.9,3.7073
28.5,53210,1943.8,3.5384
28.6,52260,1942.6,3.3777
28.7,51328,1941.5,3.225
28.8,50412,1940.4,3.0798
28.9,49513,1939.2,2.9416
29,48629,1938.1,2.8102
29.1,47762,1937,2.6853
29.2,46910,1935.8,2.5664
29.3,46073,1934.7,2.4533
29.4,45251,1933.6,2.3456
29.5,44443,1932.4,2.2432
29.6,43650,1931.3,2.1457
29.7,42872,1930.1,2.0529
29.8,42107,1929,1.9645
29.9,41355,1927.9,1.8804
30,40618,1926.7,1.8003
30.1,39893,1925.6,1.724
30.2,39181,1924.4,1.6513
30.3,38482,1923.3,1.5821
30.4,37795,1922.1,1.5162
30.5,37121,1921,1.4533
30.6,36459,1919.8,1.3935
30.7,35808,1918.7,1.3364
30.8,35169,1917.5,1.2821
30.9,34542,1916.3,1.2302
31,33926,1915.2,1.1808
31.1,33320,1914,1.1337
31.2,32726,1912.9,1.0887
31.3,32142,1911.7,1.0459
31.4,31569,1910.6,1.005
31.5,31005,1909.4,0.96615
31.6,30452,1908.2,0.9291
31.7,29909,1907.1,0.89373
31.8,29375,1905.9,0.85998
31.9,28851,1904.8,0.82775
32,28336,1903.6,0.79699
32.1,27831,1902.4,0.76761
32.2,27334,1901.3,0.73956
32.3,26847,1900.1,0.71277
32.4,26368,1898.9,0.68718
32.5,25897,1897.8,0.66273
32.6,25435,1896.6,0.63938
32.7,24981,1895.5,0.61707
32.8,24536,1894.3,0.59574
32.9,24098,1893.1,0.57537
33,23668,1892,0.5559
33.1,23246,1890.8,0.53728
33.2,22831,1889.6,0.51949
33.3,22424,1888.4,0.50248
33.4,22024,1887.3,0.48623
33.5,21631,1886.1,0.47068
33.6,21245,1884.9,0.45582
33.7,20866,1883.8,0.4416
33.8,20493,1882.6,0.42801
33.9,20128,1881.4,0.41502
34,19769,1880.3,0.40259
34.1,19416,1879.1,0.3907
34.2,19070,1877.9,0.37934
34.3,18729,1876.8,0.36847
34.4,18395,1875.6,0.35807
34.5,18067,1874.4,0.34814
34.6,17745,1873.2,0.33863
34.7,17428,1872.1,0.32955
34.8,17117,1870.9,0.32086
34.9,16812,1869.7,0.31255
35,16512,1868.6,0.30462
35.1,16217,1867.4,0.29703
35.2,15928,1866.2,0.28979
35.3,15644,1865.1,0.28287
35.4,15364,1863.9,0.27626
35.5,15090,1862.7,0.26994
35.6,14821,1861.5,0.26392
35.7,14557,1860.4,0.25818
35.8,14297,1859.2,0.2527
35.9,14042,1858,0.24748
36,13791,1856.9,0.2425
36.1,13545,1855.7,0.23777
36.2,13304,1854.5,0.23327
36.3,13066,1853.3,0.22898
36.4,12833,1852.2,0.22492
36.5,12604,1851,0.22106
36.6,12379,1849.8,0.21741
36.7,12158,1848.7,0.21395
36.8,11942,1847.5,0.21069
36.9,11728,1846.3,0.20761
37,11519,1845.2,0.20471
37.1,11314,1844,0.20199
37.2,11112,1842.8,0.19943
37.3,10914,1841.7,0.19705
37.4,10719,1840.5,0.19483
37.5,10528,1839.3,0.19278
37.6,10340,1838.2,0.19088
37.7,10155,1837,0.18913
37.8,9974.2,1835.8,0.18755
37.9,9796.2,1834.7,0.18611
38,9621.4,1833.5,0.18483
38.1,9449.8,1832.3,0.18369
38.2,9281.2,1831.2,0.1827
38.3,9115.6,1830,0.18186
38.4,8952.9,1828.8,0.18117
38.5,8793.2,1827.7,0.18063
38.6,8636.3,1826.5,0.18024
38.7,8482.2,1825.3,0.17999
38.8,8330.9,1824.2,0.1799
38.9,8182.3,1823,0.17996
39,8036.3,1821.8,0.18017
39.1,7892.9,1820.7,0.18054
39.2,7752.1,1819.5,0.18107
39.3,7613.8,1818.4,0.18176
39.4,7477.9,1817.2,0.18262
39.5,7344.5,1816,0.18365
39.6,7213.5,1814.9,0.18486
39.7,7084.8,1813.7,0.18624
39.8,6958.4,1812.6,0.18782
39.9,6834.2,1811.4,0.18958
40,6712.3,1810.2,0.19155
40.1,6592.5,1809.1,0.19373
40.2,6474.9,1807.9,0.19613
40.3,6359.4,1806.8,0.19875
40.4,6245.9,1805.6,0.20162
40.5,6134.5,1804.4,0.20473
40.6,6025,1803.3,0.2081
40.7,5917.5,1802.1,0.21175
40.8,5812,1801,0.2157
40.9,5708.3,1799.8,0.21994
41,5606.4,1798.7,0.22452
41.1,5506.4,1797.5,0.22944
41.2,5408.2,1796.4,0.23472
41.3,5311.7,1795.2,0.24039
41.4,5216.9,1794.1,0.24647
41.5,5123.8,1792.9,0.253
41.6,5032.4,1791.8,0.25999
41.7,4942.6,1790.6,0.26749
41.8,4854.4,1789.5,0.27552
41.9,4767.8,1788.3,0.28413
42,4682.8,1787.2,0.29336
42.1,4599.2,1786,0.30325
42.2,4517.2,1784.9,0.31385
42.3,4436.6,1783.7,0.32523
42.4,4357.4,1782.6,0.33743
42.5,4279.7,1781.4,0.35052
42.6,4203.3,1780.3,0.36459
42.7,4128.3,1779.1,0.3797
42.8,4054.7,1778,0.39594
42.9,3982.3,1776.8,0.41341
43,3911.3,1775.7,0.43222
43.1,3841.5,1774.6,0.45247
43.2,3772.9,1773.4,0.47431
43.3,3705.6,1772.3,0.49787
43.4,3639.5,1771.1,0.5233
43.5,3574.6,1770,0.55079
43.6,3510.8,1768.9,0.58052
43.7,3448.2,1767.7,0.6127
43.8,3386.6,1766.6,0.64758
43.9,3326.2,1765.4,0.68541
44,3266.9,1764.3,0.72648
44.1,3208.6,1763.2,0.77112
44.2,3151.3,1762,0.8197
44.3,3095.1,1760.9,0.87262
44.4,3039.9,1759.8,0.93033
44.5,2985.7,1758.6,0.99333
44.6,2932.4,1757.5,1.0614
44.7,2880.1,1756.4,1.1357
44.8,2828.7,1755.2,1.2169
44.9,2778.2,1754.1,1.3059
45,2728.7,1753,1.4035
45.1,2680,1751.8,1.5106
45.2,2632.2,1750.7,1.6283
45.3,2585.2,1749.6,1.7579
45.4,2539.1,1748.4,1.9007
45.5,2493.8,1747.3,2.0582
45.6,2449.3,1746.2,2.2321
45.7,2405.6,1745.1,2.4245
45.8,2362.7,1743.9,2.6377
45.9,2320.5,1742.8,2.874
46,2279.1,1741.7,3.1364
46.1,2238.4,1740.5,3.4282
46.2,2198.5,1739.4,3.7531
46.3,2159.3,1738.3,4.1153
46.4,2120.8,1737.2,4.5198
46.5,2082.9,1736.1,4.972
46.6,2045.8,1734.9,5.4784
46.7,2009.3,1733.8,6.0462
46.8,1973.4,1732.7,6.6838
46.9,1938.2,1731.6,7.4009
47,1903.6,1730.4,8.2086
47.1,1869.7,1729.3,9.1197
47.2,1836.3,1728.2,10.149
47.3,1803.5,1727.1,11.314
47.4,1771.4,1726,12.634
47.5,1739.8,1724.9,14.133
47.6,1708.7,1723.7,15.837
47.7,1678.2,1722.6,17.778
47.8,1648.3,1721.5,19.993
47.9,1618.9,1720.4,22.524
48,1590,1719.3,25.423
48.1,1561.6,1718.2,28.75
48.2,1533.8,1717.1,32.573
48.3,1506.4,1716,36.978
48.4,1479.5,1714.8,42.063
48.5,1453.1,1713.7,47.945
48.6,1427.2,1712.6,54.768
48.7,1401.7,1711.5,62.699
48.8,1376.7,1710.4,71.943
48.9,1352.2,1709.3,82.749
49,1328,1708.2,95.42
49.1,1304.3,1707.1,110.33
49.2,1281.1,1706,127.93
49.3,1258.2,1704.9,148.8
49.4,1235.8,1703.8,173.66
49.5,1213.7,1702.7,203.42
49.6,1192.1,1701.6,239.24
49.7,1170.8,1700.5,282.64
49.8,1149.9,1699.4,335.65
49.9,1129.4,1698.3,400.97
50,1109.2,1697.2,482.24
50.1,1089.5,1696.1,584.69
50.2,1070,1695,715.68
50.3,1050.9,1693.9,886.34
50.4,1032.2,1692.8,1113.5
50.5,1013.8,1691.8,1423.9
50.6,995.67,1690.7,1861.8
50.7,977.91,1689.6,2500.1
50.8,960.46,1688.6,3429.2
50.9,943.33,1687.5,4727.7
51,926.5,1686.5,6523.6
51.1,909.97,1685.4,9004.1
51.2,893.73,1684.3,12429
51.3,877.79,1683.3,17156
51.4,862.13,1682.2,23681
51.5,846.74,1681.2,32686
51.6,831.64,1680.1,45113
51.7,816.8,1679.1,62259
51.8,802.23,1678,85909
51.9,787.91,1677,1.1852e+05
52,773.86,1675.9,1.6347e+05
52.1,760.05,1674.9,2.254e+05
52.2,746.49,1673.8,3.1063e+05
52.3,733.17,1672.8,4.2781e+05
52.4,720.09,1671.8,5.8867e+05
52.5,707.24,1670.7,8.0903e+05
52.6,694.62,1669.7,1.11e+06
52.7,682.23,1668.6,1.5197e+06
52.8,670.06,1667.6,2.0743e+06
52.9,658.11,1666.5,2.8202e+06
53,646.36,1665.5,3.8149e+06
53.1,634.83,1664.5,5.1268e+06
53.2,623.51,1663.4,6.8342e+06
53.3,612.38,1662.4,9.0206e+06
53.4,601.46,1661.3,1.1769e+07
53.5,590.73,1660.3,1.5154e+07
53.6,580.19,1659.3,1.9233e+07
53.7,569.83,1658.2,2.404e+07
53.8,559.67,1657.2,2.9586e+07
53.9,549.68,1656.2,3.5856e+07
54,539.88,1655.1,4.2816e+07
54.1,530.24,1654.1,5.0419e+07
54.2,520.78,1653.1,5.8609e+07
54.3,511.49,1652,6.7328e+07
54.4,502.37,1651,7.6517e+07
54.5,493.4,1650,8.612e+07
54.6,484.6,1648.9,9.6087e+07
54.7,475.96,1647.9,1.0637e+08
54.8,467.46,1646.9,1.1693e+08
54.9,459.12,1645.8,1.2772e+08
55,450.93,1644.8,1.3872e+08
55.1,442.89,1643.8,1.4989e+08
55.2,434.99,1642.8,1.612e+08
55.3,427.22,1641.7,1.7265e+08
55.4,419.6,1640.7,1.842e+08
55.5,412.12,1639.7,1.9583e+08
55.6,404.76,1638.6,2.0754e+08
55.7,397.54,1637.6,2.1931e+08
55.8,390.45,1636.6,2.3112e+08
55.9,383.48,1635.6,2.4297e+08
56,376.64,1634.6,2.5484e+08
56.1,369.92,1633.5,2.6673e+08
56.2,363.32,1632.5,2.7863e+08
56.3,356.84,1631.5,2.9053e+08
56.4,350.47,1630.5,3.0243e+08
56.5,344.22,1629.5,3.1431e+08
56.6,338.08,1628.4,3.2618e+08
56.7,332.05,1627.4,3.3803e+08
56.8,326.12,1626.4,3.4986e+08
56.9,320.31,1625.4,3.6165e+08
57,314.59,1624.4,3.7342e+08
57.1,308.98,1623.4,3.8516e+08
57.2,303.47,1622.3,3.9685e+08
57.3,298.05,1621.3,4.0851e+08
57.4,292.73,1620.3,4.2013e+08
57.5,287.51,1619.3,4.317e+08
57.6,282.38,1618.3,4.4322e+08
57.7,277.34,1617.3,4.547e+08
57.8,272.4,1616.3,4.6613e+08
57.9,267.54,1615.3,4.7751e+08
58,262.76,1614.3,4.8884e+08
58.1,258.08,1613.2,5.0012e+08
58.2,253.47,1612.2,5.1134e+08
58.3,248.95,1611.2,5.2251e+08
58.4,244.51,1610.2,5.3362e+08
58.5,240.15,1609.2,5.4468e+08
58.6,235.86,1608.2,5.5568e+08
58.7,231.65,1607.2,5.6662e+08
58.8,227.52,1606.2,5.775e+08
58.9,223.46,1605.2,5.8833e+08
59,219.47,1604.2,5.9909e+08
59.1,215.56,1603.2,6.098e+08
59.2,211.71,1602.2,6.2044e+08
59.3,207.94,1601.2,6.3103e+08
59.4,204.23,1600.2,6.4155e+08
59.5,200.58,1599.2,6.5202e+08
59.6,197,1598.2,6.6242e+08
59.7,193.49,1597.2,6.7277e+08
59.8,190.04,1596.2,6.8305e+08
59.9,186.65,1595.2,6.9327e+08
60,183.32,1594.2,7.0343e+08
60.1,180.05,1593.2,7.1353e+08
60.2,176.83,1592.2,7.2357e+08
60.3,173.68,1591.2,7.3354e+08
60.4,170.58,1590.2,7.4346e+08
60.5,167.54,1589.2,7.5331e+08
60.6,164.55,1588.2,7.631e+08
60.7,161.61,1587.2,7.7284e+08
60.8,158.73,1586.3,7.8251e+08
60.9,155.9,1585.3,7.9212e+08
61,153.12,1584.3,8.0167e+08
61.1,150.38,1583.3,8.1115e+08
61.2,147.7,1582.3,8.2058e+08
61.3,145.07,1581.3,8.2995e+08
61.4,142.48,1580.3,8.3926e+08
61.5,139.94,1579.3,8.4851e+08
61.6,137.44,1578.3,8.5769e+08
61.7,134.99,1577.4,8.6682e+08
61.8,132.58,1576.4,8.7589e+08
61.9,130.21,1575.4,8.849e+08
62,127.89,1574.4,8.9385e+08
62.1,125.61,1573.4,9.0275e+08
62.2,123.37,1572.4,9.1158e+08
62.3,121.17,1571.5,9.2036e+08
62.4,119.01,1570.5,9.2907e+08
62.5,116.88,1569.5,9.3774e+08
62.6,114.8,1568.5,9.4634e+08
62.7,112.75,1567.5,9.5488e+08
62.8,110.74,1566.6,9.6337e+08
62.9,108.76,1565.6,9.7181e+08
63,106.82,1564.6,9.8018e+08
63.1,104.92,1563.6,9.885e+08
63.2,103.05,1562.7,9.9677e+08
63.3,101.21,1561.7,1.005e+09
63.4,99.402,1560.7,1.0131e+09
63.5,97.628,1559.7,1.0212e+09
63.6,95.887,1558.8,1.0293e+09
63.7,94.176,1557.8,1.0373e+09
63.8,92.496,1556.8,1.0452e+09
63.9,90.846,1555.8,1.0531e+09
64,89.225,1554.9,1.0609e+09
64.1,87.633,1553.9,1.0687e+09
64.2,86.07,1552.9,1.0764e+09
64.3,84.534,1552,1.0841e+09
64.4,83.026,1551,1.0917e+09
64.5,81.545,1550,1.0992e+09
64.6,80.091,1549.1,1.1068e+09
64.7,78.662,1548.1,1.1142e+09
64.8,77.258,1547.1,1.1216e+09
64.9,75.88,1546.2,1.129e+09
65,74.527,1545.2,1.1363e+09
65.1,73.197,1544.2,1.1435e+09
65.2,71.891,1543.3,1.1508e+09
65.3,70.609,1542.3,1.1579e+09
65.4,69.349,1541.3,1.165e+09
65.5,68.112,1540.4,1.1721e+09
65.6,66.897,1539.4,1.1791e+09
65.7,65.704,1538.5,1.1861e+09
65.8,64.531,1537.5,1.193e+09
65.9,63.38,1536.5,1.1998e+09
66,62.25,1535.6,1.2066e+09
66.1,61.139,1534.6,1.2134e+09
66.2,60.048,1533.7,1.2201e+09
66.3,58.977,1532.7,1.2268e+09
66.4,57.925,1531.8,1.2334e+09
66.5,56.892,1530.8,1.24e+09
66.6,55.877,1529.8,1.2466e+09
66.7,54.88,1528.9,1.2531e+09
66.8,53.901,1527.9,1.2595e+09
66.9,52.94,1527,1.2659e+09
67,51.995,1526,1.2723e+09
67.1,51.068,1525.1,1.2786e+09
67.2,50.157,1524.1,1.2848e+09
67.3,49.262,1523.2,1.2911e+09
67.4,48.383,1522.2,1.2972e+09
67.5,47.52,1521.3,1.3034e+09
67.6,46.673,1520.3,1.3095e+09
67.7,45.84,1519.4,1.3155e+09
67.8,45.022,1518.4,1.3215e+09
67.9,44.219,1517.5,1.3275e+09
68,43.43,1516.5,1.3334e+09
68.1,42.656,1515.6,1.3393e+09
68.2,41.895,1514.6,1.3451e+09
68.3,41.147,1513.7,1.3509e+09
68.4,40.413,1512.8,1.3567e+09
68.5,39.693,1511.8,1.3624e+09
68.6,38.985,1510.9,1.3681e+09
68.7,38.289,1509.9,1.3737e+09
68.8,37.606,1509,1.3793e+09
68.9,36.935,1508,1.3849e+09
69,36.277,1507.1,1.3904e+09
69.1,35.629,1506.2,1.3959e+09
69.2,34.994,1505.2,1.4013e+09
69.3,34.37,1504.3,1.4067e+09
69.4,33.757,1503.4,1.4121e+09
69.5,33.155,1502.4,1.4174e+09
69.6,32.563,1501.5,1.4227e+09
69.7,31.982,1500.5,1.428e+09
69.8,31.412,1499.6,1.4332e+09
69.9,30.852,1498.7,1.4384e+09
70,30.301,1497.7,1.4435e+09
70.1,29.761,1496.8,1.4486e+09
70.2,29.23,1495.9,1.4537e+09
70.3,28.709,1494.9,1.4587e+09
70.4,28.197,1494,1.4637e+09
70.5,27.694,1493.1,1.4686e+09
70.6,27.2,1492.2,1.4736e+09
70.7,26.715,1491.2,1.4785e+09
70.8,26.238,1490.3,1.4833e+09
70.9,25.77,1489.4,1.4881e+09
71,25.31,1488.4,1.4929e+09
71.1,24.859,1487.5,1.4977e+09
71.2,24.416,1486.6,1.5024e+09
71.3,23.98,1485.7,1.5071e+09
71.4,23.553,1484.7,1.5117e+09
71.5,23.132,1483.8,1.5163e+09
71.6,22.72,1482.9,1.5209e+09
71.7,22.315,1482,1.5255e+09
71.8,21.917,1481,1.53e+09
71.9,21.526,1480.1,1.5345e+09
72,21.142,1479.2,1.5389e+09
72.1,20.765,1478.3,1.5434e+09
72.2,20.395,1477.3,1.5478e+09
72.3,20.031,1476.4,1.5521e+09
72.4,19.674,1475.5,1.5564e+09
72.5,19.323,1474.6,1.5607e+09
72.6,18.978,1473.7,1.565e+09
72.7,18.64,1472.8,1.5692e+09
72.8,18.307,1471.8,1.5734e+09
72.9,17.981,1470.9,1.5776e+09
73,17.66,1470,1.5818e+09
73.1,17.345,1469.1,1.5859e+09
73.2,17.036,1468.2,1.59e+09
73.3,16.732,1467.3,1.594e+09
73.4,16.434,1466.3,1.5981e+09
73.5,16.141,1465.4,1.6021e+09
73.6,15.853,1464.5,1.606e+09
73.7,15.57,1463.6,1.61e+09
73.8,15.292,1462.7,1.6139e+09
73.9,15.02,1461.8,1.6178e+09
74,14.752,1460.9,1.6216e+09
74.1,14.489,1460,1.6255e+09
74.2,14.23,1459.1,1.6293e+09
74.3,13.977,1458.1,1.633e+09
74.4,13.728,1457.2,1.6368e+09
74.5,13.483,1456.3,1.6405e+09
74.6,13.242,1455.4,1.6442e+09
74.7,13.006,1454.5,1.6479e+09
74.8,12.774,1453.6,1.6515e+09
74.9,12.547,1452.7,1.6551e+09
75,12.323,1451.8,1.6587e+09
75.1,12.103,1450.9,1.6623e+09
75.2,11.887,1450,1.6658e+09
75.3,11.675,1449.1,1.6693e+09
75.4,11.467,1448.2,1.6728e+09
75.5,11.263,1447.3,1.6763e+09
75.6,11.062,1446.4,1.6797e+09
75.7,10.865,1445.5,1.6831e+09
75.8,10.671,1444.6,1.6865e+09
75.9,10.481,1443.7,1.6899e+09
76,10.294,1442.8,1.6932e+09
76.1,10.11,1441.9,1.6965e+09
76.2,9.9302,1441,1.6998e+09
76.3,9.7532,1440.1,1.7031e+09
76.4,9.5793,1439.2,1.7063e+09
76.5,9.4085,1438.3,1.7096e+09
76.6,9.2408,1437.4,1.7128e+09
76.7,9.0761,1436.5,1.7159e+09
76.8,8.9143,1435.6,1.7191e+09
76.9,8.7554,1434.7,1.7222e+09
77,8.5993,1433.8,1.7253e+09
77.1,8.446,1432.9,1.7284e+09
77.2,8.2955,1432.1,1.7315e+09
77.3,8.1476,1431.2,1.7345e+09
77.4,8.0024,1430.3,1.7375e+09
77.5,7.8598,1429.4,1.7405e+09
77.6,7.7197,1428.5,1.7435e+09
77.7,7.5821,1427.6,1.7465e+09
77.8,7.447,1426.7,1.7494e+09
77.9,7.3142,1425.8,1.7523e+09
78,7.1839,1424.9,1.7552e+09
78.1,7.0559,1424.1,1.7581e+09
78.2,6.9301,1423.2,1.7609e+09
78.3,6.8066,1422.3,1.7637e+09
78.4,6.6853,1421.4,1.7665e+09
78.5,6.5662,1420.5,1.7693e+09
78.6,6.4492,1419.6,1.7721e+09
78.7,6.3342,1418.8,1.7748e+09
78.8,6.2214,1417.9,1.7776e+09
78.9,6.1105,1417,1.7803e+09
79,6.0016,1416.1,1.783e+09
79.1,5.8947,1415.2,1.7856e+09
79.2,5.7897,1414.4,1.7883e+09
79.3,5.6865,1413.5,1.7909e+09
79.4,5.5852,1412.6,1.7935e+09
79.5,5.4857,1411.7,1.7961e+09
79.6,5.3879,1410.8,1.7987e+09
79.7,5.292,1410,1.8012e+09
79.8,5.1977,1409.1,1.8038e+09
79.9,5.1051,1408.2,1.8063e+09
80,5.0141,1407.3,1.8088e+09
80.1,4.9248,1406.5,1.8113e+09
80.2,4.8371,1405.6,1.8137e+09
80.3,4.7509,1404.7,1.8162e+09
80.4,4.6663,1403.8,1.8186e+09
80.5,4.5832,1403,1.821e+09
80.6,4.5016,1402.1,1.8234e+09
80.7,4.4214,1401.2,1.8258e+09
80.8,4.3426,1400.4,1.8281e+09
80.9,4.2653,1399.5,1.8305e+09
81,4.1893,1398.6,1.8328e+09
81.1,4.1147,1397.7,1.8351e+09
81.2,4.0415,1396.9,1.8374e+09
81.3,3.9695,1396,1.8397e+09
81.4,3.8988,1395.1,1.8419e+09
81.5,3.8294,1394.3,1.8442e+09
81.6,3.7612,1393.4,1.8464e+09
81.7,3.6942,1392.5,1.8486e+09
81.8,3.6285,1391.7,1.8508e+09
81.9,3.5639,1390.8,1.853e+09
82,3.5004,1389.9,1.8551e+09
82.1,3.4381,1389.1,1.8573e+09
82.2,3.3769,1388.2,1.8594e+09
82.3,3.3168,1387.4,1.8615e+09
82.4,3.2577,1386.5,1.8636e+09
82.5,3.1998,1385.6,1.8657e+09
82.6,3.1428,1384.8,1.8678e+09
82.7,3.0869,1383.9,1.8698e+09
82.8,3.0319,1383.1,1.8719e+09
82.9,2.978,1382.2,1.8739e+09
83,2.925,1381.3,1.8759e+09
83.1,2.8729,1380.5,1.8779e+09
83.2,2.8218,1379.6,1.8799e+09
83.3,2.7716,1378.8,1.8819e+09
83.4,2.7223,1377.9,1.8838e+09
83.5,2.6739,1377.1,1.8857e+09
83.6,2.6263,1376.2,1.8877e+09
83.7,2.5796,1375.3,1.8896e+09
83.8,2.5337,1374.5,1.8915e+09
83.9,2.4886,1373.6,1.8934e+09
84,2.4443,1372.8,1.8952e+09
84.1,2.4009,1371.9,1.8971e+09
84.2,2.3582,1371.1,1.8989e+09
84.3,2.3162,1370.2,1.9007e+09
84.4,2.275,1369.4,1.9026e+09
84.5,2.2346,1368.5,1.9044e+09
84.6,2.1949,1367.7,1.9062e+09
84.7,2.1558,1366.8,1.9079e+09
84.8,2.1175,1366,1.9097e+09
84.9,2.0799,1365.1,1.9114e+09
85,2.0429,1364.3,1.9132e+09
85.1,2.0066,1363.4,1.9149e+09
85.2,1.9709,1362.6,1.9166e+09
85.3,1.9359,1361.7,1.9183e+09
85.4,1.9015,1360.9,1.92e+09
85.5,1.8677,1360.1,1.9217e+09
85.6,1.8345,1359.2,1.9233e+09
85.7,1.8019,1358.4,1.925e+09
85.8,1.7699,1357.5,1.9266e+09
85.9,1.7384,1356.7,1.9283e+09
86,1.7076,1355.8,1.9299e+09
86.1,1.6772,1355,1.9315e+09
86.2,1.6474,1354.2,1.9331e+09
86.3,1.6182,1353.3,1.9346e+09
86.4,1.5894,1352.5,1.9362e+09
86.5,1.5612,1351.6,1.9378e+09
86.6,1.5335,1350.8,1.9393e+09
86.7,1.5063,1350,1.9409e+09
86.8,1.4795,1349.1,1.9424e+09
86.9,1.4533,1348.3,1.9439e+09
87,1.4275,1347.4,1.9454e+09
87.1,1.4021,1346.6,1.9469e+09
87.2,1.3773,1345.8,1.9484e+09
87.3,1.3528,1344.9,1.9498e+09
87.4,1.3288,1344.1,1.9513e+09
87.5,1.3052,1343.3,1.9527e+09
87.6,1.2821,1342.4,1.9542e+09
87.7,1.2593,1341.6,1.9556e+09
87.8,1.237,1340.8,1.957e+09
87.9,1.2151,1339.9,1.9584e+09
88,1.1935,1339.1,1.9598e+09
88.1,1.1724,1338.3,1.9612e+09
88.2,1.1516,1337.5,1.9626e+09
88.3,1.1312,1336.6,1.9639e+09
88.4,1.1111,1335.8,1.9653e+09
88.5,1.0914,1335,1.9667e+09
88.6,1.0721,1334.1,1.968e+09
88.7,1.0531,1333.3,1.9693e+09
88.8,1.0344,1332.5,1.9706e+09
88.9,1.0161,1331.7,1.9719e+09
89,0.99811,1330.8,1.9732e+09
89.1,0.98044,1330,1.9745e+09
89.2,0.96308,1329.2,1.9758e+09
89.3,0.94603,1328.4,1.9771e+09
89.4,0.92928,1327.5,1.9783e+09
89.5,0.91283,1326.7,1.9796e+09
89.6,0.89668,1325.9,1.9808e+09
89.7,0.88081,1325.1,1.9821e+09
89.8,0.86523,1324.2,1.9833e+09
89.9,0.84992,1323.4,1.9845e+09
90,0.83489,1322.6,1.9857e+09
90.1,0.82012,1321.8,1.9869e+09
90.2,0.80562,1321,1.9881e+09
90.3,0.79138,1320.1,1.9893e+09
90.4,0.77739,1319.3,1.9904e+09
90.5,0.76365,1318.5,1.9916e+09
90.6,0.75016,1317.7,1.9928e+09
90.7,0.7369,1316.9,1.9939e+09
90.8,0.72389,1316.1,1.995e+09
90.9,0.7111,1315.2,1.9962e+09
91,0.69855,1314.4,1.9973e+09
91.1,0.68621,1313.6,1.9984e+09
91.2,0.6741,1312.8,1.9995e+09
91.3,0.6622,1312,2.0006e+09
91.4,0.65052,1311.2,2.0017e+09
91.5,0.63904,1310.4,2.0028e+09
91.6,0.62777,1309.6,2.0039e+09
91.7,0.6167,1308.7,2.0049e+09
91.8,0.60583,1307.9,2.006e+09
91.9,0.59515,1307.1,2.007e+09
92,0.58466,1306.3,2.0081e+09
92.1,0.57436,1305.5,2.0091e+09
92.2,0.56424,1304.7,2.0101e+09
92.3,0.5543,1303.9,2.0112e+09
92.4,0.54454,1303.1,2.0122e+09
92.5,0.53495,1302.3,2.0132e+09
92.6,0.52554,1301.5,2.0142e+09
92.7,0.51629,1300.7,2.0152e+09
92.8,0.50721,1299.9,2.0161e+09
92.9,0.49829,1299,2.0171e+09
93,0.48953,1298.2,2.0181e+09
93.1,0.48092,1297.4,2.019e+09
93.2,0.47247,1296.6,2.02e+09
93.3,0.46417,1295.8,2.021e+09
93.4,0.45601,1295,2.0219e+09
93.5,0.44801,1294.2,2.0228e+09
93.6,0.44014,1293.4,2.0238e+09
93.7,0.43242,1292.6,2.0247e+09
93.8,0.42483,1291.8,2.0256e+09
93.9,0.41738,1291,2.0265e+09
94,0.41006,1290.2,2.0274e+09
94.1,0.40287,1289.4,2.0283e+09
94.2,0.39581,1288.6,2.0292e+09
94.3,0.38888,1287.8,2.0301e+09
94.4,0.38207,1287,2.0309e+09
94.5,0.37538,1286.2,2.0318e+09
94.6,0.36881,1285.4,2.0327e+09
94.7,0.36236,1284.6,2.0335e+09
94.8,0.35602,1283.9,2.0344e+09
94.9,0.34979,1283.1,2.0352e+09
95,0.34368,1282.3,2.036e+09
95.1,0.33767,1281.5,2.0369e+09
95.2,0.33178,1280.7,2.0377e+09
95.3,0.32598,1279.9,2.0385e+09
95.4,0.3203,1279.1,2.0393e+09
95.5,0.31471,1278.3,2.0401e+09
95.6,0.30922,1277.5,2.0409e+09
95.7,0.30383,1276.7,2.0417e+09
95.8,0.29853,1275.9,2.0425e+09
95.9,0.29333,1275.1,2.0433e+09
96,0.28823,1274.4,2.0441e+09
96.1,0.28321,1273.6,2.0449e+09
96.2,0.27828,1272.8,2.0456e+09
96.3,0.27345,1272,2.0464e+09
96.4,0.26869,1271.2,2.0471e+09
96.5,0.26402,1270.4,2.0479e+09
96.6,0.25944,1269.6,2.0486e+09
96.7,0.25494,1268.8,2.0494e+09
96.8,0.25051,1268.1,2.0501e+09
96.9,0.24617,1267.3,2.0508e+09
97,0.2419,1266.5,2.0516e+09
97.1,0.23771,1265.7,2.0523e+09
97.2,0.2336,1264.9,2.053e+09
97.3,0.22956,1264.1,2.0537e+09
97.4,0.22558,1263.4,2.0544e+09
97.5,0.22169,1262.6,2.0551e+09
97.6,0.21786,1261.8,2.0558e+09
97.7,0.21409,1261,2.0565e+09
97.8,0.2104,1260.2,2.0572e+09
97.9,0.20677,1259.5,2.0578e+09
98,0.20321,1258.7,2.0585e+09
98.1,0.1997,1257.9,2.0592e+09
98.2,0.19627,1257.1,2.0598e+09
98.3,0.19289,1256.3,2.0605e+09
98.4,0.18957,1255.6,2.0612e+09
98.5,0.18631,1254.8,2.0618e+09
98.6,0.18311,1254,2.0625e+09
98.7,0.17997,1253.2,2.0631e+09
98.8,0.17688,1252.5,2.0637e+09
98.9,0.17385,1251.7,2.0644e+09
99,0.17088,1250.9,2.065e+09
99.1,0.16795,1250.1,2.0656e+09
99.2,0.16508,1249.4,2.0662e+09
99.3,0.16226,1248.6,2.0668e+09
99.4,0.15949,1247.8,2.0674e+09
99.5,0.15676,1247.1,2.068e+09
99.6,0.15409,1246.3,2.0686e+09
99.7,0.15146,1245.5,2.0692e+09
99.8,0.14889,1244.7,2.0698e+09
99.9,0.14635,1244,2.0704e+09
100,0.14386,1243.2,2.071e+09
100.1,0.14142,1242.4,2.0716e+09
100.2,0.13902,1241.7,2.0721e+09
100.3,0.13666,1240.9,2.0727e+09
100.4,0.13435,1240.1,2.0733e+09
100.5,0.13207,1239.4,2.0738e+09
100.6,0.12984,1238.6,2.0744e+09
100.7,0.12765,1237.8,2.0749e+09
100.8,0.12549,1237.1,2.0755e+09
100.9,0.12338,1236.3,2.076e+09
101,0.1213,1235.6,2.0766e+09
101.1,0.11925,1234.8,2.0771e+09
101.2,0.11725,1234,2.0776e+09
101.3,0.11528,1233.3,2.0782e+09
101.4,0.11335,1232.5,2.0787e+09
101.5,0.11145,1231.7,2.0792e+09
101.6,0.10958,1231,2.0797e+09
101.7,0.10775,1230.2,2.0802e+09
101.8,0.10595,1229.5,2.0807e+09
101.9,0.10418,1228.7,2.0812e+09
102,0.10244,1227.9,2.0817e+09
102.1,0.10073,1227.2,2.0822e+09
102.2,0.099058,1226.4,2.0827e+09
102.3,0.097412,1225.7,2.0832e+09
102.4,0.095796,1224.9,2.0837e+09
102.5,0.094208,1224.2,2.0842e+09
102.6,0.092649,1223.4,2.0847e+09
102.7,0.091117,1222.6,2.0852e+09
102.8,0.089612,1221.9,2.0856e+09
102.9,0.088134,1221.1,2.0861e+09
103,0.086683,1220.4,2.0866e+09
103.1,0.085257,1219.6,2.087e+09
103.2,0.083857,1218.9,2.0875e+09
103.3,0.082482,1218.1,2.0879e+09
103.4,0.081131,1217.4,2.0884e+09
103.5,0.079804,1216.6,2.0888e+09
103.6,0.078501,1215.9,2.0893e+09
103.7,0.07722,1215.1,2.0897e+09
103.8,0.075963,1214.4,2.0902e+09
103.9,0.074728,1213.6,2.0906e+09
104,0.073515,1212.9,2.091e+09
104.1,0.072324,1212.1,2.0915e+09
104.2,0.071153,1211.4,2.0919e+09
104.3,0.070004,1210.6,2.0923e+09
104.4,0.068875,1209.9,2.0928e+09
104.5,0.067766,1209.1,2.0932e+09
104.6,0.066677,1208.4,2.0936e+09
104.7,0.065607,1207.6,2.094e+09
104.8,0.064556,1206.9,2.0944e+09
104.9,0.063524,1206.1,2.0948e+09
105,0.06251,1205.4,2.0952e+09
105.1,0.061514,1204.7,2.0956e+09
105.2,0.060536,1203.9,2.096e+09
105.3,0.059575,1203.2,2.0964e+09
105.4,0.058631,1202.4,2.0968e+09
105.5,0.057704,1201.7,2.0972e+09
105.6,0.056794,1201,2.0976e+09
105.7,0.0559,1200.2,2.098e+09
105.8,0.055021,1199.5,2.0983e+09
105.9,0.054158,1198.7,2.0987e+09
106,0.053311,1198,2.0991e+09
106.1,0.052478,1197.3,2.0995e+09
106.2,0.051661,1196.5,2.0998e+09
106.3,0.050858,1195.8,2.1002e+09
106.4,0.050069,1195,2.1006e+09
106.5,0.049294,1194.3,2.1009e+09
106.6,0.048533,1193.6,2.1013e+09
106.7,0.047785,1192.8,2.1016e+09
106.8,0.047051,1192.1,2.102e+09
106.9,0.046329,1191.4,2.1023e+09
107,0.045621,1190.6,2.1027e+09
107.1,0.044925,1189.9,2.103e+09
107.2,0.044241,1189.2,2.1034e+09
107.3,0.04357,1188.4,2.1037e+09
107.4,0.04291,1187.7,2.104e+09
107.5,0.042262,1187,2.1044e+09
107.6,0.041626,1186.2,2.1047e+09
107.7,0.041,1185.5,2.105e+09
107.8,0.040386,1184.8,2.1054e+09
107.9,0.039783,1184,2.1057e+09
108,0.039191,1183.3,2.106e+09
108.1,0.038609,1182.6,2.1063e+09
108.2,0.038037,1181.8,2.1067e+09
108.3,0.037476,1181.1,2.107e+09
108.4,0.036924,1180.4,2.1073e+09
108.5,0.036382,1179.7,2.1076e+09
108.6,0.03585,1178.9,2.1079e+09
108.7,0.035327,1178.2,2.1082e+09
108.8,0.034814,1177.5,2.1085e+09
108.9,0.034309,1176.8,2.1088e+09
109,0.033814,1176,2.1091e+09
109.1,0.033327,1175.3,2.1094e+09
109.2,0.032849,1174.6,2.1097e+09
109.3,0.032379,1173.9,2.11e+09
109.4,0.031917,1173.1,2.1103e+09
109.5,0.031464,1172.4,2.1106e+09
109.6,0.031019,1171.7,2.1109e+09
109.7,0.030582,1171,2.1112e+09
109.8,0.030152,1170.2,2.1115e+09
109.9,0.02973,1169.5,2.1117e+09
110,0.029316,1168.8,2.112e+09
110.1,0.028908,1168.1,2.1123e+09
110.2,0.028508,1167.4,2.1126e+09
110.3,0.028115,1166.6,2.1128e+09
110.4,0.027729,1165.9,2.1131e+09
110.5,0.02735,1165.2,2.1134e+09
110.6,0.026978,1164.5,2.1136e+09
110.7,0.026612,1163.8,2.1139e+09
110.8,0.026252,1163.1,2.1142e+09
110.9,0.025899,1162.3,2.1144e+09
111,0.025552,1161.6,2.1147e+09
111.1,0.025211,1160.9,2.115e+09
111.2,0.024876,1160.2,2.1152e+09
111.3,0.024548,1159.5,2.1155e+09
111.4,0.024224,1158.8,2.1157e+09
111.5,0.023907,1158.1,2.116e+09
111.6,0.023595,1157.3,2.1162e+09
111.7,0.023289,1156.6,2.1165e+09
111.8,0.022988,1155.9,2.1167e+09
111.9,0.022692,1155.2,2.117e+09
112,0.022402,1154.5,2.1172e+09
112.1,0.022117,1153.8,2.1174e+09
112.2,0.021836,1153.1,2.1177e+09
112.3,0.021561,1152.4,2.1179e+09
112.4,0.021291,1151.7,2.1181e+09
112.5,0.021025,1150.9,2.1184e+09
112.6,0.020764,1150.2,2.1186e+09
112.7,0.020507,1149.5,2.1188e+09
112.8,0.020255,1148.8,2.1191e+09
112.9,0.020008,1148.1,2.1193e+09
113,0.019764,1147.4,2.1195e+09
113.1,0.019525,1146.7,2.1197e+09
113.2,0.019291,1146,2.12e+09
113.3,0.01906,1145.3,2.1202e+09
113.4,0.018833,1144.6,2.1204e+09
113.5,0.018611,1143.9,2.1206e+09
113.6,0.018392,1143.2,2.1208e+09
113.7,0.018177,1142.5,2.121e+09
113.8,0.017966,1141.8,2.1212e+09
113.9,0.017759,1141.1,2.1215e+09
114,0.017555,1140.4,2.1217e+09
114.1,0.017355,1139.7,2.1219e+09
114.2,0.017158,1139,2.1221e+09
114.3,0.016965,1138.3,2.1223e+09
114.4,0.016775,1137.6,2.1225e+09
114.5,0.016588,1136.9,2.1227e+09
114.6,0.016405,1136.2,2.1229e+09
114.7,0.016225,1135.5,2.1231e+09
114.8,0.016048,1134.8,2.1233e+09
114.9,0.015874,1134.1,2.1235e+09
115,0.015703,1133.4,2.1237e+09
115.1,0.015535,1132.7,2.1239e+09
115.2,0.01537,1132,2.1241e+09
115.3,0.015208,1131.3,2.1242e+09
115.4,0.015049,1130.6,2.1244e+09
115.5,0.014892,1129.9,2.1246e+09
115.6,0.014739,1129.2,2.1248e+09
115.7,0.014588,1128.5,2.125e+09
115.8,0.014439,1127.8,2.1252e+09
115.9,0.014293,1127.1,2.1253e+09
116,0.01415,1126.4,2.1255e+09
116.1,0.014009,1125.7,2.1257e+09
116.2,0.013871,1125,2.1259e+09
116.3,0.013735,1124.4,2.1261e+09
116.4,0.013601,1123.7,2.1262e+09
116.5,0.01347,1123,2.1264e+09
116.6,0.013341,1122.3,2.1266e+09
116.7,0.013214,1121.6,2.1268e+09
116.8,0.013089,1120.9,2.1269e+09
116.9,0.012967,1120.2,2.1271e+09
117,0.012846,1119.5,2.1273e+09
117.1,0.012728,1118.8,2.1274e+09
117.2,0.012612,1118.2,2.1276e+09
117.3,0.012498,1117.5,2.1278e+09
117.4,0.012385,1116.8,2.1279e+09
117.5,0.012275,1116.1,2.1281e+09
117.6,0.012167,1115.4,2.1282e+09
117.7,0.01206,1114.7,2.1284e+09
117.8,0.011955,1114,2.1286e+09
117.9,0.011852,1113.4,2.1287e+09
118,0.011751,1112.7,2.1289e+09
118.1,0.011652,1112,2.129e+09
118.2,0.011554,1111.3,2.1292e+09
118.3,0.011458,1110.6,2.1293e+09
118.4,0.011364,1109.9,2.1295e+09
118.5,0.011271,1109.3,2.1296e+09
118.6,0.01118,1108.6,2.1298e+09
118.7,0.01109,1107.9,2.1299e+09
118.8,0.011002,1107.2,2.1301e+09
118.9,0.010915,1106.5,2.1302e+09
119,0.01083,1105.9,2.1304e+09
119.1,0.010747,1105.2,2.1305e+09
119.2,0.010664,1104.5,2.1306e+09
119.3,0.010583,1103.8,2.1308e+09
119.4,0.010504,1103.1,2.1309e+09
119.5,0.010426,1102.5,2.1311e+09
119.6,0.010349,1101.8,2.1312e+09
119.7,0.010274,1101.1,2.1313e+09
119.8,0.010199,1100.4,2.1315e+09
119.9,0.010126,1099.8,2.1316e+09
120,0.010055,1099.1,2.1317e+09
120.1,0.0099842,1098.4,2.1319e+09
120.2,0.0099149,1097.7,2.132e+09
120.3,0.0098468,1097.1,2.1321e+09
120.4,0.0097798,1096.4,2.1323e+09
120.5,0.0097139,1095.7,2.1324e+09
120.6,0.0096492,1095,2.1325e+09
120.7,0.0095855,1094.4,2.1327e+09
120.8,0.0095229,1093.7,2.1328e+09
120.9,0.0094614,1093,2.1329e+09
121,0.0094008,1092.4,2.133e+09
121.1,0.0093413,1091.7,2.1332e+09
121.2,0.0092828,1091,2.1333e+09
121.3,0.0092253,1090.3,2.1334e+09
121.4,0.0091687,1089.7,2.1335e+09
121.5,0.0091131,1089,2.1336e+09
121.6,0.0090584,1088.3,2.1338e+09
121.7,0.0090046,1087.7,2.1339e+09
121.8,0.0089517,1087,2.134e+09
121.9,0.0088997,1086.3,2.1341e+09
122,0.0088486,1085.7,2.1342e+09
122.1,0.0087983,1085,2.1343e+09
122.2,0.0087488,1084.3,2.1345e+09
122.3,0.0087001,1083.7,2.1346e+09
122.4,0.0086523,1083,2.1347e+09
122.5,0.0086052,1082.3,2.1348e+09
122.6,0.0085589,1081.7,2.1349e+09
122.7,0.0085134,1081,2.135e+09
122.8,0.0084686,1080.4,2.1351e+09
122.9,0.0084245,1079.7,2.1352e+09
123,0.0083812,1079,2.1353e+09
123.1,0.0083385,1078.4,2.1355e+09
123.2,0.0082966,1077.7,2.1356e+09
123.3,0.0082554,1077.1,2.1357e+09
123.4,0.0082148,1076.4,2.1358e+09
123.5,0.0081749,1075.7,2.1359e+09
123.6,0.0081356,1075.1,2.136e+09
123.7,0.0080969,1074.4,2.1361e+09
123.8,0.0080589,1073.8,2.1362e+09
123.9,0.0080215,1073.1,2.1363e+09
124,0.0079847,1072.4,2.1364e+09
124.1,0.0079485,1071.8,2.1365e+09
124.2,0.0079129,1071.1,2.1366e+09
124.3,0.0078778,1070.5,2.1367e+09
124.4,0.0078433,1069.8,2.1368e+09
124.5,0.0078094,1069.2,2.1369e+09
124.6,0.007776,1068.5,2.137e+09
124.7,0.0077431,1067.8,2.1371e+09
124.8,0.0077108,1067.2,2.1372e+09
124.9,0.0076789,1066.5,2.1373e+09
125,0.0076476,1065.9,2.1373e+09
125.1,0.0076167,1065.2,2.1374e+09
125.2,0.0075864,1064.6,2.1375e+09
125.3,0.0075565,1063.9,2.1376e+09
125.4,0.0075271,1063.3,2.1377e+09
125.5,0.0074981,1062.6,2.1378e+09
125.6,0.0074696,1062,2.1379e+09
125.7,0.0074416,1061.3,2.138e+09
125.8,0.007414,1060.7,2.1381e+09
125.9,0.0073868,1060,2.1382e+09
126,0.00736,1059.4,2.1382e+09
126.1,0.0073337,1058.7,2.1383e+09
126.2,0.0073077,1058.1,2.1384e+09
126.3,0.0072822,1057.4,2.1385e+09
126.4,0.007257,1056.8,2.1386e+09
126.5,0.0072322,1056.1,2.1387e+09
126.6,0.0072078,1055.5,2.1387e+09
126.7,0.0071838,1054.8,2.1388e+09
126.8,0.0071601,1054.2,2.1389e+09
126.9,0.0071368,1053.5,2.139e+09
127,0.0071139,1052.9,2.1391e+09
127.1,0.0070913,1052.3,2.1392e+09
127.2,0.007069,1051.6,2.1392e+09
127.3,0.0070471,1051,2.1393e+09
127.4,0.0070255,1050.3,2.1394e+09
127.5,0.0070042,1049.7,2.1395e+09
127.6,0.0069832,1049,2.1395e+09
127.7,0.0069626,1048.4,2.1396e+09
127.8,0.0069422,1047.8,2.1397e+09
127.9,0.0069221,1047.1,2.1398e+09
128,0.0069024,1046.5,2.1398e+09
128.1,0.0068829,1045.8,2.1399e+09
128.2,0.0068637,1045.2,2.14e+09
128.3,0.0068448,1044.6,2.1401e+09
128.4,0.0068262,1043.9,2.1401e+09
128.5,0.0068078,1043.3,2.1402e+09
128.6,0.0067897,1042.6,2.1403e+09
128.7,0.0067719,1042,2.1404e+09
128.8,0.0067543,1041.4,2.1404e+09
128.9,0.006737,1040.7,2.1405e+09
129,0.0067199,1040.1,2.1406e+09
129.1,0.006703,1039.5,2.1406e+09
129.2,0.0066864,1038.8,2.1407e+09
129.3,0.0066701,1038.2,2.1408e+09
129.4,0.0066539,1037.5,2.1408e+09
129.5,0.006638,1036.9,2.1409e+09
129.6,0.0066223,1036.3,2.141e+09
129.7,0.0066068,1035.6,2.141e+09
129.8,0.0065915,1035,2.1411e+09
129.9,0.0065765,1034.4,2.1412e+09
130,0.0065616,1033.7,2.1412e+09
130.1,0.006547,1033.1,2.1413e+09
130.2,0.0065325,1032.5,2.1414e+09
130.3,0.0065183,1031.8,2.1414e+09
130.4,0.0065042,1031.2,2.1415e+09
130.5,0.0064903,1030.6,2.1415e+09
130.6,0.0064766,1030,2.1416e+09
130.7,0.0064631,1029.3,2.1417e+09
130.8,0.0064498,1028.7,2.1417e+09
130.9,0.0064366,1028.1,2.1418e+09
131,0.0064236,1027.4,2.1418e+09
131.1,0.0064108,1026.8,2.1419e+09
131.2,0.0063982,1026.2,2.142e+09
131.3,0.0063857,1025.6,2.142e+09
131.4,0.0063734,1024.9,2.1421e+09
131.5,0.0063612,1024.3,2.1421e+09
131.6,0.0063492,1023.7,2.1422e+09
131.7,0.0063373,1023.1,2.1423e+09
131.8,0.0063256,1022.4,2.1423e+09
131.9,0.0063141,1021.8,2.1424e+09
132,0.0063027,1021.2,2.1424e+09
132.1,0.0062914,1020.6,2.1425e+09
132.2,0.0062802,1019.9,2.1425e+09
132.3,0.0062692,1019.3,2.1426e+09
132.4,0.0062584,1018.7,2.1426e+09
132.5,0.0062476,1018.1,2.1427e+09
132.6,0.006237,1017.4,2.1427e+09
132.7,0.0062266,1016.8,2.1428e+09
132.8,0.0062162,1016.2,2.1429e+09
132.9,0.006206,1015.6,2.1429e+09
133,0.0061959,1015,2.143e+09
133.1,0.0061859,1014.3,2.143e+09
133.2,0.006176,1013.7,2.1431e+09
133.3,0.0061663,1013.1,2.1431e+09
133.4,0.0061566,1012.5,2.1432e+09
133.5,0.0061471,1011.9,2.1432e+09
133.6,0.0061377,1011.2,2.1433e+09
133.7,0.0061283,1010.6,2.1433e+09
133.8,0.0061191,1010,2.1434e+09
133.9,0.00611,1009.4,2.1434e+09
134,0.006101,1008.8,2.1435e+09
134.1,0.0060921,1008.2,2.1435e+09
134.2,0.0060833,1007.5,2.1436e+09
134.3,0.0060746,1006.9,2.1436e+09
134.4,0.006066,1006.3,2.1436e+09
134.5,0.0060574,1005.7,2.1437e+09
134.6,0.006049,1005.1,2.1437e+09
134.7,0.0060407,1004.5,2.1438e+09
134.8,0.0060324,1003.9,2.1438e+09
134.9,0.0060242,1003.2,2.1439e+09
135,0.0060162,1002.6,2.1439e+09
135.1,0.0060082,1002,2.144e+09
135.2,0.0060002,1001.4,2.144e+09
135.3,0.0059924,1000.8,2.1441e+09
135.4,0.0059846,1000.2,2.1441e+09
135.5,0.005977,999.58,2.1441e+09
135.6,0.0059693,998.97,2.1442e+09
135.7,0.0059618,998.36,2.1442e+09
135.8,0.0059544,997.75,2.1443e+09
135.9,0.005947,997.14,2.1443e+09
136,0.0059397,996.53,2.1443e+09
136.1,0.0059324,995.92,2.1444e+09
136.2,0.0059253,995.31,2.1444e+09
136.3,0.0059181,994.71,2.1445e+09
136.4,0.0059111,994.1,2.1445e+09
136.5,0.0059041,993.49,2.1446e+09
136.6,0.0058972,992.89,2.1446e+09
136.7,0.0058904,992.28,2.1446e+09
136.8,0.0058836,991.68,2.1447e+09
136.9,0.0058769,991.07,2.1447e+09
137,0.0058702,990.47,2.1447e+09
137.1,0.0058636,989.86,2.1448e+09
137.2,0.0058571,989.26,2.1448e+09
137.3,0.0058506,988.66,2.1449e+09
137.4,0.0058441,988.05,2.1449e+09
137.5,0.0058378,987.45,2.1449e+09
137.6,0.0058314,986.85,2.145e+09
137.7,0.0058252,986.25,2.145e+09
137.8,0.005819,985.64,2.145e+09
137.9,0.0058128,985.04,2.1451e+09
138,0.0058067,984.44,2.1451e+09
138.1,0.0058006,983.84,2.1452e+09
138.2,0.0057946,983.24,2.1452e+09
138.3,0.0057886,982.64,2.1452e+09
138.4,0.0057827,982.04,2.1453e+09
138.5,0.0057768,981.45,2.1453e+09
138.6,0.005771,980.85,2.1453e+09
138.7,0.0057652,980.25,2.1454e+09
138.8,0.0057595,979.65,2.1454e+09
138.9,0.0057538,979.05,2.1454e+09
139,0.0057481,978.46,2.1455e+09
139.1,0.0057425,977.86,2.1455e+09
139.2,0.0057369,977.27,2.1455e+09
139.3,0.0057314,976.67,2.1456e+09
139.4,0.0057259,976.08,2.1456e+09
139.5,0.0057204,975.48,2.1456e+09
139.6,0.005715,974.89,2.1457e+09
139.7,0.0057096,974.29,2.1457e+09
139.8,0.0057043,973.7,2.1457e+09
139.9,0.005699,973.11,2.1458e+09
140,0.0056937,972.51,2.1458e+09
140.1,0.0056885,971.92,2.1458e+09
140.2,0.0056833,971.33,2.1458e+09
140.3,0.0056781,970.74,2.1459e+09
140.4,0.005673,970.14,2.1459e+09
140.5,0.0056679,969.55,2.1459e+09
140.6,0.0056628,968.96,2.146e+09
140.7,0.0056578,968.37,2.146e+09
140.8,0.0056528,967.78,2.146e+09
140.9,0.0056478,967.19,2.1461e+09
141,0.0056429,966.61,2.1461e+09
141.1,0.005638,966.02,2.1461e+09
141.2,0.0056331,965.43,2.1461e+09
141.3,0.0056282,964.84,2.1462e+09
141.4,0.0056234,964.25,2.1462e+09
141.5,0.0056186,963.67,2.1462e+09
141.6,0.0056139,963.08,2.1463e+09
141.7,0.0056091,962.49,2.1463e+09
141.8,0.0056044,961.91,2.1463e+09
141.9,0.0055997,961.32,2.1463e+09
142,0.005595,960.74,2.1464e+09
142.1,0.0055904,960.15,2.1464e+09
142.2,0.0055858,959.57,2.1464e+09
142.3,0.0055812,958.98,2.1464e+09
142.4,0.0055766,958.4,2.1465e+09
142.5,0.0055721,957.82,2.1465e+09
142.6,0.0055676,957.23,2.1465e+09
142.7,0.0055631,956.65,2.1465e+09
142.8,0.0055586,956.07,2.1466e+09
142.9,0.0055542,955.49,2.1466e+09
143,0.0055497,954.9,2.1466e+09
143.1,0.0055453,954.32,2.1466e+09
143.2,0.0055409,953.74,2.1467e+09
143.3,0.0055366,953.16,2.1467e+09
143.4,0.0055322,952.58,2.1467e+09
143.5,0.0055279,952,2.1467e+09
143.6,0.0055236,951.42,2.1468e+09
143.7,0.0055193,950.85,2.1468e+09
143.8,0.005515,950.27,2.1468e+09
143.9,0.0055108,949.69,2.1468e+09
144,0.0055065,949.11,2.1469e+09
144.1,0.0055023,948.53,2.1469e+09
144.2,0.0054981,947.96,2.1469e+09
144.3,0.005494,947.38,2.1469e+09
144.4,0.0054898,946.8,2.1469e+09
144.5,0.0054857,946.23,2.147e+09
144.6,0.0054815,945.65,2.147e+09
144.7,0.0054774,945.08,2.147e+09
144.8,0.0054733,944.5,2.147e+09
144.9,0.0054693,943.93,2.1471e+09
145,0.0054652,943.36,2.1471e+09
145.1,0.0054612,942.78,2.1471e+09
145.2,0.0054571,942.21,2.1471e+09
145.3,0.0054531,941.64,2.1471e+09
145.4,0.0054491,941.06,2.1472e+09
145.5,0.0054451,940.49,2.1472e+09
145.6,0.0054412,939.92,2.1472e+09
145.7,0.0054372,939.35,2.1472e+09
145.8,0.0054333,938.78,2.1472e+09
145.9,0.0054293,938.21,2.1473e+09
146,0.0054254,937.64,2.1473e+09
146.1,0.0054215,937.07,2.1473e+09
146.2,0.0054176,936.5,2.1473e+09
146.3,0.0054138,935.93,2.1473e+09
146.4,0.0054099,935.36,2.1474e+09
146.5,0.005406,934.79,2.1474e+09
146.6,0.0054022,934.22,2.1474e+09
146.7,0.0053984,933.66,2.1474e+09
146.8,0.0053946,933.09,2.1474e+09
146.9,0.0053908,932.52,2.1475e+09
147,0.005387,931.96,2.1475e+09
147.1,0.0053832,931.39,2.1475e+09
147.2,0.0053794,930.82,2.1475e+09
147.3,0.0053757,930.26,2.1475e+09
147.4,0.0053719,929.69,2.1475e+09
147.5,0.0053682,929.13,2.1476e+09
147.6,0.0053645,928.56,2.1476e+09
147.7,0.0053608,928,2.1476e+09
147.8,0.0053571,927.44,2.1476e+09
147.9,0.0053534,926.87,2.1476e+09
148,0.0053497,926.31,2.1477e+09
148.1,0.005346,925.75,2.1477e+09
148.2,0.0053423,925.19,2.1477e+09
148.3,0.0053387,924.62,2.1477e+09
148.4,0.0053351,924.06,2.1477e+09
148.5,0.0053314,923.5,2.1477e+09
148.6,0.0053278,922.94,2.1478e+09
148.7,0.0053242,922.38,2.1478e+09
148.8,0.0053206,921.82,2.1478e+09
148.9,0.005317,921.26,2.1478e+09
149,0.0053134,920.7,2.1478e+09
149.1,0.0053098,920.14,2.1478e+09
149.2,0.0053062,919.58,2.1479e+09
149.3,0.0053027,919.03,2.1479e+09
149.4,0.0052991,918.47,2.1479e+09
149.5,0.0052956,917.91,2.1479e+09
149.6,0.005292,917.35,2.1479e+09
149.7,0.0052885,916.8,2.1479e+09
149.8,0.005285,916.24,2.1479e+09
149.9,0.0052815,915.69,2.148e+09
150,0.005278,915.13,2.148e+09
150.1,0.0052745,914.57,2.148e+09
150.2,0.005271,914.02,2.148e+09
150.3,0.0052675,913.47,2.148e+09
150.4,0.005264,912.91,2.148e+09
150.5,0.0052605,912.36,2.148e+09
150.6,0.0052571,911.8,2.1481e+09
150.7,0.0052536,911.25,2.1481e+09
150.8,0.0052502,910.7,2.1481e+09
150.9,0.0052467,910.15,2.1481e+09
151,0.0052433,909.59,2.1481e+09
151.1,0.0052398,909.04,2.1481e+09
151.2,0.0052364,908.49,2.1481e+09
151.3,0.005233,907.94,2.1482e+09
151.4,0.0052296,907.39,2.1482e+09
151.5,0.0052262,906.84,2.1482e+09
151.6,0.0052228,906.29,2.1482e+09
151.7,0.0052194,905.74,2.1482e+09
151.8,0.005216,905.19,2.1482e+09
151.9,0.0052126,904.64,2.1482e+09
152,0.0052093,904.09,2.1483e+09
152.1,0.0052059,903.55,2.1483e+09
152.2,0.0052025,903,2.1483e+09
152.3,0.0051992,902.45,2.1483e+09
152.4,0.0051958,901.9,2.1483e+09
152.5,0.0051925,901.36,2.1483e+09
152.6,0.0051891,900.81,2.1483e+09
152.7,0.0051858,900.26,2.1483e+09
152.8,0.0051825,899.72,2.1484e+09
152.9,0.0051792,899.17,2.1484e+09
153,0.0051758,898.63,2.1484e+09
153.1,0.0051725,898.08,2.1484e+09
153.2,0.0051692,897.54,2.1484e+09
153.3,0.0051659,897,2.1484e+09
153.4,0.0051626,896.45,2.1484e+09
153.5,0.0051593,895.91,2.1484e+09
153.6,0.005156,895.37,2.1484e+09
153.7,0.0051527,894.83,2.1485e+09
153.8,0.0051495,894.28,2.1485e+09
153.9,0.0051462,893.74,2.1485e+09
154,0.0051429,893.2,2.1485e+09
154.1,0.0051397,892.66,2.1485e+09
154.2,0.0051364,892.12,2.1485e+09
154.3,0.0051332,891.58,2.1485e+09
154.4,0.0051299,891.04,2.1485e+09
154.5,0.0051267,890.5,2.1485e+09
154.6,0.0051234,889.96,2.1486e+09
154.7,0.0051202,889.42,2.1486e+09
154.8,0.0051169,888.88,2.1486e+09
154.9,0.0051137,888.34,2.1486e+09
155,0.0051105,887.81,2.1486e+09
155.1,0.0051073,887.27,2.1486e+09
155.2,0.0051041,886.73,2.1486e+09
155.3,0.0051008,886.19,2.1486e+09
155.4,0.0050976,885.66,2.1486e+09
155.5,0.0050944,885.12,2.1486e+09
155.6,0.0050912,884.59,2.1487e+09
155.7,0.005088,884.05,2.1487e+09
155.8,0.0050849,883.52,2.1487e+09
155.9,0.0050817,882.98,2.1487e+09
156,0.0050785,882.45,2.1487e+09
156.1,0.0050753,881.91,2.1487e+09
156.2,0.0050721,881.38,2.1487e+09
156.3,0.005069,880.85,2.1487e+09
156.4,0.0050658,880.31,2.1487e+09
156.5,0.0050626,879.78,2.1487e+09
156.6,0.0050595,879.25,2.1488e+09
156.7,0.0050563,878.72,2.1488e+09
156.8,0.0050532,878.18,2.1488e+09
156.9,0.00505,877.65,2.1488e+09
157,0.0050469,877.12,2.1488e+09
157.1,0.0050437,876.59,2.1488e+09
157.2,0.0050406,876.06,2.1488e+09
157.3,0.0050374,875.53,2.1488e+09
157.4,0.0050343,875,2.1488e+09
157.5,0.0050312,874.47,2.1488e+09
157.6,0.0050281,873.94,2.1488e+09
157.7,0.0050249,873.42,2.1488e+09
157.8,0.0050218,872.89,2.1489e+09
157.9,0.0050187,872.36,2.1489e+09
158,0.0050156,871.83,2.1489e+09
158.1,0.0050125,871.3,2.1489e+09
158.2,0.0050094,870.78,2.1489e+09
158.3,0.0050063,870.25,2.1489e+09
158.4,0.0050032,869.73,2.1489e+09
158.5,0.0050001,869.2,2.1489e+09
158.6,0.004997,868.67,2.1489e+09
158.7,0.0049939,868.15,2.1489e+09
158.8,0.0049908,867.62,2.1489e+09
158.9,0.0049877,867.1,2.1489e+09
159,0.0049846,866.58,2.149e+09
159.1,0.0049816,866.05,2.149e+09
159.2,0.0049785,865.53,2.149e+09
159.3,0.0049754,865.01,2.149e+09
159.4,0.0049724,864.48,2.149e+09
159.5,0.0049693,863.96,2.149e+09
159.6,0.0049662,863.44,2.149e+09
159.7,0.0049632,862.92,2.149e+09
159.8,0.0049601,862.4,2.149e+09
159.9,0.0049571,861.88,2.149e+09
160,0.004954,861.35,2.149e+09
160.1,0.004951,860.83,2.149e+09
160.2,0.0049479,860.31,2.149e+09
160.3,0.0049449,859.79,2.149e+09
160.4,0.0049418,859.28,2.1491e+09
160.5,0.0049388,858.76,2.1491e+09
160.6,0.0049358,858.24,2.1491e+09
160.7,0.0049327,857.72,2.1491e+09
160.8,0.0049297,857.2,2.1491e+09
160.9,0.0049267,856.68,2.1491e+09
161,0.0049236,856.17,2.1491e+09
161.1,0.0049206,855.65,2.1491e+09
161.2,0.0049176,855.13,2.1491e+09
161.3,0.0049146,854.62,2.1491e+09
161.4,0.0049116,854.1,2.1491e+09
161.5,0.0049086,853.58,2.1491e+09
161.6,0.0049056,853.07,2.1491e+09
161.7,0.0049026,852.55,2.1491e+09
161.8,0.0048996,852.04,2.1491e+09
161.9,0.0048966,851.53,2.1492e+09
162,0.0048936,851.01,2.1492e+09
162.1,0.0048906,850.5,2.1492e+09
162.2,0.0048876,849.98,2.1492e+09
162.3,0.0048846,849.47,2.1492e+09
162.4,0.0048816,848.96,2.1492e+09
162.5,0.0048786,848.45,2.1492e+09
162.6,0.0048756,847.94,2.1492e+09
162.7,0.0048727,847.42,2.1492e+09
162.8,0.0048697,846.91,2.1492e+09
162.9,0.0048667,846.4,2.1492e+09
163,0.0048637,845.89,2.1492e+09
163.1,0.0048608,845.38,2.1492e+09
163.2,0.0048578,844.87,2.1492e+09
163.3,0.0048548,844.36,2.1492e+09
163.4,0.0048519,843.85,2.1492e+09
163.5,0.0048489,843.34,2.1492e+09
163.6,0.0048459,842.83,2.1493e+09
163.7,0.004843,842.33,2.1493e+09
163.8,0.00484,841.82,2.1493e+09
163.9,0.0048371,841.31,2.1493e+09
164,0.0048341,840.8,2.1493e+09
164.1,0.0048312,840.3,2.1493e+09
164.2,0.0048283,839.79,2.1493e+09
164.3,0.0048253,839.28,2.1493e+09
164.4,0.0048224,838.78,2.1493e+09
164.5,0.0048194,838.27,2.1493e+09
164.6,0.0048165,837.77,2.1493e+09
164.7,0.0048136,837.26,2.1493e+09
164.8,0.0048106,836.76,2.1493e+09
164.9,0.0048077,836.25,2.1493e+09
165,0.0048048,835.75,2.1493e+09
165.1,0.0048019,835.24,2.1493e+09
165.2,0.0047989,834.74,2.1493e+09
165.3,0.004796,834.24,2.1493e+09
165.4,0.0047931,833.73,2.1493e+09
165.5,0.0047902,833.23,2.1493e+09
165.6,0.0047873,832.73,2.1494e+09
165.7,0.0047844,832.23,2.1494e+09
165.8,0.0047815,831.73,2.1494e+09
165.9,0.0047786,831.23,2.1494e+09
166,0.0047757,830.73,2.1494e+09
166.1,0.0047728,830.22,2.1494e+09
166.2,0.0047699,829.72,2.1494e+09
166.3,0.004767,829.22,2.1494e+09
166.4,0.0047641,828.73,2.1494e+09
166.5,0.0047612,828.23,2.1494e+09
166.6,0.0047583,827.73,2.1494e+09
166.7,0.0047554,827.23,2.1494e+09
166.8,0.0047525,826.73,2.1494e+09
166.9,0.0047496,826.23,2.1494e+09
167,0.0047468,825.74,2.1494e+09
167.1,0.0047439,825.24,2.1494e+09
167.2,0.004741,824.74,2.1494e+09
167.3,0.0047381,824.24,2.1494e+09
167.4,0.0047352,823.75,2.1494e+09
167.5,0.0047324,823.25,2.1494e+09
167.6,0.0047295,822.76,2.1494e+09
167.7,0.0047266,822.26,2.1494e+09
167.8,0.0047238,821.77,2.1495e+09
167.9,0.0047209,821.27,2.1495e+09
168,0.0047181,820.78,2.1495e+09
168.1,0.0047152,820.28,2.1495e+09
168.2,0.0047123,819.79,2.1495e+09
168.3,0.0047095,819.3,2.1495e+09
168.4,0.0047066,818.8,2.1495e+09
168.5,0.0047038,818.31,2.1495e+09
168.6,0.0047009,817.82,2.1495e+09
168.7,0.0046981,817.33,2.1495e+09
168.8,0.0046952,816.83,2.1495e+09
168.9,0.0046924,816.34,2.1495e+09
169,0.0046896,815.85,2.1495e+09
169.1,0.0046867,815.36,2.1495e+09
169.2,0.0046839,814.87,2.1495e+09
169.3,0.0046811,814.38,2.1495e+09
169.4,0.0046782,813.89,2.1495e+09
169.5,0.0046754,813.4,2.1495e+09
169.6,0.0046726,812.91,2.1495e+09
169.7,0.0046697,812.42,2.1495e+09
169.8,0.0046669,811.93,2.1495e+09
169.9,0.0046641,811.45,2.1495e+09
170,0.0046613,810.96,2.1495e+09
170.1,0.0046585,810.47,2.1495e+09
170.2,0.0046556,809.98,2.1495e+09
170.3,0.0046528,809.5,2.1495e+09
170.4,0.00465,809.01,2.1495e+09
170.5,0.0046472,808.52,2.1495e+09
170.6,0.0046444,808.04,2.1496e+09
170.7,0.0046416,807.55,2.1496e+09
170.8,0.0046388,807.07,2.1496e+09
170.9,0.004636,806.58,2.1496e+09
171,0.0046332,806.1,2.1496e+09
171.1,0.0046304,805.61,2.1496e+09
171.2,0.0046276,805.13,2.1496e+09
171.3,0.0046248,804.64,2.1496e+09
171.4,0.004622,804.16,2.1496e+09
171.5,0.0046192,803.68,2.1496e+09
171.6,0.0046164,803.19,2.1496e+09
171.7,0.0046136,802.71,2.1496e+09
171.8,0.0046108,802.23,2.1496e+09
171.9,0.0046081,801.75,2.1496e+09
172,0.0046053,801.27,2.1496e+09
172.1,0.0046025,800.78,2.1496e+09
172.2,0.0045997,800.3,2.1496e+09
172.3,0.0045969,799.82,2.1496e+09
172.4,0.0045942,799.34,2.1496e+09
172.5,0.0045914,798.86,2.1496e+09
172.6,0.0045886,798.38,2.1496e+09
172.7,0.0045859,797.9,2.1496e+09
172.8,0.0045831,797.42,2.1496e+09
172.9,0.0045803,796.94,2.1496e+09
173,0.0045776,796.47,2.1496e+09
173.1,0.0045748,795.99,2.1496e+09
173.2,0.004572,795.51,2.1496e+09
173.3,0.0045693,795.03,2.1496e+09
173.4,0.0045665,794.56,2.1496e+09
173.5,0.0045638,794.08,2.1496e+09
173.6,0.004561,793.6,2.1496e+09
173.7,0.0045583,793.13,2.1496e+09
173.8,0.0045555,792.65,2.1496e+09
173.9,0.0045528,792.17,2.1496e+09
174,0.00455,791.7,2.1497e+09
174.1,0.0045473,791.22,2.1497e+09
174.2,0.0045446,790.75,2.1497e+09
174.3,0.0045418,790.27,2.1497e+09
174.4,0.0045391,789.8,2.1497e+09
174.5,0.0045364,789.33,2.1497e+09
174.6,0.0045336,788.85,2.1497e+09
174.7,0.0045309,788.38,2.1497e+09
174.8,0.0045282,787.91,2.1497e+09
174.9,0.0045254,787.43,2.1497e+09
175,0.0045227,786.96,2.1497e+09
175.1,0.00452,786.49,2.1497e+09
175.2,0.0045173,786.02,2.1497e+09
175.3,0.0045145,785.55,2.1497e+09
175.4,0.0045118,785.07,2.1497e+09
175.5,0.0045091,784.6,2.1497e+09
175.6,0.0045064,784.13,2.1497e+09
175.7,0.0045037,783.66,2.1497e+09
175.8,0.004501,783.19,2.1497e+09
175.9,0.0044983,782.72,2.1497e+09
176,0.0044956,782.25,2.1497e+09
176.1,0.0044928,781.78,2.1497e+09
176.2,0.0044901,781.32,2.1497e+09
176.3,0.0044874,780.85,2.1497e+09
176.4,0.0044847,780.38,2.1497e+09
176.5,0.004482,779.91,2.1497e+09
176.6,0.0044793,779.44,2.1497e+09
176.7,0.0044767,778.98,2.1497e+09
176.8,0.004474,778.51,2.1497e+09
176.9,0.0044713,778.04,2.1497e+09
177,0.0044686,777.58,2.1497e+09
177.1,0.0044659,777.11,2.1497e+09
177.2,0.0044632,776.65,2.1497e+09
177.3,0.0044605,776.18,2.1497e+09
177.4,0.0044578,775.72,2.1497e+09
177.5,0.0044552,775.25,2.1497e+09
177.6,0.0044525,774.79,2.1497e+09
177.7,0.0044498,774.32,2.1497e+09
177.8,0.0044471,773.86,2.1497e+09
177.9,0.0044445,773.39,2.1497e+09
178,0.0044418,772.93,2.1497e+09
178.1,0.0044391,772.47,2.1497e+09
178.2,0.0044364,772.01,2.1497e+09
178.3,0.0044338,771.54,2.1497e+09
178.4,0.0044311,771.08,2.1497e+09
178.5,0.0044285,770.62,2.1497e+09
178.6,0.0044258,770.16,2.1498e+09
178.7,0.0044231,769.7,2.1498e+09
178.8,0.0044205,769.24,2.1498e+09
178.9,0.0044178,768.78,2.1498e+09
179,0.0044152,768.31,2.1498e+09
179.1,0.0044125,767.85,2.1498e+09
179.2,0.0044099,767.4,2.1498e+09
179.3,0.0044072,766.94,2.1498e+09
179.4,0.0044046,766.48,2.1498e+09
179.5,0.0044019,766.02,2.1498e+09
179.6,0.0043993,765.56,2.1498e+09
179.7,0.0043966,765.1,2.1498e+09
179.8,0.004394,764.64,2.1498e+09
179.9,0.0043914,764.19,2.1498e+09
180,0.0043887,763.73,2.1498e+09
180.1,0.0043861,763.27,2.1498e+09
180.2,0.0043835,762.81,2.1498e+09
180.3,0.0043808,762.36,2.1498e+09
180.4,0.0043782,761.9,2.1498e+09
180.5,0.0043756,761.45,2.1498e+09
180.6,0.0043729,760.99,2.1498e+09
180.7,0.0043703,760.54,2.1498e+09
180.8,0.0043677,760.08,2.1498e+09
180.9,0.0043651,759.63,2.1498e+09
181,0.0043625,759.17,2.1498e+09
181.1,0.0043598,758.72,2.1498e+09
181.2,0.0043572,758.26,2.1498e+09
181.3,0.0043546,757.81,2.1498e+09
181.4,0.004352,757.36,2.1498e+09
181.5,0.0043494,756.9,2.1498e+09
181.6,0.0043468,756.45,2.1498e+09
181.7,0.0043442,756,2.1498e+09
181.8,0.0043416,755.55,2.1498e+09
181.9,0.004339,755.1,2.1498e+09
182,0.0043364,754.64,2.1498e+09
182.1,0.0043338,754.19,2.1498e+09
182.2,0.0043312,753.74,2.1498e+09
182.3,0.0043286,753.29,2.1498e+09
182.4,0.004326,752.84,2.1498e+09
182.5,0.0043234,752.39,2.1498e+09
182.6,0.0043208,751.94,2.1498e+09
182.7,0.0043182,751.49,2.1498e+09
182.8,0.0043156,751.04,2.1498e+09
182.9,0.004313,750.6,2.1498e+09
183,0.0043104,750.15,2.1498e+09
183.1,0.0043078,749.7,2.1498e+09
183.2,0.0043053,749.25,2.1498e+09
183.3,0.0043027,748.8,2.1498e+09
183.4,0.0043001,748.36,2.1498e+09
183.5,0.0042975,747.91,2.1498e+09
183.6,0.004295,747.46,2.1498e+09
183.7,0.0042924,747.02,2.1498e+09
183.8,0.0042898,746.57,2.1498e+09
183.9,0.0042872,746.12,2.1498e+09
184,0.0042847,745.68,2.1498e+09
184.1,0.0042821,745.23,2.1498e+09
184.2,0.0042795,744.79,2.1498e+09
184.3,0.004277,744.34,2.1498e+09
184.4,0.0042744,743.9,2.1498e+09
184.5,0.0042719,743.45,2.1498e+09
184.6,0.0042693,743.01,2.1498e+09
184.7,0.0042667,742.57,2.1498e+09
184.8,0.0042642,742.12,2.1498e+09
184.9,0.0042616,741.68,2.1498e+09
185,0.0042591,741.24,2.1498e+09
185.1,0.0042565,740.8,2.1498e+09
185.2,0.004254,740.35,2.1498e+09
185.3,0.0042514,739.91,2.1498e+09
185.4,0.0042489,739.47,2.1498e+09
185.5,0.0042463,739.03,2.1498e+09
185.6,0.0042438,738.59,2.1499e+09
185.7,0.0042413,738.15,2.1499e+09
185.8,0.0042387,737.71,2.1499e+09
185.9,0.0042362,737.27,2.1499e+09
186,0.0042337,736.83,2.1499e+09
186.1,0.0042311,736.39,2.1499e+09
186.2,0.0042286,735.95,2.1499e+09
186.3,0.0042261,735.51,2.1499e+09
186.4,0.0042235,735.07,2.1499e+09
186.5,0.004221,734.63,2.1499e+09
186.6,0.0042185,734.19,2.1499e+09
186.7,0.004216,733.76,2.1499e+09
186.8,0.0042134,733.32,2.1499e+09
186.9,0.0042109,732.88,2.1499e+09
187,0.0042084,732.44,2.1499e+09
187.1,0.0042059,732.01,2.1499e+09
187.2,0.0042034,731.57,2.1499e+09
187.3,0.0042009,731.14,2.1499e+09
187.4,0.0041983,730.7,2.1499e+09
187.5,0.0041958,730.26,2.1499e+09
187.6,0.0041933,729.83,2.1499e+09
187.7,0.0041908,729.39,2.1499e+09
187.8,0.0041883,728.96,2.1499e+09
187.9,0.0041858,728.52,2.1499e+09
188,0.0041833,728.09,2.1499e+09
188.1,0.0041808,727.66,2.1499e+09
188.2,0.0041783,727.22,2.1499e+09
188.3,0.0041758,726.79,2.1499e+09
188.4,0.0041733,726.36,2.1499e+09
188.5,0.0041708,725.92,2.1499e+09
188.6,0.0041683,725.49,2.1499e+09
188.7,0.0041658,725.06,2.1499e+09
188.8,0.0041633,724.63,2.1499e+09
188.9,0.0041609,724.2,2.1499e+09
189,0.0041584,723.76,2.1499e+09
189.1,0.0041559,723.33,2.1499e+09
189.2,0.0041534,722.9,2.1499e+09
189.3,0.0041509,722.47,2.1499e+09
189.4,0.0041484,722.04,2.1499e+09
189.5,0.004146,721.61,2.1499e+09
189.6,0.0041435,721.18,2.1499e+09
189.7,0.004141,720.75,2.1499e+09
189.8,0.0041385,720.32,2.1499e+09
189.9,0.0041361,719.89,2.1499e+09
190,0.0041336,719.47,2.1499e+09
190.1,0.0041311,719.04,2.1499e+09
190.2,0.0041287,718.61,2.1499e+09
190.3,0.0041262,718.18,2.1499e+09
190.4,0.0041237,717.75,2.1499e+09
190.5,0.0041213,717.33,2.1499e+09
190.6,0.0041188,716.9,2.1499e+09
190.7,0.0041164,716.47,2.1499e+09
190.8,0.0041139,716.05,2.1499e+09
190.9,0.0041114,715.62,2.1499e+09
191,0.004109,715.2,2.1499e+09
191.1,0.0041065,714.77,2.1499e+09
191.2,0.0041041,714.34,2.1499e+09
191.3,0.0041016,713.92,2.1499e+09
191.4,0.0040992,713.49,2.1499e+09
191.5,0.0040967,713.07,2.1499e+09
191.6,0.0040943,712.65,2.1499e+09
191.7,0.0040919,712.22,2.1499e+09
191.8,0.0040894,711.8,2.1499e+09
191.9,0.004087,711.38,2.1499e+09
192,0.0040845,710.95,2.1499e+09
192.1,0.0040821,710.53,2.1499e+09
192.2,0.0040797,710.11,2.1499e+09
192.3,0.0040772,709.68,2.1499e+09
192.4,0.0040748,709.26,2.1499e+09
192.5,0.0040724,708.84,2.1499e+09
192.6,0.0040699,708.42,2.1499e+09
192.7,0.0040675,708,2.1499e+09
192.8,0.0040651,707.58,2.1499e+09
192.9,0.0040627,707.16,2.1499e+09
193,0.0040602,706.74,2.1499e+09
193.1,0.0040578,706.32,2.1499e+09
193.2,0.0040554,705.9,2.1499e+09
193.3,0.004053,705.48,2.1499e+09
193.4,0.0040506,705.06,2.1499e+09
193.5,0.0040482,704.64,2.1499e+09
193.6,0.0040457,704.22,2.1499e+09
193.7,0.0040433,703.8,2.1499e+09
193.8,0.0040409,703.38,2.1499e+09
193.9,0.0040385,702.97,2.1499e+09
194,0.0040361,702.55,2.1499e+09
194.1,0.0040337,702.13,2.1499e+09
194.2,0.0040313,701.71,2.1499e+09
194.3,0.0040289,701.3,2.1499e+09
194.4,0.0040265,700.88,2.1499e+09
194.5,0.0040241,700.47,2.1499e+09
194.6,0.0040217,700.05,2.1499e+09
194.7,0.0040193,699.63,2.1499e+09
194.8,0.0040169,699.22,2.1499e+09
194.9,0.0040145,698.8,2.1499e+09
195,0.0040121,698.39,2.1499e+09
195.1,0.0040097,697.97,2.1499e+09
195.2,0.0040074,697.56,2.1499e+09
195.3,0.004005,697.14,2.1499e+09
195.4,0.0040026,696.73,2.1499e+09
195.5,0.0040002,696.32,2.1499e+09
195.6,0.0039978,695.9,2.1499e+09
195.7,0.0039954,695.49,2.1499e+09
195.8,0.0039931,695.08,2.1499e+09
195.9,0.0039907,694.67,2.1499e+09
196,0.0039883,694.25,2.1499e+09
196.1,0.0039859,693.84,2.1499e+09
196.2,0.0039836,693.43,2.1499e+09
196.3,0.0039812,693.02,2.1499e+09
196.4,0.0039788,692.61,2.1499e+09
196.5,0.0039765,692.2,2.1499e+09
196.6,0.0039741,691.79,2.1499e+09
196.7,0.0039717,691.38,2.1499e+09
196.8,0.0039694,690.97,2.1499e+09
196.9,0.003967,690.56,2.1499e+09
197,0.0039646,690.15,2.1499e+09
197.1,0.0039623,689.74,2.1499e+09
197.2,0.0039599,689.33,2.1499e+09
197.3,0.0039576,688.92,2.1499e+09
197.4,0.0039552,688.51,2.1499e+09
197.5,0.0039529,688.1,2.1499e+09
197.6,0.0039505,687.69,2.1499e+09
197.7,0.0039482,687.29,2.1499e+09
197.8,0.0039458,686.88,2.1499e+09
197.9,0.0039435,686.47,2.1499e+09
198,0.0039411,686.07,2.1499e+09
198.1,0.0039388,685.66,2.1499e+09
198.2,0.0039364,685.25,2.1499e+09
198.3,0.0039341,684.85,2.1499e+09
198.4,0.0039318,684.44,2.1499e+09
198.5,0.0039294,684.03,2.1499e+09
198.6,0.0039271,683.63,2.1499e+09
198.7,0.0039248,683.22,2.1499e+09
198.8,0.0039224,682.82,2.1499e+09
198.9,0.0039201,682.42,2.1499e+09
199,0.0039178,682.01,2.1499e+09
199.1,0.0039154,681.61,2.1499e+09
199.2,0.0039131,681.2,2.1499e+09
199.3,0.0039108,680.8,2.1499e+09
199.4,0.0039085,680.4,2.1499e+09
199.5,0.0039061,679.99,2.1499e+09
199.6,0.0039038,679.59,2.1499e+09
199.7,0.0039015,679.19,2.1499e+09
199.8,0.0038992,678.79,2.1499e+09
199.9,0.0038969,678.38,2.1499e+09
200,0.0038945,677.98,2.1499e+09
