0,1.2e+07,1000,1e+06
0.1,1.1786e+07,1030.3,9.6814e+05
0.2,1.1576e+07,1060,9.3706e+05
0.3,1.1369e+07,1089.1,9.0674e+05
0.4,1.1166e+07,1117.7,8.7717e+05
0.5,1.0967e+07,1145.7,8.4833e+05
0.6,1.0771e+07,1173.2,8.2021e+05
0.7,1.0579e+07,1200.2,7.9281e+05
0.8,1.039e+07,1226.7,7.6609e+05
0.9,1.0205e+07,1252.6,7.4006e+05
1,1.0023e+07,1278.1,7.1471e+05
1.1,9.8442e+06,1303.1,6.9001e+05
1.2,9.6685e+06,1327.6,6.6601e+05
1.3,9.496e+06,1351.7,6.4265e+05
1.4,9.3266e+06,1375.3,6.1991e+05
1.5,9.1602e+06,1398.4,5.9778e+05
1.6,8.9968e+06,1421.1,5.7625e+05
1.7,8.8362e+06,1443.3,5.5532e+05
1.8,8.6786e+06,1465.2,5.3497e+05
1.9,8.5238e+06,1486.6,5.152e+05
2,8.3717e+06,1507.6,4.9599e+05
2.1,8.2223e+06,1528.1,4.7734e+05
2.2,8.0756e+06,1548.3,4.5924e+05
2.3,7.9315e+06,1568.1,4.4168e+05
2.4,7.79e+06,1587.5,4.2464e+05
2.5,7.651e+06,1606.6,4.0813e+05
2.6,7.5145e+06,1625.3,3.9213e+05
2.7,7.3805e+06,1643.6,3.7662e+05
2.8,7.2488e+06,1661.5,3.6161e+05
2.9,7.1195e+06,1679.1,3.4708e+05
3,6.9924e+06,1696.3,3.3302e+05
3.1,6.8677e+06,1713.3,3.1943e+05
3.2,6.7451e+06,1729.8,3.0628e+05
3.3,6.6248e+06,1746.1,2.9359e+05
3.4,6.5066e+06,1762,2.8133e+05
3.5,6.3905e+06,1777.6,2.6949e+05
3.6,6.2765e+06,1792.9,2.5807e+05
3.7,6.1645e+06,1807.9,2.4706e+05
3.8,6.0545e+06,1822.7,2.3643e+05
3.9,5.9465e+06,1837.1,2.2619e+05
4,5.8404e+06,1851.2,2.1633e+05
4.1,5.7362e+06,1865,2.0683e+05
4.2,5.6339e+06,1878.6,1.9769e+05
4.3,5.5334e+06,1891.9,1.8889e+05
4.4,5.4346e+06,1904.9,1.8043e+05
4.5,5.3377e+06,1917.7,1.723e+05
4.6,5.2424e+06,1930.2,1.6449e+05
4.7,5.1489e+06,1942.4,1.5698e+05
4.8,5.057e+06,1954.4,1.4978e+05
4.9,4.9668e+06,1966.2,1.4287e+05
5,4.8782e+06,1977.7,1.3624e+05
5.1,4.7912e+06,1989,1.2988e+05
5.2,4.7057e+06,2000,1.2378e+05
5.3,4.6217e+06,2010.9,1.1794e+05
5.4,4.5393e+06,2021.5,1.1235e+05
5.5,4.4583e+06,2031.9,1.07e+05
5.6,4.3787e+06,2042,1.0187e+05
5.7,4.3006e+06,2052,96971
5.8,4.2239e+06,2061.7,92284
5.9,4.1485e+06,2071.3,87804
6,4.0745e+06,2080.6,83522
6.1,4.0018e+06,2089.7,79432
6.2,3.9304e+06,2098.7,75525
6.3,3.8603e+06,2107.5,71796
6.4,3.7914e+06,2116,68237
6.5,3.7238e+06,2124.4,64842
6.6,3.6573e+06,2132.6,61603
6.7,3.5921e+06,2140.7,58515
6.8,3.528e+06,2148.5,55572
6.9,3.4651e+06,2156.2,52768
7,3.4032e+06,2163.8,50096
7.1,3.3425e+06,2171.1,47551
7.2,3.2829e+06,2178.3,45128
7.3,3.2243e+06,2185.4,42822
7.4,3.1668e+06,2192.2,40628
7.5,3.1103e+06,2199,38540
7.6,3.0548e+06,2205.6,36554
7.7,3.0003e+06,2212,34665
7.8,2.9468e+06,2218.3,32870
7.9,2.8942e+06,2224.4,31163
8,2.8425e+06,2230.4,29541
8.1,2.7918e+06,2236.3,28000
8.2,2.742e+06,2242.1,26537
8.3,2.6931e+06,2247.7,25147
8.4,2.645e+06,2253.1,23827
8.5,2.5979e+06,2258.5,22573
8.6,2.5515e+06,2263.7,21384
8.7,2.506e+06,2268.8,20255
8.8,2.4613e+06,2273.8,19184
8.9,2.4174e+06,2278.7,18167
9,2.3742e+06,2283.4,17203
9.1,2.3319e+06,2288,16289
9.2,2.2903e+06,2292.6,15422
9.3,2.2494e+06,2297,14600
9.4,2.2093e+06,2301.3,13821
9.5,2.1699e+06,2305.5,13082
9.6,2.1311e+06,2309.6,12382
9.7,2.0931e+06,2313.6,11718
9.8,2.0558e+06,2317.4,11089
9.9,2.0191e+06,2321.2,10494
10,1.9831e+06,2324.9,9929.4
10.1,1.9477e+06,2328.5,9394.9
10.2,1.9129e+06,2332,8888.6
10.3,1.8788e+06,2335.4,8409.1
10.4,1.8453e+06,2338.8,7955.1
10.5,1.8124e+06,2342,7525.2
10.6,1.78e+06,2345.1,7118.2
10.7,1.7483e+06,2348.2,6732.9
10.8,1.7171e+06,2351.2,6368.2
10.9,1.6864e+06,2354.1,6023
11,1.6564e+06,2356.9,5696.2
11.1,1.6268e+06,2359.6,5387
11.2,1.5978e+06,2362.3,5094.4
11.3,1.5693e+06,2364.9,4817.5
11.4,1.5413e+06,2367.4,4555.5
11.5,1.5138e+06,2369.8,4307.6
11.6,1.4868e+06,2372.2,4073
11.7,1.4602e+06,2374.5,3851.2
11.8,1.4342e+06,2376.7,3641.3
11.9,1.4086e+06,2378.8,3442.7
12,1.3835e+06,2380.9,3255
12.1,1.3588e+06,2382.9,3077.3
12.2,1.3345e+06,2384.9,2909.4
12.3,1.3107e+06,2386.8,2750.5
12.4,1.2873e+06,2388.6,2600.2
12.5,1.2644e+06,2390.4,2458.2
12.6,1.2418e+06,2392.1,2323.8
12.7,1.2197e+06,2393.7,2196.8
12.8,1.1979e+06,2395.3,2076.6
12.9,1.1765e+06,2396.8,1963
13,1.1555e+06,2398.3,1855.6
13.1,1.1349e+06,2399.7,1754.1
13.2,1.1147e+06,2401.1,1658.1
13.3,1.0948e+06,2402.4,1567.4
13.4,1.0753e+06,2403.7,1481.6
13.5,1.0561e+06,2404.9,1400.4
13.6,1.0372e+06,2406,1323.8
13.7,1.0187e+06,2407.1,1251.3
13.8,1.0005e+06,2408.2,1182.7
13.9,9.827e+05,2409.2,1118
14,9.6516e+05,2410.2,1056.7
14.1,9.4794e+05,2411.1,998.86
14.2,9.3103e+05,2412,944.15
14.3,9.1442e+05,2412.8,892.44
14.4,8.9811e+05,2413.6,843.56
14.5,8.8208e+05,2414.3,797.36
14.6,8.6634e+05,2415,753.69
14.7,8.5089e+05,2415.7,712.42
14.8,8.3571e+05,2416.3,673.4
14.9,8.208e+05,2416.9,636.53
15,8.0615e+05,2417.4,601.68
15.1,7.9177e+05,2418,568.74
15.2,7.7764e+05,2418.4,537.61
15.3,7.6377e+05,2418.9,508.19
15.4,7.5014e+05,2419.3,480.38
15.5,7.3676e+05,2419.6,454.09
15.6,7.2361e+05,2419.9,429.25
15.7,7.107e+05,2420.2,405.77
15.8,6.9802e+05,2420.5,383.58
15.9,6.8557e+05,2420.7,362.61
16,6.7334e+05,2420.9,342.79
16.1,6.6132e+05,2421.1,324.06
16.2,6.4952e+05,2421.2,306.35
16.3,6.3794e+05,2421.3,289.61
16.4,6.2655e+05,2421.4,273.8
16.5,6.1538e+05,2421.4,258.85
16.6,6.044e+05,2421.4,244.72
16.7,5.9361e+05,2421.4,231.37
16.8,5.8302e+05,2421.4,218.74
16.9,5.7262e+05,2421.3,206.81
17,5.624e+05,2421.2,195.54
17.1,5.5237e+05,2421.1,184.88
17.2,5.4251e+05,2420.9,174.81
17.3,5.3284e+05,2420.7,165.29
17.4,5.2333e+05,2420.5,156.29
17.5,5.1399e+05,2420.3,147.78
17.6,5.0482e+05,2420.1,139.74
17.7,4.9581e+05,2419.8,132.14
17.8,4.8697e+05,2419.5,124.96
17.9,4.7828e+05,2419.2,118.17
18,4.6975e+05,2418.8,111.75
18.1,4.6137e+05,2418.5,105.68
18.2,4.5313e+05,2418.1,99.948
18.3,4.4505e+05,2417.7,94.526
18.4,4.3711e+05,2417.3,89.401
18.5,4.2931e+05,2416.8,84.556
18.6,4.2165e+05,2416.4,79.975
18.7,4.1413e+05,2415.9,75.645
18.8,4.0674e+05,2415.4,71.552
18.9,3.9948e+05,2414.9,67.682
19,3.9236e+05,2414.3,64.023
19.1,3.8536e+05,2413.8,60.564
19.2,3.7848e+05,2413.2,57.294
19.3,3.7173e+05,2412.6,54.202
19.4,3.6509e+05,2412,51.278
19.5,3.5858e+05,2411.4,48.514
19.6,3.5218e+05,2410.7,45.901
19.7,3.459e+05,2410.1,43.429
19.8,3.3973e+05,2409.4,41.093
19.9,3.3367e+05,2408.7,38.883
20,3.2771e+05,2408,36.794
20.1,3.2187e+05,2407.3,34.818
20.2,3.1612e+05,2406.5,32.949
20.3,3.1048e+05,2405.8,31.182
20.4,3.0495e+05,2405,29.511
20.5,2.995e+05,2404.2,27.931
20.6,2.9416e+05,2403.5,26.437
20.7,2.8891e+05,2402.7,25.023
20.8,2.8376e+05,2401.8,23.686
20.9,2.787e+05,2401,22.422
21,2.7372e+05,2400.2,21.226
21.1,2.6884e+05,2399.3,20.094
21.2,2.6404e+05,2398.4,19.024
21.3,2.5933e+05,2397.6,18.012
21.4,2.547e+05,2396.7,17.054
21.5,2.5016e+05,2395.8,16.148
21.6,2.457e+05,2394.9,15.291
21.7,2.4131e+05,2393.9,14.48
21.8,2.3701e+05,2393,13.713
21.9,2.3278e+05,2392.1,12.988
22,2.2863e+05,2391.1,12.301
22.1,2.2455e+05,2390.1,11.651
22.2,2.2054e+05,2389.2,11.036
22.3,2.1661e+05,2388.2,10.455
22.4,2.1274e+05,2387.2,9.9041
22.5,2.0895e+05,2386.2,9.3831
22.6,2.0522e+05,2385.2,8.89
22.7,2.0156e+05,2384.2,8.4234
22.8,1.9796e+05,2383.1,7.9818
22.9,1.9443e+05,2382.1,7.5638
23,1.9096e+05,2381,7.1681
23.1,1.8755e+05,2380,6.7936
23.2,1.8421e+05,2378.9,6.4391
23.3,1.8092e+05,2377.9,6.1035
23.4,1.7769e+05,2376.8,5.7858
23.5,1.7452e+05,2375.7,5.485
23.6,1.7141e+05,2374.6,5.2002
23.7,1.6835e+05,2373.5,4.9306
23.8,1.6535e+05,2372.4,4.6753
23.9,1.624e+05,2371.3,4.4335
24,1.595e+05,2370.1,4.2046
24.1,1.5665e+05,2369,3.9878
24.2,1.5386e+05,2367.9,3.7825
24.3,1.5111e+05,2366.7,3.588
24.4,1.4842e+05,2365.6,3.4038
24.5,1.4577e+05,2364.4,3.2293
24.6,1.4317e+05,2363.3,3.0641
24.7,1.4061e+05,2362.1,2.9075
24.8,1.3811e+05,2360.9,2.7592
24.9,1.3564e+05,2359.8,2.6187
25,1.3322e+05,2358.6,2.4856
25.1,1.3084e+05,2357.4,2.3594
25.2,1.2851e+05,2356.2,2.2399
25.3,1.2622e+05,2355,2.1266
25.4,1.2397e+05,2353.8,2.0193
25.5,1.2175e+05,2352.6,1.9175
25.6,1.1958e+05,2351.4,1.8211
25.7,1.1745e+05,2350.1,1.7297
25.8,1.1535e+05,2348.9,1.643
25.9,1.1329e+05,2347.7,1.5609
26,1.1127e+05,2346.5,1.483
26.1,1.0929e+05,2345.2,1.4092
26.2,1.0734e+05,2344,1.3392
26.3,1.0542e+05,2342.7,1.2728
26.4,1.0354e+05,2341.5,1.2098
26.5,1.0169e+05,2340.2,1.1501
26.6,99880,2339,1.0935
26.7,98098,2337.7,1.0398
26.8,96348,2336.4,0.98882
26.9,94629,2335.2,0.94054
27,92941,2333.9,0.89474
27.1,91282,2332.6,0.85127
27.2,89654,2331.3,0.81001
27.3,88054,2330.1,0.77086
27.4,86483,2328.8,0.7337
27.5,84940,2327.5,0.69843
27.6,83425,2326.2,0.66494
27.7,81936,2324.9,0.63315
27.8,80474,2323.6,0.60296
27.9,79039,2322.3,0.5743
28,77628,2321,0.54708
28.1,76243,2319.7,0.52123
28.2,74883,2318.4,0.49668
28.3,73547,2317.1,0.47336
28.4,72235,2315.8,0.45121
28.5,70946,2314.4,0.43016
28.6,69680,2313.1,0.41016
28.7,68437,2311.8,0.39116
28.8,67216,2310.5,0.3731
28.9,66017,2309.1,0.35593
29,64839,2307.8,0.33962
29.1,63682,2306.5,0.32411
29.2,62546,2305.1,0.30937
29.3,61430,2303.8,0.29535
29.4,60334,2302.5,0.28202
29.5,59258,2301.1,0.26934
29.6,58200,2299.8,0.25728
29.7,57162,2298.5,0.24581
29.8,56142,2297.1,0.2349
29.9,55141,2295.8,0.22452
30,54157,2294.4,0.21465
30.1,53190,2293.1,0.20525
30.2,52241,2291.7,0.1963
30.3,51309,2290.4,0.18779
30.4,50394,2289,0.17968
30.5,49495,2287.6,0.17196
30.6,48612,2286.3,0.16462
30.7,47744,2284.9,0.15762
30.8,46893,2283.6,0.15096
30.9,46056,2282.2,0.14461
31,45234,2280.8,0.13856
31.1,44427,2279.5,0.1328
31.2,43635,2278.1,0.12731
31.3,42856,2276.7,0.12208
31.4,42091,2275.4,0.1171
31.5,41341,2274,0.11234
31.6,40603,2272.6,0.10781
31.7,39879,2271.3,0.10349
31.8,39167,2269.9,0.099376
31.9,38468,2268.5,0.095448
32,37782,2267.1,0.091702
32.1,37108,2265.8,0.088129
32.2,36446,2264.4,0.08472
32.3,35795,2263,0.081467
32.4,35157,2261.6,0.078363
32.5,34530,2260.3,0.075401
32.6,33914,2258.9,0.072573
32.7,33308,2257.5,0.069874
32.8,32714,2256.1,0.067298
32.9,32131,2254.7,0.064838
33,31557,2253.3,0.062488
33.1,30994,2252,0.060245
33.2,30441,2250.6,0.058102
33.3,29898,2249.2,0.056055
33.4,29365,2247.8,0.054099
33.5,28841,2246.4,0.052231
33.6,28326,2245,0.050445
33.7,27821,2243.7,0.048739
33.8,27324,2242.3,0.047109
33.9,26837,2240.9,0.04555
34,26358,2239.5,0.044061
34.1,25888,2238.1,0.042637
34.2,25426,2236.7,0.041275
34.3,24972,2235.3,0.039974
34.4,24527,2234,0.03873
34.5,24089,2232.6,0.03754
34.6,23659,2231.2,0.036402
34.7,23237,2229.8,0.035315
34.8,22823,2228.4,0.034275
34.9,22416,2227,0.03328
35,22016,2225.6,0.032329
35.1,21623,2224.2,0.03142
35.2,21237,2222.8,0.03055
35.3,20858,2221.5,0.029719
35.4,20486,2220.1,0.028924
35.5,20120,2218.7,0.028165
35.6,19762,2217.3,0.027438
35.7,19409,2215.9,0.026745
35.8,19063,2214.5,0.026082
35.9,18723,2213.1,0.025448
36,18389,2211.7,0.024843
36.1,18060,2210.3,0.024266
36.2,17738,2209,0.023714
36.3,17422,2207.6,0.023188
36.4,17111,2206.2,0.022686
36.5,16806,2204.8,0.022208
36.6,16506,2203.4,0.021752
36.7,16211,2202,0.021318
36.8,15922,2200.6,0.020905
36.9,15638,2199.2,0.020512
37,15359,2197.8,0.020139
37.1,15085,2196.5,0.019784
37.2,14816,2195.1,0.019448
37.3,14551,2193.7,0.01913
37.4,14292,2192.3,0.018829
37.5,14037,2190.9,0.018545
37.6,13786,2189.5,0.018277
37.7,13540,2188.1,0.018025
37.8,13299,2186.7,0.017788
37.9,13062,2185.4,0.017567
38,12829,2184,0.01736
38.1,12600,2182.6,0.017168
38.2,12375,2181.2,0.01699
38.3,12154,2179.8,0.016826
38.4,11937,2178.4,0.016676
38.5,11724,2177,0.016539
38.6,11515,2175.7,0.016416
38.7,11310,2174.3,0.016306
38.8,11108,2172.9,0.01621
38.9,10910,2171.5,0.016126
39,10715,2170.1,0.016055
39.1,10524,2168.7,0.015998
39.2,10336,2167.4,0.015954
39.3,10152,2166,0.015923
39.4,9970.6,2164.6,0.015905
39.5,9792.7,2163.2,0.0159
39.6,9618,2161.8,0.015909
39.7,9446.4,2160.5,0.015932
39.8,9277.8,2159.1,0.015968
39.9,9112.3,2157.7,0.016019
40,8949.7,2156.3,0.016084
40.1,8790,2154.9,0.016164
40.2,8633.2,2153.6,0.01626
40.3,8479.2,2152.2,0.016371
40.4,8327.9,2150.8,0.016498
40.5,8179.3,2149.4,0.016642
40.6,8033.4,2148.1,0.016803
40.7,7890.1,2146.7,0.016982
40.8,7749.3,2145.3,0.017179
40.9,7611,2143.9,0.017397
41,7475.2,2142.6,0.017634
41.1,7341.9,2141.2,0.017893
41.2,7210.9,2139.8,0.018174
41.3,7082.2,2138.5,0.018479
41.4,6955.9,2137.1,0.018808
41.5,6831.8,2135.7,0.019163
41.6,6709.9,2134.3,0.019546
41.7,6590.2,2133,0.019958
41.8,6472.6,2131.6,0.020401
41.9,6357.1,2130.2,0.020876
42,6243.7,2128.9,0.021386
42.1,6132.3,2127.5,0.021933
42.2,6022.9,2126.1,0.02252
42.3,5915.4,2124.8,0.023149
42.4,5809.9,2123.4,0.023823
42.5,5706.2,2122,0.024544
42.6,5604.4,2120.7,0.025318
42.7,5504.4,2119.3,0.026147
42.8,5406.2,2118,0.027035
42.9,5309.8,2116.6,0.027987
43,5215,2115.2,0.029008
43.1,5122,2113.9,0.030104
43.2,5030.6,2112.5,0.031279
43.3,4940.8,2111.2,0.032541
43.4,4852.7,2109.8,0.033897
43.5,4766.1,2108.4,0.035354
43.6,4681.1,2107.1,0.036921
43.7,4597.6,2105.7,0.038607
43.8,4515.5,2104.4,0.040423
43.9,4435,2103,0.04238
44,4355.8,2101.7,0.044491
44.1,4278.1,2100.3,0.046769
44.2,4201.8,2098.9,0.049231
44.3,4126.8,2097.6,0.051892
44.4,4053.2,2096.2,0.054771
44.5,3980.9,2094.9,0.05789
44.6,3909.9,2093.5,0.061271
44.7,3840.1,2092.2,0.064941
44.8,3771.6,2090.8,0.068927
44.9,3704.3,2089.5,0.073261
45,3638.2,2088.1,0.077979
45.1,3573.3,2086.8,0.08312
45.2,3509.5,2085.5,0.088727
45.3,3446.9,2084.1,0.094851
45.4,3385.4,2082.8,0.10155
45.5,3325,2081.4,0.10887
45.6,3265.7,2080.1,0.1169
45.7,3207.4,2078.7,0.12571
45.8,3150.2,2077.4,0.13539
45.9,3094,2076.1,0.14602
46,3038.8,2074.7,0.15774
46.1,2984.6,2073.4,0.17065
46.2,2931.3,2072,0.18491
46.3,2879,2070.7,0.20066
46.4,2827.7,2069.4,0.2181
46.5,2777.2,2068,0.23742
46.6,2727.7,2066.7,0.25886
46.7,2679,2065.3,0.28268
46.8,2631.2,2064,0.30918
46.9,2584.3,2062.7,0.3387
47,2538.2,2061.3,0.37165
47.1,2492.9,2060,0.40845
47.2,2448.4,2058.7,0.44963
47.3,2404.7,2057.4,0.49577
47.4,2361.8,2056,0.54755
47.5,2319.7,2054.7,0.60573
47.6,2278.3,2053.4,0.67122
47.7,2237.6,2052,0.74504
47.8,2197.7,2050.7,0.82837
47.9,2158.5,2049.4,0.9226
48,2120,2048.1,1.0291
48.1,2082.2,2046.7,1.149
48.2,2045,2045.4,1.2849
48.3,2008.5,2044.1,1.4393
48.4,1972.7,2042.8,1.6149
48.5,1937.5,2041.4,1.8148
48.6,1902.9,2040.1,2.0429
48.7,1869,2038.8,2.3035
48.8,1835.6,2037.5,2.6017
48.9,1802.9,2036.2,2.9433
49,1770.7,2034.9,3.3353
49.1,1739.1,2033.5,3.786
49.2,1708.1,2032.2,4.3047
49.3,1677.6,2030.9,4.9027
49.4,1647.7,2029.6,5.5933
49.5,1618.3,2028.3,6.3919
49.6,1589.4,2027,7.3171
49.7,1561.1,2025.6,8.3906
49.8,1533.2,2024.3,9.6381
49.9,1505.9,2023,11.09
50,1479,2021.7,12.784
50.1,1452.6,2020.4,14.762
50.2,1426.7,2019.1,17.076
50.3,1401.2,2017.8,19.789
50.4,1376.2,2016.5,22.975
50.5,1351.7,2015.2,26.723
50.6,1327.6,2013.9,31.142
50.7,1303.9,2012.6,36.362
50.8,1280.6,2011.3,42.542
50.9,1257.8,2010,49.875
51,1235.3,2008.7,58.596
51.1,1213.3,2007.4,68.995
51.2,1191.6,2006.1,81.428
51.3,1170.4,2004.8,96.34
51.4,1149.5,2003.5,114.28
51.5,1129,2002.2,135.95
51.6,1108.8,2000.9,162.23
51.7,1089.1,1999.6,194.24
51.8,1069.6,1998.3,233.44
51.9,1050.5,1997,281.72
52,1031.8,1995.7,341.62
52.1,1013.4,1994.4,416.57
52.2,995.32,1993.1,511.2
52.3,977.56,1991.8,632.16
52.4,960.12,1990.6,788.86
52.5,942.99,1989.3,995.46
52.6,926.16,1988,1273.3
52.7,909.64,1986.7,1656.5
52.8,893.41,1985.5,2200.7
52.9,877.47,1984.2,2991.4
53,861.81,1983,4118.1
53.1,846.44,1981.7,5681.1
53.2,831.34,1980.5,7840.7
53.3,816.51,1979.2,10823
53.4,801.94,1978,14939
53.5,787.63,1976.7,20621
53.6,773.58,1975.5,28463
53.7,759.78,1974.3,39286
53.8,746.22,1973,54220
53.9,732.91,1971.8,74821
54,719.83,1970.5,1.0323e+05
54.1,706.99,1969.3,1.424e+05
54.2,694.37,1968.1,1.9638e+05
54.3,681.99,1966.8,2.707e+05
54.4,669.82,1965.6,3.7293e+05
54.5,657.87,1964.3,5.1337e+05
54.6,646.13,1963.1,7.0594e+05
54.7,634.6,1961.9,9.6934e+05
54.8,623.28,1960.6,1.3284e+06
54.9,612.16,1959.4,1.8157e+06
55,601.24,1958.2,2.4732e+06
55.1,590.51,1956.9,3.3533e+06
55.2,579.98,1955.7,4.52e+06
55.3,569.63,1954.5,6.0476e+06
55.4,559.47,1953.3,8.018e+06
55.5,549.49,1952,1.0515e+07
55.6,539.68,1950.8,1.3619e+07
55.7,530.05,1949.6,1.7394e+07
55.8,520.6,1948.4,2.1886e+07
55.9,511.31,1947.1,2.7115e+07
56,502.19,1945.9,3.3078e+07
56.1,493.23,1944.7,3.9746e+07
56.2,484.43,1943.5,4.708e+07
56.3,475.78,1942.2,5.5025e+07
56.4,467.3,1941,6.3524e+07
56.5,458.96,1939.8,7.2519e+07
56.6,450.77,1938.6,8.1951e+07
56.7,442.73,1937.4,9.1768e+07
56.8,434.83,1936.1,1.0192e+08
56.9,427.07,1934.9,1.1236e+08
57,419.45,1933.7,1.2306e+08
57.1,411.97,1932.5,1.3397e+08
57.2,404.62,1931.3,1.4507e+08
57.3,397.4,1930.1,1.5633e+08
57.4,390.31,1928.8,1.6772e+08
57.5,383.35,1927.6,1.7923e+08
57.6,376.51,1926.4,1.9083e+08
57.7,369.79,1925.2,2.0251e+08
57.8,363.19,1924,2.1425e+08
57.9,356.71,1922.8,2.2605e+08
58,350.35,1921.6,2.3788e+08
58.1,344.1,1920.4,2.4974e+08
58.2,337.96,1919.2,2.6163e+08
58.3,331.93,1918,2.7352e+08
58.4,326.01,1916.8,2.8542e+08
58.5,320.19,1915.5,2.9732e+08
58.6,314.48,1914.3,3.0921e+08
58.7,308.87,1913.1,3.2109e+08
58.8,303.36,1911.9,3.3295e+08
58.9,297.95,1910.7,3.4478e+08
59,292.63,1909.5,3.5659e+08
59.1,287.41,1908.3,3.6838e+08
59.2,282.28,1907.1,3.8012e+08
59.3,277.25,1905.9,3.9184e+08
59.4,272.3,1904.7,4.0351e+08
59.5,267.44,1903.5,4.1514e+08
59.6,262.67,1902.3,4.2674e+08
59.7,257.98,1901.2,4.3828e+08
59.8,253.38,1900,4.4978e+08
59.9,248.86,1898.8,4.6123e+08
60,244.42,1897.6,4.7264e+08
60.1,240.06,1896.4,4.8399e+08
60.2,235.78,1895.2,4.9528e+08
60.3,231.57,1894,5.0653e+08
60.4,227.44,1892.8,5.1772e+08
60.5,223.38,1891.6,5.2886e+08
60.6,219.4,1890.4,5.3994e+08
60.7,215.48,1889.2,5.5096e+08
60.8,211.64,1888,5.6193e+08
60.9,207.86,1886.9,5.7284e+08
61,204.15,1885.7,5.8369e+08
61.1,200.51,1884.5,5.9448e+08
61.2,196.93,1883.3,6.0521e+08
61.3,193.42,1882.1,6.1588e+08
61.4,189.97,1880.9,6.2649e+08
61.5,186.58,1879.8,6.3704e+08
61.6,183.25,1878.6,6.4754e+08
61.7,179.98,1877.4,6.5797e+08
61.8,176.77,1876.2,6.6833e+08
61.9,173.62,1875,6.7864e+08
62,170.52,1873.9,6.8889e+08
62.1,167.48,1872.7,6.9908e+08
62.2,164.49,1871.5,7.092e+08
62.3,161.56,1870.3,7.1927e+08
62.4,158.67,1869.2,7.2927e+08
62.5,155.84,1868,7.3921e+08
62.6,153.06,1866.8,7.4909e+08
62.7,150.33,1865.6,7.5891e+08
62.8,147.65,1864.5,7.6867e+08
62.9,145.02,1863.3,7.7836e+08
63,142.43,1862.1,7.88e+08
63.1,139.89,1861,7.9757e+08
63.2,137.39,1859.8,8.0709e+08
63.3,134.94,1858.6,8.1654e+08
63.4,132.53,1857.4,8.2594e+08
63.5,130.17,1856.3,8.3527e+08
63.6,127.85,1855.1,8.4454e+08
63.7,125.57,1853.9,8.5376e+08
63.8,123.33,1852.8,8.6291e+08
63.9,121.13,1851.6,8.7201e+08
64,118.97,1850.5,8.8104e+08
64.1,116.84,1849.3,8.9002e+08
64.2,114.76,1848.1,8.9894e+08
64.3,112.71,1847,9.078e+08
64.4,110.7,1845.8,9.166e+08
64.5,108.73,1844.7,9.2534e+08
64.6,106.79,1843.5,9.3402e+08
64.7,104.88,1842.3,9.4265e+08
64.8,103.01,1841.2,9.5122e+08
64.9,101.17,1840,9.5974e+08
65,99.367,1838.9,9.6819e+08
65.1,97.594,1837.7,9.7659e+08
65.2,95.853,1836.6,9.8494e+08
65.3,94.143,1835.4,9.9322e+08
65.4,92.464,1834.3,1.0015e+09
65.5,90.814,1833.1,1.0096e+09
65.6,89.194,1831.9,1.0178e+09
65.7,87.603,1830.8,1.0258e+09
65.8,86.04,1829.6,1.0338e+09
65.9,84.505,1828.5,1.0418e+09
66,82.998,1827.4,1.0497e+09
66.1,81.517,1826.2,1.0575e+09
66.2,80.063,1825.1,1.0653e+09
66.3,78.635,1823.9,1.0731e+09
66.4,77.232,1822.8,1.0808e+09
66.5,75.854,1821.6,1.0884e+09
66.6,74.501,1820.5,1.096e+09
66.7,73.172,1819.3,1.1035e+09
66.8,71.867,1818.2,1.111e+09
66.9,70.585,1817.1,1.1185e+09
67,69.326,1815.9,1.1258e+09
67.1,68.089,1814.8,1.1332e+09
67.2,66.874,1813.6,1.1404e+09
67.3,65.681,1812.5,1.1477e+09
67.4,64.51,1811.4,1.1548e+09
67.5,63.359,1810.2,1.162e+09
67.6,62.229,1809.1,1.1691e+09
67.7,61.119,1807.9,1.1761e+09
67.8,60.028,1806.8,1.1831e+09
67.9,58.957,1805.7,1.19e+09
68,57.906,1804.5,1.1969e+09
68.1,56.873,1803.4,1.2037e+09
68.2,55.858,1802.3,1.2105e+09
68.3,54.862,1801.1,1.2173e+09
68.4,53.883,1800,1.224e+09
68.5,52.922,1798.9,1.2306e+09
68.6,51.978,1797.8,1.2372e+09
68.7,51.051,1796.6,1.2438e+09
68.8,50.14,1795.5,1.2503e+09
68.9,49.246,1794.4,1.2567e+09
69,48.367,1793.2,1.2632e+09
69.1,47.505,1792.1,1.2695e+09
69.2,46.657,1791,1.2759e+09
69.3,45.825,1789.9,1.2822e+09
69.4,45.008,1788.8,1.2884e+09
69.5,44.205,1787.6,1.2946e+09
69.6,43.416,1786.5,1.3008e+09
69.7,42.642,1785.4,1.3069e+09
69.8,41.881,1784.3,1.3129e+09
69.9,41.134,1783.1,1.319e+09
70,40.4,1782,1.3249e+09
70.1,39.68,1780.9,1.3309e+09
70.2,38.972,1779.8,1.3368e+09
70.3,38.277,1778.7,1.3426e+09
70.4,37.594,1777.6,1.3485e+09
70.5,36.924,1776.4,1.3542e+09
70.6,36.265,1775.3,1.36e+09
70.7,35.618,1774.2,1.3657e+09
70.8,34.983,1773.1,1.3713e+09
70.9,34.359,1772,1.3769e+09
71,33.746,1770.9,1.3825e+09
71.1,33.144,1769.8,1.388e+09
71.2,32.553,1768.7,1.3935e+09
71.3,31.972,1767.5,1.399e+09
71.4,31.402,1766.4,1.4044e+09
71.5,30.842,1765.3,1.4098e+09
71.6,30.292,1764.2,1.4151e+09
71.7,29.752,1763.1,1.4204e+09
71.8,29.221,1762,1.4257e+09
71.9,28.7,1760.9,1.4309e+09
72,28.188,1759.8,1.4361e+09
72.1,27.685,1758.7,1.4413e+09
72.2,27.191,1757.6,1.4464e+09
72.3,26.706,1756.5,1.4515e+09
72.4,26.23,1755.4,1.4565e+09
72.5,25.762,1754.3,1.4615e+09
72.6,25.303,1753.2,1.4665e+09
72.7,24.852,1752.1,1.4715e+09
72.8,24.408,1751,1.4764e+09
72.9,23.973,1749.9,1.4812e+09
73,23.545,1748.8,1.4861e+09
73.1,23.126,1747.7,1.4909e+09
73.2,22.713,1746.6,1.4956e+09
73.3,22.308,1745.5,1.5004e+09
73.4,21.91,1744.4,1.5051e+09
73.5,21.52,1743.3,1.5097e+09
73.6,21.136,1742.2,1.5144e+09
73.7,20.759,1741.1,1.519e+09
73.8,20.389,1740,1.5235e+09
73.9,20.025,1739,1.5281e+09
74,19.668,1737.9,1.5326e+09
74.1,19.317,1736.8,1.537e+09
74.2,18.973,1735.7,1.5415e+09
74.3,18.634,1734.6,1.5459e+09
74.4,18.302,1733.5,1.5502e+09
74.5,17.976,1732.4,1.5546e+09
74.6,17.655,1731.3,1.5589e+09
74.7,17.34,1730.3,1.5632e+09
74.8,17.031,1729.2,1.5674e+09
74.9,16.727,1728.1,1.5716e+09
75,16.429,1727,1.5758e+09
75.1,16.136,1725.9,1.58e+09
75.2,15.849,1724.8,1.5841e+09
75.3,15.566,1723.8,1.5882e+09
75.4,15.288,1722.7,1.5923e+09
75.5,15.016,1721.6,1.5963e+09
75.6,14.748,1720.5,1.6003e+09
75.7,14.485,1719.4,1.6043e+09
75.8,14.227,1718.4,1.6083e+09
75.9,13.973,1717.3,1.6122e+09
76,13.724,1716.2,1.6161e+09
76.1,13.479,1715.1,1.62e+09
76.2,13.239,1714.1,1.6238e+09
76.3,13.003,1713,1.6276e+09
76.4,12.771,1711.9,1.6314e+09
76.5,12.543,1710.8,1.6352e+09
76.6,12.32,1709.8,1.6389e+09
76.7,12.1,1708.7,1.6426e+09
76.8,11.885,1707.6,1.6463e+09
76.9,11.673,1706.6,1.65e+09
77,11.465,1705.5,1.6536e+09
77.1,11.26,1704.4,1.6572e+09
77.2,11.059,1703.4,1.6608e+09
77.3,10.862,1702.3,1.6643e+09
77.4,10.669,1701.2,1.6678e+09
77.5,10.478,1700.2,1.6713e+09
77.6,10.292,1699.1,1.6748e+09
77.7,10.108,1698,1.6782e+09
77.8,9.9281,1697,1.6817e+09
77.9,9.7511,1695.9,1.6851e+09
78,9.5773,1694.8,1.6884e+09
78.1,9.4066,1693.8,1.6918e+09
78.2,9.2389,1692.7,1.6951e+09
78.3,9.0743,1691.7,1.6984e+09
78.4,8.9125,1690.6,1.7017e+09
78.5,8.7537,1689.5,1.705e+09
78.6,8.5977,1688.5,1.7082e+09
78.7,8.4445,1687.4,1.7114e+09
78.8,8.294,1686.4,1.7146e+09
78.9,8.1461,1685.3,1.7177e+09
79,8.001,1684.3,1.7209e+09
79.1,7.8584,1683.2,1.724e+09
79.2,7.7184,1682.1,1.7271e+09
79.3,7.5808,1681.1,1.7302e+09
79.4,7.4457,1680,1.7332e+09
79.5,7.313,1679,1.7362e+09
79.6,7.1827,1677.9,1.7392e+09
79.7,7.0548,1676.9,1.7422e+09
79.8,6.9291,1675.8,1.7452e+09
79.9,6.8056,1674.8,1.7481e+09
80,6.6843,1673.7,1.7511e+09
80.1,6.5652,1672.7,1.7539e+09
80.2,6.4483,1671.6,1.7568e+09
80.3,6.3334,1670.6,1.7597e+09
80.4,6.2206,1669.5,1.7625e+09
80.5,6.1097,1668.5,1.7653e+09
80.6,6.0009,1667.5,1.7681e+09
80.7,5.894,1666.4,1.7709e+09
80.8,5.789,1665.4,1.7737e+09
80.9,5.6859,1664.3,1.7764e+09
81,5.5846,1663.3,1.7791e+09
81.1,5.4851,1662.2,1.7818e+09
81.2,5.3874,1661.2,1.7845e+09
81.3,5.2915,1660.2,1.7871e+09
81.4,5.1972,1659.1,1.7898e+09
81.5,5.1047,1658.1,1.7924e+09
81.6,5.0138,1657.1,1.795e+09
81.7,4.9245,1656,1.7976e+09
81.8,4.8368,1655,1.8001e+09
81.9,4.7506,1653.9,1.8027e+09
82,4.6661,1652.9,1.8052e+09
82.1,4.583,1651.9,1.8077e+09
82.2,4.5014,1650.8,1.8102e+09
82.3,4.4212,1649.8,1.8127e+09
82.4,4.3425,1648.8,1.8151e+09
82.5,4.2652,1647.7,1.8176e+09
82.6,4.1893,1646.7,1.82e+09
82.7,4.1147,1645.7,1.8224e+09
82.8,4.0414,1644.7,1.8248e+09
82.9,3.9695,1643.6,1.8271e+09
83,3.8988,1642.6,1.8295e+09
83.1,3.8294,1641.6,1.8318e+09
83.2,3.7613,1640.5,1.8341e+09
83.3,3.6943,1639.5,1.8364e+09
83.4,3.6286,1638.5,1.8387e+09
83.5,3.564,1637.5,1.841e+09
83.6,3.5006,1636.4,1.8432e+09
83.7,3.4383,1635.4,1.8455e+09
83.8,3.3771,1634.4,1.8477e+09
83.9,3.317,1633.4,1.8499e+09
84,3.258,1632.3,1.852e+09
84.1,3.2,1631.3,1.8542e+09
84.2,3.1431,1630.3,1.8564e+09
84.3,3.0872,1629.3,1.8585e+09
84.4,3.0323,1628.3,1.8606e+09
84.5,2.9783,1627.3,1.8627e+09
84.6,2.9253,1626.2,1.8648e+09
84.7,2.8733,1625.2,1.8669e+09
84.8,2.8222,1624.2,1.869e+09
84.9,2.772,1623.2,1.871e+09
85,2.7227,1622.2,1.873e+09
85.1,2.6743,1621.2,1.8751e+09
85.2,2.6267,1620.1,1.8771e+09
85.3,2.58,1619.1,1.879e+09
85.4,2.5342,1618.1,1.881e+09
85.5,2.4891,1617.1,1.883e+09
85.6,2.4449,1616.1,1.8849e+09
85.7,2.4014,1615.1,1.8868e+09
85.8,2.3587,1614.1,1.8888e+09
85.9,2.3168,1613.1,1.8907e+09
86,2.2756,1612.1,1.8925e+09
86.1,2.2352,1611,1.8944e+09
86.2,2.1955,1610,1.8963e+09
86.3,2.1565,1609,1.8981e+09
86.4,2.1181,1608,1.9e+09
86.5,2.0805,1607,1.9018e+09
86.6,2.0435,1606,1.9036e+09
86.7,2.0072,1605,1.9054e+09
86.8,1.9716,1604,1.9072e+09
86.9,1.9366,1603,1.9089e+09
87,1.9022,1602,1.9107e+09
87.1,1.8684,1601,1.9124e+09
87.2,1.8352,1600,1.9142e+09
87.3,1.8026,1599,1.9159e+09
87.4,1.7706,1598,1.9176e+09
87.5,1.7392,1597,1.9193e+09
87.6,1.7083,1596,1.921e+09
87.7,1.678,1595,1.9226e+09
87.8,1.6482,1594,1.9243e+09
87.9,1.619,1593,1.9259e+09
88,1.5903,1592,1.9276e+09
88.1,1.562,1591,1.9292e+09
88.2,1.5343,1590,1.9308e+09
88.3,1.5071,1589,1.9324e+09
88.4,1.4804,1588,1.934e+09
88.5,1.4541,1587.1,1.9355e+09
88.6,1.4283,1586.1,1.9371e+09
88.7,1.403,1585.1,1.9387e+09
88.8,1.3781,1584.1,1.9402e+09
88.9,1.3537,1583.1,1.9417e+09
89,1.3297,1582.1,1.9432e+09
89.1,1.3061,1581.1,1.9447e+09
89.2,1.283,1580.1,1.9462e+09
89.3,1.2603,1579.1,1.9477e+09
89.4,1.2379,1578.2,1.9492e+09
89.5,1.216,1577.2,1.9507e+09
89.6,1.1945,1576.2,1.9521e+09
89.7,1.1733,1575.2,1.9536e+09
89.8,1.1525,1574.2,1.955e+09
89.9,1.1321,1573.2,1.9564e+09
90,1.1121,1572.3,1.9578e+09
90.1,1.0924,1571.3,1.9592e+09
90.2,1.0731,1570.3,1.9606e+09
90.3,1.0541,1569.3,1.962e+09
90.4,1.0354,1568.3,1.9634e+09
90.5,1.0171,1567.3,1.9647e+09
90.6,0.99911,1566.4,1.9661e+09
90.7,0.98144,1565.4,1.9674e+09
90.8,0.96409,1564.4,1.9687e+09
90.9,0.94704,1563.4,1.9701e+09
91,0.9303,1562.5,1.9714e+09
91.1,0.91386,1561.5,1.9727e+09
91.2,0.89771,1560.5,1.974e+09
91.3,0.88184,1559.5,1.9753e+09
91.4,0.86627,1558.6,1.9765e+09
91.5,0.85096,1557.6,1.9778e+09
91.6,0.83594,1556.6,1.979e+09
91.7,0.82118,1555.6,1.9803e+09
91.8,0.80668,1554.7,1.9815e+09
91.9,0.79244,1553.7,1.9828e+09
92,0.77846,1552.7,1.984e+09
92.1,0.76472,1551.8,1.9852e+09
92.2,0.75123,1550.8,1.9864e+09
92.3,0.73798,1549.8,1.9876e+09
92.4,0.72497,1548.9,1.9888e+09
92.5,0.71219,1547.9,1.9899e+09
92.6,0.69963,1546.9,1.9911e+09
92.7,0.68731,1546,1.9923e+09
92.8,0.6752,1545,1.9934e+09
92.9,0.6633,1544,1.9946e+09
93,0.65162,1543.1,1.9957e+09
93.1,0.64015,1542.1,1.9968e+09
93.2,0.62888,1541.1,1.9979e+09
93.3,0.61781,1540.2,1.999e+09
93.4,0.60694,1539.2,2.0001e+09
93.5,0.59627,1538.3,2.0012e+09
93.6,0.58578,1537.3,2.0023e+09
93.7,0.57548,1536.3,2.0034e+09
93.8,0.56537,1535.4,2.0045e+09
93.9,0.55543,1534.4,2.0055e+09
94,0.54567,1533.5,2.0066e+09
94.1,0.53609,1532.5,2.0076e+09
94.2,0.52668,1531.6,2.0087e+09
94.3,0.51743,1530.6,2.0097e+09
94.4,0.50835,1529.6,2.0107e+09
94.5,0.49943,1528.7,2.0117e+09
94.6,0.49067,1527.7,2.0127e+09
94.7,0.48207,1526.8,2.0137e+09
94.8,0.47362,1525.8,2.0147e+09
94.9,0.46532,1524.9,2.0157e+09
95,0.45717,1523.9,2.0167e+09
95.1,0.44917,1523,2.0177e+09
95.2,0.4413,1522,2.0186e+09
95.3,0.43358,1521.1,2.0196e+09
95.4,0.426,1520.1,2.0205e+09
95.5,0.41855,1519.2,2.0215e+09
95.6,0.41123,1518.2,2.0224e+09
95.7,0.40404,1517.3,2.0234e+09
95.8,0.39698,1516.3,2.0243e+09
95.9,0.39005,1515.4,2.0252e+09
96,0.38324,1514.5,2.0261e+09
96.1,0.37655,1513.5,2.027e+09
96.2,0.36999,1512.6,2.0279e+09
96.3,0.36353,1511.6,2.0288e+09
96.4,0.3572,1510.7,2.0297e+09
96.5,0.35098,1509.7,2.0306e+09
96.6,0.34486,1508.8,2.0314e+09
96.7,0.33886,1507.9,2.0323e+09
96.8,0.33296,1506.9,2.0332e+09
96.9,0.32717,1506,2.034e+09
97,0.32148,1505,2.0349e+09
97.1,0.3159,1504.1,2.0357e+09
97.2,0.31041,1503.2,2.0365e+09
97.3,0.30502,1502.2,2.0374e+09
97.4,0.29973,1501.3,2.0382e+09
97.5,0.29453,1500.3,2.039e+09
97.6,0.28942,1499.4,2.0398e+09
97.7,0.28441,1498.5,2.0406e+09
97.8,0.27948,1497.5,2.0414e+09
97.9,0.27464,1496.6,2.0422e+09
98,0.26989,1495.7,2.043e+09
98.1,0.26522,1494.7,2.0438e+09
98.2,0.26064,1493.8,2.0445e+09
98.3,0.25614,1492.9,2.0453e+09
98.4,0.25172,1492,2.0461e+09
98.5,0.24737,1491,2.0468e+09
98.6,0.24311,1490.1,2.0476e+09
98.7,0.23892,1489.2,2.0483e+09
98.8,0.2348,1488.2,2.0491e+09
98.9,0.23076,1487.3,2.0498e+09
99,0.22679,1486.4,2.0505e+09
99.1,0.22289,1485.5,2.0513e+09
99.2,0.21906,1484.5,2.052e+09
99.3,0.2153,1483.6,2.0527e+09
99.4,0.21161,1482.7,2.0534e+09
99.5,0.20798,1481.8,2.0541e+09
99.6,0.20441,1480.8,2.0548e+09
99.7,0.20091,1479.9,2.0555e+09
99.8,0.19748,1479,2.0562e+09
99.9,0.1941,1478.1,2.0569e+09
100,0.19078,1477.2,2.0576e+09
100.1,0.18753,1476.2,2.0582e+09
100.2,0.18433,1475.3,2.0589e+09
100.3,0.18118,1474.4,2.0596e+09
100.4,0.1781,1473.5,2.0602e+09
100.5,0.17507,1472.6,2.0609e+09
100.6,0.17209,1471.6,2.0615e+09
100.7,0.16916,1470.7,2.0622e+09
100.8,0.16629,1469.8,2.0628e+09
100.9,0.16347,1468.9,2.0635e+09
101,0.1607,1468,2.0641e+09
101.1,0.15798,1467.1,2.0647e+09
101.2,0.1553,1466.1,2.0653e+09
101.3,0.15268,1465.2,2.066e+09
101.4,0.1501,1464.3,2.0666e+09
101.5,0.14757,1463.4,2.0672e+09
101.6,0.14508,1462.5,2.0678e+09
101.7,0.14263,1461.6,2.0684e+09
101.8,0.14023,1460.7,2.069e+09
101.9,0.13788,1459.8,2.0696e+09
102,0.13556,1458.9,2.0702e+09
102.1,0.13329,1458,2.0707e+09
102.2,0.13105,1457,2.0713e+09
102.3,0.12886,1456.1,2.0719e+09
102.4,0.12671,1455.2,2.0725e+09
102.5,0.12459,1454.3,2.073e+09
102.6,0.12251,1453.4,2.0736e+09
102.7,0.12047,1452.5,2.0741e+09
102.8,0.11846,1451.6,2.0747e+09
102.9,0.11649,1450.7,2.0752e+09
103,0.11456,1449.8,2.0758e+09
103.1,0.11266,1448.9,2.0763e+09
103.2,0.11079,1448,2.0769e+09
103.3,0.10896,1447.1,2.0774e+09
103.4,0.10716,1446.2,2.0779e+09
103.5,0.10539,1445.3,2.0785e+09
103.6,0.10365,1444.4,2.079e+09
103.7,0.10195,1443.5,2.0795e+09
103.8,0.10027,1442.6,2.08e+09
103.9,0.098625,1441.7,2.0805e+09
104,0.097008,1440.8,2.081e+09
104.1,0.09542,1439.9,2.0815e+09
104.2,0.09386,1439,2.082e+09
104.3,0.092328,1438.1,2.0825e+09
104.4,0.090823,1437.2,2.083e+09
104.5,0.089345,1436.3,2.0835e+09
104.6,0.087893,1435.4,2.084e+09
104.7,0.086467,1434.5,2.0845e+09
104.8,0.085067,1433.7,2.085e+09
104.9,0.083691,1432.8,2.0854e+09
105,0.08234,1431.9,2.0859e+09
105.1,0.081013,1431,2.0864e+09
105.2,0.079709,1430.1,2.0868e+09
105.3,0.078429,1429.2,2.0873e+09
105.4,0.077171,1428.3,2.0878e+09
105.5,0.075936,1427.4,2.0882e+09
105.6,0.074722,1426.5,2.0887e+09
105.7,0.07353,1425.6,2.0891e+09
105.8,0.07236,1424.8,2.0895e+09
105.9,0.07121,1423.9,2.09e+09
106,0.070081,1423,2.0904e+09
106.1,0.068971,1422.1,2.0909e+09
106.2,0.067882,1421.2,2.0913e+09
106.3,0.066811,1420.3,2.0917e+09
106.4,0.06576,1419.5,2.0921e+09
106.5,0.064727,1418.6,2.0926e+09
106.6,0.063713,1417.7,2.093e+09
106.7,0.062717,1416.8,2.0934e+09
106.8,0.061738,1415.9,2.0938e+09
106.9,0.060777,1415,2.0942e+09
107,0.059833,1414.2,2.0946e+09
107.1,0.058905,1413.3,2.095e+09
107.2,0.057994,1412.4,2.0954e+09
107.3,0.0571,1411.5,2.0958e+09
107.4,0.056221,1410.6,2.0962e+09
107.5,0.055357,1409.8,2.0966e+09
107.6,0.054509,1408.9,2.097e+09
107.7,0.053677,1408,2.0974e+09
107.8,0.052858,1407.1,2.0978e+09
107.9,0.052055,1406.3,2.0982e+09
108,0.051265,1405.4,2.0985e+09
108.1,0.05049,1404.5,2.0989e+09
108.2,0.049728,1403.7,2.0993e+09
108.3,0.04898,1402.8,2.0997e+09
108.4,0.048245,1401.9,2.1e+09
108.5,0.047523,1401,2.1004e+09
108.6,0.046814,1400.2,2.1008e+09
108.7,0.046118,1399.3,2.1011e+09
108.8,0.045433,1398.4,2.1015e+09
108.9,0.044761,1397.6,2.1018e+09
109,0.044101,1396.7,2.1022e+09
109.1,0.043453,1395.8,2.1025e+09
109.2,0.042816,1395,2.1029e+09
109.3,0.04219,1394.1,2.1032e+09
109.4,0.041576,1393.2,2.1036e+09
109.5,0.040972,1392.4,2.1039e+09
109.6,0.040379,1391.5,2.1042e+09
109.7,0.039796,1390.6,2.1046e+09
109.8,0.039224,1389.8,2.1049e+09
109.9,0.038662,1388.9,2.1052e+09
110,0.03811,1388,2.1056e+09
110.1,0.037567,1387.2,2.1059e+09
110.2,0.037034,1386.3,2.1062e+09
110.3,0.036511,1385.4,2.1065e+09
110.4,0.035997,1384.6,2.1068e+09
110.5,0.035492,1383.7,2.1072e+09
110.6,0.034996,1382.9,2.1075e+09
110.7,0.034508,1382,2.1078e+09
110.8,0.03403,1381.2,2.1081e+09
110.9,0.033559,1380.3,2.1084e+09
111,0.033097,1379.4,2.1087e+09
111.1,0.032643,1378.6,2.109e+09
111.2,0.032198,1377.7,2.1093e+09
111.3,0.03176,1376.9,2.1096e+09
111.4,0.031329,1376,2.1099e+09
111.5,0.030907,1375.2,2.1102e+09
111.6,0.030492,1374.3,2.1105e+09
111.7,0.030084,1373.5,2.1108e+09
111.8,0.029683,1372.6,2.111e+09
111.9,0.029289,1371.7,2.1113e+09
112,0.028903,1370.9,2.1116e+09
112.1,0.028523,1370,2.1119e+09
112.2,0.02815,1369.2,2.1122e+09
112.3,0.027783,1368.3,2.1125e+09
112.4,0.027423,1367.5,2.1127e+09
112.5,0.027069,1366.6,2.113e+09
112.6,0.026722,1365.8,2.1133e+09
112.7,0.02638,1364.9,2.1135e+09
112.8,0.026045,1364.1,2.1138e+09
112.9,0.025715,1363.3,2.1141e+09
113,0.025392,1362.4,2.1143e+09
113.1,0.025074,1361.6,2.1146e+09
113.2,0.024761,1360.7,2.1148e+09
113.3,0.024454,1359.9,2.1151e+09
113.4,0.024153,1359,2.1154e+09
113.5,0.023856,1358.2,2.1156e+09
113.6,0.023565,1357.3,2.1159e+09
113.7,0.023279,1356.5,2.1161e+09
113.8,0.022998,1355.7,2.1164e+09
113.9,0.022722,1354.8,2.1166e+09
114,0.022451,1354,2.1168e+09
114.1,0.022185,1353.1,2.1171e+09
114.2,0.021923,1352.3,2.1173e+09
114.3,0.021666,1351.5,2.1176e+09
114.4,0.021413,1350.6,2.1178e+09
114.5,0.021165,1349.8,2.118e+09
114.6,0.020921,1348.9,2.1183e+09
114.7,0.020681,1348.1,2.1185e+09
114.8,0.020446,1347.3,2.1187e+09
114.9,0.020215,1346.4,2.119e+09
115,0.019987,1345.6,2.1192e+09
115.1,0.019764,1344.8,2.1194e+09
115.2,0.019545,1343.9,2.1196e+09
115.3,0.019329,1343.1,2.1199e+09
115.4,0.019117,1342.3,2.1201e+09
115.5,0.018909,1341.4,2.1203e+09
115.6,0.018705,1340.6,2.1205e+09
115.7,0.018504,1339.8,2.1207e+09
115.8,0.018306,1338.9,2.1209e+09
115.9,0.018113,1338.1,2.1212e+09
116,0.017922,1337.3,2.1214e+09
116.1,0.017735,1336.4,2.1216e+09
116.2,0.017551,1335.6,2.1218e+09
116.3,0.01737,1334.8,2.122e+09
116.4,0.017192,1334,2.1222e+09
116.5,0.017018,1333.1,2.1224e+09
116.6,0.016846,1332.3,2.1226e+09
116.7,0.016678,1331.5,2.1228e+09
116.8,0.016512,1330.7,2.123e+09
116.9,0.016349,1329.8,2.1232e+09
117,0.016189,1329,2.1234e+09
117.1,0.016032,1328.2,2.1236e+09
117.2,0.015878,1327.4,2.1238e+09
117.3,0.015726,1326.5,2.124e+09
117.4,0.015577,1325.7,2.1242e+09
117.5,0.01543,1324.9,2.1243e+09
117.6,0.015286,1324.1,2.1245e+09
117.7,0.015145,1323.3,2.1247e+09
117.8,0.015005,1322.4,2.1249e+09
117.9,0.014869,1321.6,2.1251e+09
118,0.014734,1320.8,2.1253e+09
118.1,0.014602,1320,2.1255e+09
118.2,0.014473,1319.2,2.1256e+09
118.3,0.014345,1318.3,2.1258e+09
118.4,0.01422,1317.5,2.126e+09
118.5,0.014097,1316.7,2.1262e+09
118.6,0.013976,1315.9,2.1263e+09
118.7,0.013857,1315.1,2.1265e+09
118.8,0.01374,1314.3,2.1267e+09
118.9,0.013625,1313.4,2.1268e+09
119,0.013512,1312.6,2.127e+09
119.1,0.013401,1311.8,2.1272e+09
119.2,0.013292,1311,2.1274e+09
119.3,0.013184,1310.2,2.1275e+09
119.4,0.013079,1309.4,2.1277e+09
119.5,0.012975,1308.6,2.1278e+09
119.6,0.012873,1307.8,2.128e+09
119.7,0.012773,1306.9,2.1282e+09
119.8,0.012675,1306.1,2.1283e+09
119.9,0.012578,1305.3,2.1285e+09
120,0.012483,1304.5,2.1286e+09
120.1,0.01239,1303.7,2.1288e+09
120.2,0.012298,1302.9,2.129e+09
120.3,0.012207,1302.1,2.1291e+09
120.4,0.012119,1301.3,2.1293e+09
120.5,0.012031,1300.5,2.1294e+09
120.6,0.011946,1299.7,2.1296e+09
120.7,0.011861,1298.9,2.1297e+09
120.8,0.011778,1298.1,2.1299e+09
120.9,0.011697,1297.3,2.13e+09
121,0.011617,1296.5,2.1302e+09
121.1,0.011538,1295.7,2.1303e+09
121.2,0.01146,1294.9,2.1304e+09
121.3,0.011384,1294.1,2.1306e+09
121.4,0.011309,1293.3,2.1307e+09
121.5,0.011236,1292.5,2.1309e+09
121.6,0.011163,1291.7,2.131e+09
121.7,0.011092,1290.9,2.1311e+09
121.8,0.011022,1290.1,2.1313e+09
121.9,0.010953,1289.3,2.1314e+09
122,0.010885,1288.5,2.1316e+09
122.1,0.010819,1287.7,2.1317e+09
122.2,0.010753,1286.9,2.1318e+09
122.3,0.010689,1286.1,2.132e+09
122.4,0.010626,1285.3,2.1321e+09
122.5,0.010563,1284.5,2.1322e+09
122.6,0.010502,1283.7,2.1323e+09
122.7,0.010442,1282.9,2.1325e+09
122.8,0.010383,1282.1,2.1326e+09
122.9,0.010325,1281.3,2.1327e+09
123,0.010267,1280.5,2.1329e+09
123.1,0.010211,1279.7,2.133e+09
123.2,0.010156,1278.9,2.1331e+09
123.3,0.010101,1278.1,2.1332e+09
123.4,0.010048,1277.3,2.1334e+09
123.5,0.0099949,1276.6,2.1335e+09
123.6,0.009943,1275.8,2.1336e+09
123.7,0.009892,1275,2.1337e+09
123.8,0.0098419,1274.2,2.1338e+09
123.9,0.0097925,1273.4,2.134e+09
124,0.0097439,1272.6,2.1341e+09
124.1,0.0096962,1271.8,2.1342e+09
124.2,0.0096492,1271,2.1343e+09
124.3,0.009603,1270.2,2.1344e+09
124.4,0.0095575,1269.5,2.1345e+09
124.5,0.0095127,1268.7,2.1346e+09
124.6,0.0094687,1267.9,2.1348e+09
124.7,0.0094254,1267.1,2.1349e+09
124.8,0.0093828,1266.3,2.135e+09
124.9,0.0093408,1265.5,2.1351e+09
125,0.0092995,1264.8,2.1352e+09
125.1,0.0092589,1264,2.1353e+09
125.2,0.009219,1263.2,2.1354e+09
125.3,0.0091796,1262.4,2.1355e+09
125.4,0.0091409,1261.6,2.1356e+09
125.5,0.0091028,1260.9,2.1357e+09
125.6,0.0090653,1260.1,2.1358e+09
125.7,0.0090284,1259.3,2.1359e+09
125.8,0.0089921,1258.5,2.136e+09
125.9,0.0089564,1257.7,2.1361e+09
126,0.0089212,1257,2.1362e+09
126.1,0.0088866,1256.2,2.1363e+09
126.2,0.0088525,1255.4,2.1364e+09
126.3,0.0088189,1254.6,2.1365e+09
126.4,0.0087859,1253.9,2.1366e+09
126.5,0.0087533,1253.1,2.1367e+09
126.6,0.0087213,1252.3,2.1368e+09
126.7,0.0086898,1251.5,2.1369e+09
126.8,0.0086587,1250.8,2.137e+09
126.9,0.0086282,1250,2.1371e+09
127,0.0085981,1249.2,2.1372e+09
127.1,0.0085684,1248.4,2.1373e+09
127.2,0.0085392,1247.7,2.1374e+09
127.3,0.0085105,1246.9,2.1375e+09
127.4,0.0084822,1246.1,2.1376e+09
127.5,0.0084543,1245.4,2.1377e+09
127.6,0.0084269,1244.6,2.1378e+09
127.7,0.0083998,1243.8,2.1379e+09
127.8,0.0083732,1243,2.1379e+09
127.9,0.008347,1242.3,2.138e+09
128,0.0083211,1241.5,2.1381e+09
128.1,0.0082957,1240.7,2.1382e+09
128.2,0.0082706,1240,2.1383e+09
128.3,0.0082459,1239.2,2.1384e+09
128.4,0.0082215,1238.4,2.1385e+09
128.5,0.0081975,1237.7,2.1385e+09
128.6,0.0081739,1236.9,2.1386e+09
128.7,0.0081506,1236.2,2.1387e+09
128.8,0.0081277,1235.4,2.1388e+09
128.9,0.008105,1234.6,2.1389e+09
129,0.0080828,1233.9,2.139e+09
129.1,0.0080608,1233.1,2.139e+09
129.2,0.0080391,1232.3,2.1391e+09
129.3,0.0080178,1231.6,2.1392e+09
129.4,0.0079968,1230.8,2.1393e+09
129.5,0.007976,1230.1,2.1394e+09
129.6,0.0079556,1229.3,2.1394e+09
129.7,0.0079355,1228.5,2.1395e+09
129.8,0.0079156,1227.8,2.1396e+09
129.9,0.007896,1227,2.1397e+09
130,0.0078767,1226.3,2.1397e+09
130.1,0.0078577,1225.5,2.1398e+09
130.2,0.0078389,1224.7,2.1399e+09
130.3,0.0078204,1224,2.14e+09
130.4,0.0078021,1223.2,2.14e+09
130.5,0.0077841,1222.5,2.1401e+09
130.6,0.0077663,1221.7,2.1402e+09
130.7,0.0077488,1221,2.1402e+09
130.8,0.0077315,1220.2,2.1403e+09
130.9,0.0077145,1219.5,2.1404e+09
131,0.0076977,1218.7,2.1405e+09
131.1,0.0076811,1218,2.1405e+09
131.2,0.0076647,1217.2,2.1406e+09
131.3,0.0076485,1216.5,2.1407e+09
131.4,0.0076326,1215.7,2.1407e+09
131.5,0.0076169,1215,2.1408e+09
131.6,0.0076013,1214.2,2.1409e+09
131.7,0.007586,1213.5,2.1409e+09
131.8,0.0075709,1212.7,2.141e+09
131.9,0.007556,1212,2.1411e+09
132,0.0075412,1211.2,2.1411e+09
132.1,0.0075267,1210.5,2.1412e+09
132.2,0.0075123,1209.7,2.1413e+09
132.3,0.0074981,1209,2.1413e+09
132.4,0.0074841,1208.2,2.1414e+09
132.5,0.0074703,1207.5,2.1415e+09
132.6,0.0074567,1206.7,2.1415e+09
132.7,0.0074432,1206,2.1416e+09
132.8,0.0074299,1205.2,2.1416e+09
132.9,0.0074167,1204.5,2.1417e+09
133,0.0074037,1203.8,2.1418e+09
133.1,0.0073909,1203,2.1418e+09
133.2,0.0073782,1202.3,2.1419e+09
133.3,0.0073657,1201.5,2.1419e+09
133.4,0.0073533,1200.8,2.142e+09
133.5,0.0073411,1200.1,2.1421e+09
133.6,0.007329,1199.3,2.1421e+09
133.7,0.0073171,1198.6,2.1422e+09
133.8,0.0073053,1197.8,2.1422e+09
133.9,0.0072936,1197.1,2.1423e+09
134,0.0072821,1196.4,2.1423e+09
134.1,0.0072707,1195.6,2.1424e+09
134.2,0.0072594,1194.9,2.1425e+09
134.3,0.0072483,1194.1,2.1425e+09
134.4,0.0072373,1193.4,2.1426e+09
134.5,0.0072264,1192.7,2.1426e+09
134.6,0.0072156,1191.9,2.1427e+09
134.7,0.007205,1191.2,2.1427e+09
134.8,0.0071944,1190.5,2.1428e+09
134.9,0.007184,1189.7,2.1428e+09
135,0.0071737,1189,2.1429e+09
135.1,0.0071635,1188.3,2.1429e+09
135.2,0.0071535,1187.5,2.143e+09
135.3,0.0071435,1186.8,2.143e+09
135.4,0.0071336,1186.1,2.1431e+09
135.5,0.0071238,1185.3,2.1431e+09
135.6,0.0071142,1184.6,2.1432e+09
135.7,0.0071046,1183.9,2.1432e+09
135.8,0.0070952,1183.1,2.1433e+09
135.9,0.0070858,1182.4,2.1433e+09
136,0.0070765,1181.7,2.1434e+09
136.1,0.0070673,1181,2.1434e+09
136.2,0.0070582,1180.2,2.1435e+09
136.3,0.0070492,1179.5,2.1435e+09
136.4,0.0070403,1178.8,2.1436e+09
136.5,0.0070315,1178.1,2.1436e+09
136.6,0.0070228,1177.3,2.1437e+09
136.7,0.0070141,1176.6,2.1437e+09
136.8,0.0070056,1175.9,2.1438e+09
136.9,0.0069971,1175.2,2.1438e+09
137,0.0069887,1174.4,2.1439e+09
137.1,0.0069803,1173.7,2.1439e+09
137.2,0.0069721,1173,2.1439e+09
137.3,0.0069639,1172.3,2.144e+09
137.4,0.0069558,1171.5,2.144e+09
137.5,0.0069477,1170.8,2.1441e+09
137.6,0.0069398,1170.1,2.1441e+09
137.7,0.0069319,1169.4,2.1442e+09
137.8,0.0069241,1168.7,2.1442e+09
137.9,0.0069163,1167.9,2.1442e+09
138,0.0069086,1167.2,2.1443e+09
138.1,0.006901,1166.5,2.1443e+09
138.2,0.0068935,1165.8,2.1444e+09
138.3,0.006886,1165.1,2.1444e+09
138.4,0.0068785,1164.3,2.1445e+09
138.5,0.0068712,1163.6,2.1445e+09
138.6,0.0068639,1162.9,2.1445e+09
138.7,0.0068566,1162.2,2.1446e+09
138.8,0.0068494,1161.5,2.1446e+09
138.9,0.0068423,1160.8,2.1447e+09
139,0.0068352,1160,2.1447e+09
139.1,0.0068282,1159.3,2.1447e+09
139.2,0.0068212,1158.6,2.1448e+09
139.3,0.0068143,1157.9,2.1448e+09
139.4,0.0068075,1157.2,2.1448e+09
139.5,0.0068007,1156.5,2.1449e+09
139.6,0.0067939,1155.8,2.1449e+09
139.7,0.0067872,1155.1,2.145e+09
139.8,0.0067805,1154.3,2.145e+09
139.9,0.0067739,1153.6,2.145e+09
140,0.0067674,1152.9,2.1451e+09
140.1,0.0067609,1152.2,2.1451e+09
140.2,0.0067544,1151.5,2.1451e+09
140.3,0.006748,1150.8,2.1452e+09
140.4,0.0067416,1150.1,2.1452e+09
140.5,0.0067353,1149.4,2.1452e+09
140.6,0.006729,1148.7,2.1453e+09
140.7,0.0067227,1148,2.1453e+09
140.8,0.0067165,1147.3,2.1453e+09
140.9,0.0067103,1146.6,2.1454e+09
141,0.0067042,1145.9,2.1454e+09
141.1,0.0066981,1145.1,2.1455e+09
141.2,0.0066921,1144.4,2.1455e+09
141.3,0.0066861,1143.7,2.1455e+09
141.4,0.0066801,1143,2.1455e+09
141.5,0.0066741,1142.3,2.1456e+09
141.6,0.0066682,1141.6,2.1456e+09
141.7,0.0066624,1140.9,2.1456e+09
141.8,0.0066565,1140.2,2.1457e+09
141.9,0.0066508,1139.5,2.1457e+09
142,0.006645,1138.8,2.1457e+09
142.1,0.0066393,1138.1,2.1458e+09
142.2,0.0066336,1137.4,2.1458e+09
142.3,0.0066279,1136.7,2.1458e+09
142.4,0.0066223,1136,2.1459e+09
142.5,0.0066167,1135.3,2.1459e+09
142.6,0.0066111,1134.6,2.1459e+09
142.7,0.0066056,1133.9,2.146e+09
142.8,0.0066001,1133.2,2.146e+09
142.9,0.0065946,1132.5,2.146e+09
143,0.0065891,1131.8,2.146e+09
143.1,0.0065837,1131.1,2.1461e+09
143.2,0.0065783,1130.4,2.1461e+09
143.3,0.0065729,1129.8,2.1461e+09
143.4,0.0065676,1129.1,2.1462e+09
143.5,0.0065623,1128.4,2.1462e+09
143.6,0.006557,1127.7,2.1462e+09
143.7,0.0065517,1127,2.1462e+09
143.8,0.0065465,1126.3,2.1463e+09
143.9,0.0065413,1125.6,2.1463e+09
144,0.0065361,1124.9,2.1463e+09
144.1,0.0065309,1124.2,2.1463e+09
144.2,0.0065258,1123.5,2.1464e+09
144.3,0.0065207,1122.8,2.1464e+09
144.4,0.0065156,1122.1,2.1464e+09
144.5,0.0065105,1121.4,2.1465e+09
144.6,0.0065054,1120.8,2.1465e+09
144.7,0.0065004,1120.1,2.1465e+09
144.8,0.0064954,1119.4,2.1465e+09
144.9,0.0064904,1118.7,2.1466e+09
145,0.0064855,1118,2.1466e+09
145.1,0.0064805,1117.3,2.1466e+09
145.2,0.0064756,1116.6,2.1466e+09
145.3,0.0064707,1115.9,2.1467e+09
145.4,0.0064658,1115.3,2.1467e+09
145.5,0.0064609,1114.6,2.1467e+09
145.6,0.0064561,1113.9,2.1467e+09
145.7,0.0064513,1113.2,2.1468e+09
145.8,0.0064464,1112.5,2.1468e+09
145.9,0.0064417,1111.8,2.1468e+09
146,0.0064369,1111.2,2.1468e+09
146.1,0.0064321,1110.5,2.1468e+09
146.2,0.0064274,1109.8,2.1469e+09
146.3,0.0064227,1109.1,2.1469e+09
146.4,0.006418,1108.4,2.1469e+09
146.5,0.0064133,1107.7,2.1469e+09
146.6,0.0064086,1107.1,2.147e+09
146.7,0.0064039,1106.4,2.147e+09
146.8,0.0063993,1105.7,2.147e+09
146.9,0.0063947,1105,2.147e+09
147,0.0063901,1104.4,2.147e+09
147.1,0.0063855,1103.7,2.1471e+09
147.2,0.0063809,1103,2.1471e+09
147.3,0.0063763,1102.3,2.1471e+09
147.4,0.0063718,1101.6,2.1471e+09
147.5,0.0063672,1101,2.1472e+09
147.6,0.0063627,1100.3,2.1472e+09
147.7,0.0063582,1099.6,2.1472e+09
147.8,0.0063537,1098.9,2.1472e+09
147.9,0.0063492,1098.3,2.1472e+09
148,0.0063448,1097.6,2.1473e+09
148.1,0.0063403,1096.9,2.1473e+09
148.2,0.0063359,1096.2,2.1473e+09
148.3,0.0063314,1095.6,2.1473e+09
148.4,0.006327,1094.9,2.1473e+09
148.5,0.0063226,1094.2,2.1474e+09
148.6,0.0063182,1093.6,2.1474e+09
148.7,0.0063138,1092.9,2.1474e+09
148.8,0.0063094,1092.2,2.1474e+09
148.9,0.0063051,1091.5,2.1474e+09
149,0.0063007,1090.9,2.1475e+09
149.1,0.0062964,1090.2,2.1475e+09
149.2,0.0062921,1089.5,2.1475e+09
149.3,0.0062878,1088.9,2.1475e+09
149.4,0.0062835,1088.2,2.1475e+09
149.5,0.0062792,1087.5,2.1475e+09
149.6,0.0062749,1086.9,2.1476e+09
149.7,0.0062706,1086.2,2.1476e+09
149.8,0.0062663,1085.5,2.1476e+09
149.9,0.0062621,1084.9,2.1476e+09
150,0.0062579,1084.2,2.1476e+09
150.1,0.0062536,1083.5,2.1476e+09
150.2,0.0062494,1082.9,2.1477e+09
150.3,0.0062452,1082.2,2.1477e+09
150.4,0.006241,1081.5,2.1477e+09
150.5,0.0062368,1080.9,2.1477e+09
150.6,0.0062326,1080.2,2.1477e+09
150.7,0.0062284,1079.6,2.1477e+09
150.8,0.0062243,1078.9,2.1478e+09
150.9,0.0062201,1078.2,2.1478e+09
151,0.0062159,1077.6,2.1478e+09
151.1,0.0062118,1076.9,2.1478e+09
151.2,0.0062077,1076.2,2.1478e+09
151.3,0.0062035,1075.6,2.1478e+09
151.4,0.0061994,1074.9,2.1479e+09
151.5,0.0061953,1074.3,2.1479e+09
151.6,0.0061912,1073.6,2.1479e+09
151.7,0.0061871,1073,2.1479e+09
151.8,0.006183,1072.3,2.1479e+09
151.9,0.006179,1071.6,2.1479e+09
152,0.0061749,1071,2.148e+09
152.1,0.0061708,1070.3,2.148e+09
152.2,0.0061668,1069.7,2.148e+09
152.3,0.0061627,1069,2.148e+09
152.4,0.0061587,1068.4,2.148e+09
152.5,0.0061547,1067.7,2.148e+09
152.6,0.0061506,1067.1,2.148e+09
152.7,0.0061466,1066.4,2.1481e+09
152.8,0.0061426,1065.7,2.1481e+09
152.9,0.0061386,1065.1,2.1481e+09
153,0.0061346,1064.4,2.1481e+09
153.1,0.0061306,1063.8,2.1481e+09
153.2,0.0061266,1063.1,2.1481e+09
153.3,0.0061226,1062.5,2.1481e+09
153.4,0.0061187,1061.8,2.1482e+09
153.5,0.0061147,1061.2,2.1482e+09
153.6,0.0061107,1060.5,2.1482e+09
153.7,0.0061068,1059.9,2.1482e+09
153.8,0.0061028,1059.2,2.1482e+09
153.9,0.0060989,1058.6,2.1482e+09
154,0.006095,1057.9,2.1482e+09
154.1,0.006091,1057.3,2.1482e+09
154.2,0.0060871,1056.6,2.1483e+09
154.3,0.0060832,1056,2.1483e+09
154.4,0.0060793,1055.3,2.1483e+09
154.5,0.0060754,1054.7,2.1483e+09
154.6,0.0060715,1054.1,2.1483e+09
154.7,0.0060676,1053.4,2.1483e+09
154.8,0.0060637,1052.8,2.1483e+09
154.9,0.0060598,1052.1,2.1483e+09
155,0.0060559,1051.5,2.1484e+09
155.1,0.0060521,1050.8,2.1484e+09
155.2,0.0060482,1050.2,2.1484e+09
155.3,0.0060443,1049.5,2.1484e+09
155.4,0.0060405,1048.9,2.1484e+09
155.5,0.0060366,1048.3,2.1484e+09
155.6,0.0060328,1047.6,2.1484e+09
155.7,0.0060289,1047,2.1484e+09
155.8,0.0060251,1046.3,2.1485e+09
155.9,0.0060213,1045.7,2.1485e+09
156,0.0060174,1045.1,2.1485e+09
156.1,0.0060136,1044.4,2.1485e+09
156.2,0.0060098,1043.8,2.1485e+09
156.3,0.006006,1043.1,2.1485e+09
156.4,0.0060022,1042.5,2.1485e+09
156.5,0.0059984,1041.9,2.1485e+09
156.6,0.0059946,1041.2,2.1485e+09
156.7,0.0059908,1040.6,2.1485e+09
156.8,0.005987,1040,2.1486e+09
156.9,0.0059832,1039.3,2.1486e+09
157,0.0059794,1038.7,2.1486e+09
157.1,0.0059757,1038,2.1486e+09
157.2,0.0059719,1037.4,2.1486e+09
157.3,0.0059681,1036.8,2.1486e+09
157.4,0.0059644,1036.1,2.1486e+09
157.5,0.0059606,1035.5,2.1486e+09
157.6,0.0059569,1034.9,2.1486e+09
157.7,0.0059531,1034.2,2.1487e+09
157.8,0.0059494,1033.6,2.1487e+09
157.9,0.0059456,1033,2.1487e+09
158,0.0059419,1032.3,2.1487e+09
158.1,0.0059382,1031.7,2.1487e+09
158.2,0.0059344,1031.1,2.1487e+09
158.3,0.0059307,1030.5,2.1487e+09
158.4,0.005927,1029.8,2.1487e+09
158.5,0.0059233,1029.2,2.1487e+09
158.6,0.0059195,1028.6,2.1487e+09
158.7,0.0059158,1027.9,2.1487e+09
158.8,0.0059121,1027.3,2.1488e+09
158.9,0.0059084,1026.7,2.1488e+09
159,0.0059047,1026,2.1488e+09
159.1,0.005901,1025.4,2.1488e+09
159.2,0.0058974,1024.8,2.1488e+09
159.3,0.0058937,1024.2,2.1488e+09
159.4,0.00589,1023.5,2.1488e+09
159.5,0.0058863,1022.9,2.1488e+09
159.6,0.0058826,1022.3,2.1488e+09
159.7,0.005879,1021.7,2.1488e+09
159.8,0.0058753,1021,2.1488e+09
159.9,0.0058716,1020.4,2.1489e+09
160,0.005868,1019.8,2.1489e+09
160.1,0.0058643,1019.2,2.1489e+09
160.2,0.0058607,1018.6,2.1489e+09
160.3,0.005857,1017.9,2.1489e+09
160.4,0.0058534,1017.3,2.1489e+09
160.5,0.0058497,1016.7,2.1489e+09
160.6,0.0058461,1016.1,2.1489e+09
160.7,0.0058424,1015.4,2.1489e+09
160.8,0.0058388,1014.8,2.1489e+09
160.9,0.0058352,1014.2,2.1489e+09
161,0.0058315,1013.6,2.1489e+09
161.1,0.0058279,1013,2.1489e+09
161.2,0.0058243,1012.3,2.149e+09
161.3,0.0058207,1011.7,2.149e+09
161.4,0.0058171,1011.1,2.149e+09
161.5,0.0058135,1010.5,2.149e+09
161.6,0.0058099,1009.9,2.149e+09
161.7,0.0058063,1009.3,2.149e+09
161.8,0.0058027,1008.6,2.149e+09
161.9,0.0057991,1008,2.149e+09
162,0.0057955,1007.4,2.149e+09
162.1,0.0057919,1006.8,2.149e+09
162.2,0.0057883,1006.2,2.149e+09
162.3,0.0057847,1005.6,2.149e+09
162.4,0.0057811,1005,2.149e+09
162.5,0.0057775,1004.3,2.1491e+09
162.6,0.005774,1003.7,2.1491e+09
162.7,0.0057704,1003.1,2.1491e+09
162.8,0.0057668,1002.5,2.1491e+09
162.9,0.0057633,1001.9,2.1491e+09
163,0.0057597,1001.3,2.1491e+09
163.1,0.0057561,1000.7,2.1491e+09
163.2,0.0057526,1000.1,2.1491e+09
163.3,0.005749,999.44,2.1491e+09
163.4,0.0057455,998.83,2.1491e+09
163.5,0.0057419,998.22,2.1491e+09
163.6,0.0057384,997.62,2.1491e+09
163.7,0.0057348,997.01,2.1491e+09
163.8,0.0057313,996.4,2.1491e+09
163.9,0.0057278,995.79,2.1491e+09
164,0.0057242,995.18,2.1492e+09
164.1,0.0057207,994.58,2.1492e+09
164.2,0.0057172,993.97,2.1492e+09
164.3,0.0057136,993.36,2.1492e+09
164.4,0.0057101,992.76,2.1492e+09
164.5,0.0057066,992.15,2.1492e+09
164.6,0.0057031,991.55,2.1492e+09
164.7,0.0056996,990.94,2.1492e+09
164.8,0.0056961,990.34,2.1492e+09
164.9,0.0056925,989.73,2.1492e+09
165,0.005689,989.13,2.1492e+09
165.1,0.0056855,988.53,2.1492e+09
165.2,0.005682,987.92,2.1492e+09
165.3,0.0056785,987.32,2.1492e+09
165.4,0.005675,986.72,2.1492e+09
165.5,0.0056715,986.12,2.1492e+09
165.6,0.0056681,985.52,2.1492e+09
165.7,0.0056646,984.91,2.1493e+09
165.8,0.0056611,984.31,2.1493e+09
165.9,0.0056576,983.71,2.1493e+09
166,0.0056541,983.11,2.1493e+09
166.1,0.0056507,982.51,2.1493e+09
166.2,0.0056472,981.92,2.1493e+09
166.3,0.0056437,981.32,2.1493e+09
166.4,0.0056402,980.72,2.1493e+09
166.5,0.0056368,980.12,2.1493e+09
166.6,0.0056333,979.52,2.1493e+09
166.7,0.0056298,978.93,2.1493e+09
166.8,0.0056264,978.33,2.1493e+09
166.9,0.0056229,977.73,2.1493e+09
167,0.0056195,977.14,2.1493e+09
167.1,0.005616,976.54,2.1493e+09
167.2,0.0056126,975.95,2.1493e+09
167.3,0.0056091,975.35,2.1493e+09
167.4,0.0056057,974.76,2.1493e+09
167.5,0.0056023,974.16,2.1493e+09
167.6,0.0055988,973.57,2.1493e+09
167.7,0.0055954,972.98,2.1494e+09
167.8,0.005592,972.39,2.1494e+09
167.9,0.0055885,971.79,2.1494e+09
168,0.0055851,971.2,2.1494e+09
168.1,0.0055817,970.61,2.1494e+09
168.2,0.0055782,970.02,2.1494e+09
168.3,0.0055748,969.43,2.1494e+09
168.4,0.0055714,968.84,2.1494e+09
168.5,0.005568,968.25,2.1494e+09
168.6,0.0055646,967.66,2.1494e+09
168.7,0.0055612,967.07,2.1494e+09
168.8,0.0055578,966.48,2.1494e+09
168.9,0.0055544,965.89,2.1494e+09
169,0.005551,965.3,2.1494e+09
169.1,0.0055476,964.71,2.1494e+09
169.2,0.0055442,964.13,2.1494e+09
169.3,0.0055408,963.54,2.1494e+09
169.4,0.0055374,962.95,2.1494e+09
169.5,0.005534,962.37,2.1494e+09
169.6,0.0055306,961.78,2.1494e+09
169.7,0.0055272,961.2,2.1494e+09
169.8,0.0055238,960.61,2.1494e+09
169.9,0.0055204,960.03,2.1494e+09
170,0.0055171,959.44,2.1495e+09
170.1,0.0055137,958.86,2.1495e+09
170.2,0.0055103,958.27,2.1495e+09
170.3,0.0055069,957.69,2.1495e+09
170.4,0.0055036,957.11,2.1495e+09
170.5,0.0055002,956.53,2.1495e+09
170.6,0.0054968,955.94,2.1495e+09
170.7,0.0054935,955.36,2.1495e+09
170.8,0.0054901,954.78,2.1495e+09
170.9,0.0054868,954.2,2.1495e+09
171,0.0054834,953.62,2.1495e+09
171.1,0.0054801,953.04,2.1495e+09
171.2,0.0054767,952.46,2.1495e+09
171.3,0.0054734,951.88,2.1495e+09
171.4,0.00547,951.3,2.1495e+09
171.5,0.0054667,950.72,2.1495e+09
171.6,0.0054633,950.14,2.1495e+09
171.7,0.00546,949.57,2.1495e+09
171.8,0.0054567,948.99,2.1495e+09
171.9,0.0054533,948.41,2.1495e+09
172,0.00545,947.83,2.1495e+09
172.1,0.0054467,947.26,2.1495e+09
172.2,0.0054433,946.68,2.1495e+09
172.3,0.00544,946.11,2.1495e+09
172.4,0.0054367,945.53,2.1495e+09
172.5,0.0054334,944.96,2.1495e+09
172.6,0.00543,944.38,2.1495e+09
172.7,0.0054267,943.81,2.1496e+09
172.8,0.0054234,943.23,2.1496e+09
172.9,0.0054201,942.66,2.1496e+09
173,0.0054168,942.09,2.1496e+09
173.1,0.0054135,941.51,2.1496e+09
173.2,0.0054102,940.94,2.1496e+09
173.3,0.0054069,940.37,2.1496e+09
173.4,0.0054036,939.8,2.1496e+09
173.5,0.0054003,939.23,2.1496e+09
173.6,0.005397,938.66,2.1496e+09
173.7,0.0053937,938.08,2.1496e+09
173.8,0.0053904,937.51,2.1496e+09
173.9,0.0053871,936.94,2.1496e+09
174,0.0053838,936.38,2.1496e+09
174.1,0.0053805,935.81,2.1496e+09
174.2,0.0053773,935.24,2.1496e+09
174.3,0.005374,934.67,2.1496e+09
174.4,0.0053707,934.1,2.1496e+09
174.5,0.0053674,933.53,2.1496e+09
174.6,0.0053642,932.97,2.1496e+09
174.7,0.0053609,932.4,2.1496e+09
174.8,0.0053576,931.83,2.1496e+09
174.9,0.0053544,931.27,2.1496e+09
175,0.0053511,930.7,2.1496e+09
175.1,0.0053478,930.14,2.1496e+09
175.2,0.0053446,929.57,2.1496e+09
175.3,0.0053413,929.01,2.1496e+09
175.4,0.0053381,928.44,2.1496e+09
175.5,0.0053348,927.88,2.1496e+09
175.6,0.0053315,927.32,2.1496e+09
175.7,0.0053283,926.75,2.1496e+09
175.8,0.0053251,926.19,2.1496e+09
175.9,0.0053218,925.63,2.1496e+09
176,0.0053186,925.07,2.1496e+09
176.1,0.0053153,924.5,2.1497e+09
176.2,0.0053121,923.94,2.1497e+09
176.3,0.0053088,923.38,2.1497e+09
176.4,0.0053056,922.82,2.1497e+09
176.5,0.0053024,922.26,2.1497e+09
176.6,0.0052992,921.7,2.1497e+09
176.7,0.0052959,921.14,2.1497e+09
176.8,0.0052927,920.58,2.1497e+09
176.9,0.0052895,920.02,2.1497e+09
177,0.0052863,919.46,2.1497e+09
177.1,0.005283,918.91,2.1497e+09
177.2,0.0052798,918.35,2.1497e+09
177.3,0.0052766,917.79,2.1497e+09
177.4,0.0052734,917.23,2.1497e+09
177.5,0.0052702,916.68,2.1497e+09
177.6,0.005267,916.12,2.1497e+09
177.7,0.0052638,915.57,2.1497e+09
177.8,0.0052606,915.01,2.1497e+09
177.9,0.0052574,914.46,2.1497e+09
178,0.0052542,913.9,2.1497e+09
178.1,0.005251,913.35,2.1497e+09
178.2,0.0052478,912.79,2.1497e+09
178.3,0.0052446,912.24,2.1497e+09
178.4,0.0052414,911.69,2.1497e+09
178.5,0.0052382,911.13,2.1497e+09
178.6,0.005235,910.58,2.1497e+09
178.7,0.0052318,910.03,2.1497e+09
178.8,0.0052286,909.48,2.1497e+09
178.9,0.0052255,908.92,2.1497e+09
179,0.0052223,908.37,2.1497e+09
179.1,0.0052191,907.82,2.1497e+09
179.2,0.0052159,907.27,2.1497e+09
179.3,0.0052128,906.72,2.1497e+09
179.4,0.0052096,906.17,2.1497e+09
179.5,0.0052064,905.62,2.1497e+09
179.6,0.0052033,905.07,2.1497e+09
179.7,0.0052001,904.52,2.1497e+09
179.8,0.0051969,903.98,2.1497e+09
179.9,0.0051938,903.43,2.1497e+09
180,0.0051906,902.88,2.1497e+09
180.1,0.0051875,902.33,2.1497e+09
180.2,0.0051843,901.79,2.1497e+09
180.3,0.0051812,901.24,2.1497e+09
180.4,0.005178,900.69,2.1497e+09
180.5,0.0051749,900.15,2.1497e+09
180.6,0.0051717,899.6,2.1497e+09
180.7,0.0051686,899.06,2.1498e+09
180.8,0.0051654,898.51,2.1498e+09
180.9,0.0051623,897.97,2.1498e+09
181,0.0051592,897.42,2.1498e+09
181.1,0.005156,896.88,2.1498e+09
181.2,0.0051529,896.34,2.1498e+09
181.3,0.0051498,895.79,2.1498e+09
181.4,0.0051466,895.25,2.1498e+09
181.5,0.0051435,894.71,2.1498e+09
181.6,0.0051404,894.17,2.1498e+09
181.7,0.0051373,893.63,2.1498e+09
181.8,0.0051341,893.08,2.1498e+09
181.9,0.005131,892.54,2.1498e+09
182,0.0051279,892,2.1498e+09
182.1,0.0051248,891.46,2.1498e+09
182.2,0.0051217,890.92,2.1498e+09
182.3,0.0051186,890.38,2.1498e+09
182.4,0.0051155,889.84,2.1498e+09
182.5,0.0051123,889.3,2.1498e+09
182.6,0.0051092,888.77,2.1498e+09
182.7,0.0051061,888.23,2.1498e+09
182.8,0.005103,887.69,2.1498e+09
182.9,0.0050999,887.15,2.1498e+09
183,0.0050968,886.62,2.1498e+09
183.1,0.0050938,886.08,2.1498e+09
183.2,0.0050907,885.54,2.1498e+09
183.3,0.0050876,885.01,2.1498e+09
183.4,0.0050845,884.47,2.1498e+09
183.5,0.0050814,883.94,2.1498e+09
183.6,0.0050783,883.4,2.1498e+09
183.7,0.0050752,882.87,2.1498e+09
183.8,0.0050722,882.33,2.1498e+09
183.9,0.0050691,881.8,2.1498e+09
184,0.005066,881.26,2.1498e+09
184.1,0.0050629,880.73,2.1498e+09
184.2,0.0050599,880.2,2.1498e+09
184.3,0.0050568,879.67,2.1498e+09
184.4,0.0050537,879.13,2.1498e+09
184.5,0.0050507,878.6,2.1498e+09
184.6,0.0050476,878.07,2.1498e+09
184.7,0.0050445,877.54,2.1498e+09
184.8,0.0050415,877.01,2.1498e+09
184.9,0.0050384,876.48,2.1498e+09
185,0.0050354,875.95,2.1498e+09
185.1,0.0050323,875.42,2.1498e+09
185.2,0.0050292,874.89,2.1498e+09
185.3,0.0050262,874.36,2.1498e+09
185.4,0.0050232,873.83,2.1498e+09
185.5,0.0050201,873.3,2.1498e+09
185.6,0.0050171,872.77,2.1498e+09
185.7,0.005014,872.25,2.1498e+09
185.8,0.005011,871.72,2.1498e+09
185.9,0.0050079,871.19,2.1498e+09
186,0.0050049,870.67,2.1498e+09
186.1,0.0050019,870.14,2.1498e+09
186.2,0.0049988,869.61,2.1498e+09
186.3,0.0049958,869.09,2.1498e+09
186.4,0.0049928,868.56,2.1498e+09
186.5,0.0049898,868.04,2.1498e+09
186.6,0.0049867,867.51,2.1498e+09
186.7,0.0049837,866.99,2.1498e+09
186.8,0.0049807,866.46,2.1498e+09
186.9,0.0049777,865.94,2.1498e+09
187,0.0049747,865.42,2.1498e+09
187.1,0.0049716,864.89,2.1498e+09
187.2,0.0049686,864.37,2.1498e+09
187.3,0.0049656,863.85,2.1498e+09
187.4,0.0049626,863.33,2.1498e+09
187.5,0.0049596,862.81,2.1498e+09
187.6,0.0049566,862.28,2.1498e+09
187.7,0.0049536,861.76,2.1499e+09
187.8,0.0049506,861.24,2.1499e+09
187.9,0.0049476,860.72,2.1499e+09
188,0.0049446,860.2,2.1499e+09
188.1,0.0049416,859.68,2.1499e+09
188.2,0.0049386,859.16,2.1499e+09
188.3,0.0049356,858.64,2.1499e+09
188.4,0.0049326,858.13,2.1499e+09
188.5,0.0049297,857.61,2.1499e+09
188.6,0.0049267,857.09,2.1499e+09
188.7,0.0049237,856.57,2.1499e+09
188.8,0.0049207,856.06,2.1499e+09
188.9,0.0049177,855.54,2.1499e+09
189,0.0049147,855.02,2.1499e+09
189.1,0.0049118,854.51,2.1499e+09
189.2,0.0049088,853.99,2.1499e+09
189.3,0.0049058,853.47,2.1499e+09
189.4,0.0049029,852.96,2.1499e+09
189.5,0.0048999,852.44,2.1499e+09
189.6,0.0048969,851.93,2.1499e+09
189.7,0.004894,851.42,2.1499e+09
189.8,0.004891,850.9,2.1499e+09
189.9,0.004888,850.39,2.1499e+09
190,0.0048851,849.87,2.1499e+09
190.1,0.0048821,849.36,2.1499e+09
190.2,0.0048792,848.85,2.1499e+09
190.3,0.0048762,848.34,2.1499e+09
190.4,0.0048733,847.83,2.1499e+09
190.5,0.0048703,847.31,2.1499e+09
190.6,0.0048674,846.8,2.1499e+09
190.7,0.0048644,846.29,2.1499e+09
190.8,0.0048615,845.78,2.1499e+09
190.9,0.0048586,845.27,2.1499e+09
191,0.0048556,844.76,2.1499e+09
191.1,0.0048527,844.25,2.1499e+09
191.2,0.0048497,843.74,2.1499e+09
191.3,0.0048468,843.23,2.1499e+09
191.4,0.0048439,842.72,2.1499e+09
191.5,0.0048409,842.22,2.1499e+09
191.6,0.004838,841.71,2.1499e+09
191.7,0.0048351,841.2,2.1499e+09
191.8,0.0048322,840.69,2.1499e+09
191.9,0.0048293,840.19,2.1499e+09
192,0.0048263,839.68,2.1499e+09
192.1,0.0048234,839.17,2.1499e+09
192.2,0.0048205,838.67,2.1499e+09
192.3,0.0048176,838.16,2.1499e+09
192.4,0.0048147,837.66,2.1499e+09
192.5,0.0048118,837.15,2.1499e+09
192.6,0.0048089,836.65,2.1499e+09
192.7,0.0048059,836.14,2.1499e+09
192.8,0.004803,835.64,2.1499e+09
192.9,0.0048001,835.14,2.1499e+09
193,0.0047972,834.63,2.1499e+09
193.1,0.0047943,834.13,2.1499e+09
193.2,0.0047914,833.63,2.1499e+09
193.3,0.0047886,833.12,2.1499e+09
193.4,0.0047857,832.62,2.1499e+09
193.5,0.0047828,832.12,2.1499e+09
193.6,0.0047799,831.62,2.1499e+09
193.7,0.004777,831.12,2.1499e+09
193.8,0.0047741,830.62,2.1499e+09
193.9,0.0047712,830.12,2.1499e+09
194,0.0047683,829.62,2.1499e+09
194.1,0.0047655,829.12,2.1499e+09
194.2,0.0047626,828.62,2.1499e+09
194.3,0.0047597,828.12,2.1499e+09
194.4,0.0047568,827.62,2.1499e+09
194.5,0.004754,827.12,2.1499e+09
194.6,0.0047511,826.62,2.1499e+09
194.7,0.0047482,826.13,2.1499e+09
194.8,0.0047454,825.63,2.1499e+09
194.9,0.0047425,825.13,2.1499e+09
195,0.0047396,824.63,2.1499e+09
195.1,0.0047368,824.14,2.1499e+09
195.2,0.0047339,823.64,2.1499e+09
195.3,0.004731,823.15,2.1499e+09
195.4,0.0047282,822.65,2.1499e+09
195.5,0.0047253,822.16,2.1499e+09
195.6,0.0047225,821.66,2.1499e+09
195.7,0.0047196,821.17,2.1499e+09
195.8,0.0047168,820.67,2.1499e+09
195.9,0.0047139,820.18,2.1499e+09
196,0.0047111,819.68,2.1499e+09
196.1,0.0047083,819.19,2.1499e+09
196.2,0.0047054,818.7,2.1499e+09
196.3,0.0047026,818.21,2.1499e+09
196.4,0.0046997,817.71,2.1499e+09
196.5,0.0046969,817.22,2.1499e+09
196.6,0.0046941,816.73,2.1499e+09
196.7,0.0046912,816.24,2.1499e+09
196.8,0.0046884,815.75,2.1499e+09
196.9,0.0046856,815.26,2.1499e+09
197,0.0046828,814.77,2.1499e+09
197.1,0.0046799,814.28,2.1499e+09
197.2,0.0046771,813.79,2.1499e+09
197.3,0.0046743,813.3,2.1499e+09
197.4,0.0046715,812.81,2.1499e+09
197.5,0.0046687,812.32,2.1499e+09
197.6,0.0046658,811.83,2.1499e+09
197.7,0.004663,811.34,2.1499e+09
197.8,0.0046602,810.85,2.1499e+09
197.9,0.0046574,810.37,2.1499e+09
198,0.0046546,809.88,2.1499e+09
198.1,0.0046518,809.39,2.1499e+09
198.2,0.004649,808.91,2.1499e+09
198.3,0.0046462,808.42,2.1499e+09
198.4,0.0046434,807.93,2.1499e+09
198.5,0.0046406,807.45,2.1499e+09
198.6,0.0046378,806.96,2.1499e+09
198.7,0.004635,806.48,2.1499e+09
198.8,0.0046322,805.99,2.1499e+09
198.9,0.0046294,805.51,2.1499e+09
199,0.0046266,805.02,2.1499e+09
199.1,0.0046238,804.54,2.1499e+09
199.2,0.004621,804.06,2.1499e+09
199.3,0.0046183,803.57,2.1499e+09
199.4,0.0046155,803.09,2.1499e+09
199.5,0.0046127,802.61,2.1499e+09
199.6,0.0046099,802.13,2.1499e+09
199.7,0.0046071,801.64,2.1499e+09
199.8,0.0046044,801.16,2.1499e+09
199.9,0.0046016,800.68,2.1499e+09
200,0.0045988,800.2,2.1499e+09
