0,1.5e+07,1000,1e+06
0.1,1.4732e+07,1038,9.62e+05
0.2,1.447e+07,1075.3,9.2523e+05
0.3,1.4211e+07,1111.8,8.8961e+05
0.4,1.3958e+07,1147.7,8.5511e+05
0.5,1.3709e+07,1182.9,8.2171e+05
0.6,1.3464e+07,1217.5,7.8937e+05
0.7,1.3224e+07,1251.4,7.5808e+05
0.8,1.2988e+07,1284.6,7.2782e+05
0.9,1.2756e+07,1317.3,6.9855e+05
1,1.2529e+07,1349.3,6.7026e+05
1.1,1.2305e+07,1380.7,6.4292e+05
1.2,1.2086e+07,1411.5,6.1651e+05
1.3,1.187e+07,1441.7,5.9101e+05
1.4,1.1658e+07,1471.3,5.6639e+05
1.5,1.145e+07,1500.4,5.4264e+05
1.6,1.1246e+07,1528.9,5.1973e+05
1.7,1.1045e+07,1556.9,4.9763e+05
1.8,1.0848e+07,1584.3,4.7634e+05
1.9,1.0655e+07,1611.3,4.5582e+05
2,1.0465e+07,1637.7,4.3606e+05
2.1,1.0278e+07,1663.5,4.1703e+05
2.2,1.0095e+07,1688.9,3.9872e+05
2.3,9.9144e+06,1713.8,3.8111e+05
2.4,9.7375e+06,1738.3,3.6417e+05
2.5,9.5638e+06,1762.2,3.4789e+05
2.6,9.3932e+06,1785.7,3.3224e+05
2.7,9.2256e+06,1808.8,3.172e+05
2.8,9.061e+06,1831.3,3.0276e+05
2.9,8.8993e+06,1853.5,2.889e+05
3,8.7405e+06,1875.2,2.756e+05
3.1,8.5846e+06,1896.5,2.6285e+05
3.2,8.4314e+06,1917.4,2.5062e+05
3.3,8.281e+06,1937.9,2.3889e+05
3.4,8.1333e+06,1957.9,2.2766e+05
3.5,7.9882e+06,1977.6,2.169e+05
3.6,7.8456e+06,1996.9,2.066e+05
3.7,7.7057e+06,2015.8,1.9674e+05
3.8,7.5682e+06,2034.4,1.8731e+05
3.9,7.4331e+06,2052.5,1.7829e+05
4,7.3005e+06,2070.4,1.6966e+05
4.1,7.1703e+06,2087.8,1.6142e+05
4.2,7.0423e+06,2104.9,1.5354e+05
4.3,6.9167e+06,2121.7,1.4602e+05
4.4,6.7933e+06,2138.2,1.3883e+05
4.5,6.6721e+06,2154.3,1.3198e+05
4.6,6.5531e+06,2170,1.2543e+05
4.7,6.4361e+06,2185.5,1.1919e+05
4.8,6.3213e+06,2200.7,1.1324e+05
4.9,6.2085e+06,2215.5,1.0756e+05
5,6.0978e+06,2230.1,1.0215e+05
5.1,5.989e+06,2244.3,96997
5.2,5.8821e+06,2258.3,92086
5.3,5.7772e+06,2272,87409
5.4,5.6741e+06,2285.4,82956
5.5,5.5729e+06,2298.5,78717
5.6,5.4734e+06,2311.4,74683
5.7,5.3758e+06,2324,70845
5.8,5.2799e+06,2336.3,67195
5.9,5.1857e+06,2348.4,63724
6,5.0931e+06,2360.3,60423
6.1,5.0023e+06,2371.8,57286
6.2,4.913e+06,2383.2,54305
6.3,4.8254e+06,2394.3,51472
6.4,4.7393e+06,2405.2,48781
6.5,4.6547e+06,2415.8,46225
6.6,4.5717e+06,2426.2,43798
6.7,4.4901e+06,2436.4,41494
6.8,4.41e+06,2446.4,39307
6.9,4.3313e+06,2456.2,37231
7,4.254e+06,2465.8,35261
7.1,4.1781e+06,2475.1,33392
7.2,4.1036e+06,2484.3,31619
7.3,4.0304e+06,2493.2,29938
7.4,3.9585e+06,2502,28344
7.5,3.8878e+06,2510.6,26832
7.6,3.8185e+06,2518.9,25398
7.7,3.7504e+06,2527.1,24040
7.8,3.6834e+06,2535.2,22752
7.9,3.6177e+06,2543,21531
8,3.5532e+06,2550.7,20375
8.1,3.4898e+06,2558.2,19280
8.2,3.4275e+06,2565.5,18242
8.3,3.3664e+06,2572.6,17258
8.4,3.3063e+06,2579.6,16327
8.5,3.2473e+06,2586.5,15445
8.6,3.1894e+06,2593.2,14610
8.7,3.1325e+06,2599.7,13820
8.8,3.0766e+06,2606.1,13071
8.9,3.0217e+06,2612.3,12363
9,2.9678e+06,2618.4,11692
9.1,2.9148e+06,2624.3,11057
9.2,2.8628e+06,2630.2,10456
9.3,2.8118e+06,2635.8,9887.3
9.4,2.7616e+06,2641.3,9349.2
9.5,2.7123e+06,2646.7,8840
9.6,2.6639e+06,2652,8358.2
9.7,2.6164e+06,2657.2,7902.4
9.8,2.5697e+06,2662.2,7471.2
9.9,2.5239e+06,2667.1,7063.3
10,2.4788e+06,2671.8,6677.4
10.1,2.4346e+06,2676.5,6312.5
10.2,2.3912e+06,2681,5967.3
10.3,2.3485e+06,2685.4,5640.8
10.4,2.3066e+06,2689.7,5332.1
10.5,2.2655e+06,2693.9,5040.1
10.6,2.225e+06,2698,4764
10.7,2.1853e+06,2702,4502.9
10.8,2.1464e+06,2705.9,4256.1
10.9,2.1081e+06,2709.6,4022.7
11,2.0704e+06,2713.3,3802
11.1,2.0335e+06,2716.9,3593.4
11.2,1.9972e+06,2720.3,3396.2
11.3,1.9616e+06,2723.7,3209.7
11.4,1.9266e+06,2727,3033.4
11.5,1.8922e+06,2730.2,2866.8
11.6,1.8585e+06,2733.3,2709.3
11.7,1.8253e+06,2736.3,2560.4
11.8,1.7927e+06,2739.2,2419.7
11.9,1.7608e+06,2742.1,2286.7
12,1.7293e+06,2744.8,2161
12.1,1.6985e+06,2747.5,2042.1
12.2,1.6682e+06,2750.1,1929.8
12.3,1.6384e+06,2752.6,1823.7
12.4,1.6092e+06,2755,1723.4
12.5,1.5805e+06,2757.4,1628.6
12.6,1.5523e+06,2759.7,1539
12.7,1.5246e+06,2761.9,1454.3
12.8,1.4974e+06,2764,1374.3
12.9,1.4707e+06,2766.1,1298.6
13,1.4444e+06,2768.1,1227.2
13.1,1.4187e+06,2770,1159.7
13.2,1.3933e+06,2771.8,1095.8
13.3,1.3685e+06,2773.6,1035.5
13.4,1.3441e+06,2775.3,978.56
13.5,1.3201e+06,2777,924.71
13.6,1.2965e+06,2778.6,873.83
13.7,1.2734e+06,2780.1,825.75
13.8,1.2507e+06,2781.6,780.32
13.9,1.2284e+06,2783,737.39
14,1.2065e+06,2784.4,696.83
14.1,1.1849e+06,2785.7,658.5
14.2,1.1638e+06,2786.9,622.28
14.3,1.143e+06,2788.1,588.06
14.4,1.1226e+06,2789.2,555.72
14.5,1.1026e+06,2790.3,525.17
14.6,1.0829e+06,2791.4,496.29
14.7,1.0636e+06,2792.3,469.01
14.8,1.0446e+06,2793.3,443.24
14.9,1.026e+06,2794.1,418.88
15,1.0077e+06,2795,395.87
15.1,9.8971e+05,2795.7,374.12
15.2,9.7205e+05,2796.5,353.57
15.3,9.5471e+05,2797.2,334.16
15.4,9.3768e+05,2797.8,315.81
15.5,9.2095e+05,2798.4,298.47
15.6,9.0452e+05,2799,282.09
15.7,8.8838e+05,2799.5,266.62
15.8,8.7253e+05,2799.9,251.99
15.9,8.5696e+05,2800.4,238.17
16,8.4167e+05,2800.8,225.11
16.1,8.2665e+05,2801.1,212.77
16.2,8.1191e+05,2801.4,201.11
16.3,7.9742e+05,2801.7,190.09
16.4,7.8319e+05,2801.9,179.68
16.5,7.6922e+05,2802.1,169.84
16.6,7.555e+05,2802.3,160.55
16.7,7.4202e+05,2802.4,151.76
16.8,7.2878e+05,2802.5,143.46
16.9,7.1578e+05,2802.5,135.61
17,7.03e+05,2802.6,128.2
17.1,6.9046e+05,2802.6,121.19
17.2,6.7814e+05,2802.5,114.57
17.3,6.6604e+05,2802.4,108.31
17.4,6.5416e+05,2802.3,102.4
17.5,6.4249e+05,2802.2,96.812
17.6,6.3103e+05,2802,91.53
17.7,6.1977e+05,2801.8,86.539
17.8,6.0871e+05,2801.6,81.821
17.9,5.9785e+05,2801.4,77.363
18,5.8718e+05,2801.1,73.149
18.1,5.7671e+05,2800.8,69.166
18.2,5.6642e+05,2800.4,65.402
18.3,5.5631e+05,2800.1,61.844
18.4,5.4639e+05,2799.7,58.482
18.5,5.3664e+05,2799.3,55.303
18.6,5.2706e+05,2798.9,52.299
18.7,5.1766e+05,2798.4,49.459
18.8,5.0842e+05,2797.9,46.775
18.9,4.9935e+05,2797.4,44.238
19,4.9044e+05,2796.9,41.839
19.1,4.8169e+05,2796.3,39.572
19.2,4.731e+05,2795.7,37.429
19.3,4.6466e+05,2795.1,35.403
19.4,4.5637e+05,2794.5,33.487
19.5,4.4823e+05,2793.9,31.677
19.6,4.4023e+05,2793.2,29.965
19.7,4.3238e+05,2792.5,28.347
19.8,4.2466e+05,2791.8,26.817
19.9,4.1708e+05,2791.1,25.37
20,4.0964e+05,2790.4,24.002
20.1,4.0233e+05,2789.6,22.709
20.2,3.9516e+05,2788.8,21.486
20.3,3.8811e+05,2788.1,20.33
20.4,3.8118e+05,2787.2,19.237
20.5,3.7438e+05,2786.4,18.203
20.6,3.677e+05,2785.6,17.226
20.7,3.6114e+05,2784.7,16.302
20.8,3.547e+05,2783.8,15.427
20.9,3.4837e+05,2782.9,14.601
21,3.4215e+05,2782,13.819
21.1,3.3605e+05,2781.1,13.08
21.2,3.3005e+05,2780.2,12.381
21.3,3.2416e+05,2779.2,11.719
21.4,3.1838e+05,2778.2,11.094
21.5,3.127e+05,2777.2,10.502
21.6,3.0712e+05,2776.2,9.9424
21.7,3.0164e+05,2775.2,9.4131
21.8,2.9626e+05,2774.2,8.9123
21.9,2.9097e+05,2773.2,8.4387
22,2.8578e+05,2772.1,7.9906
22.1,2.8068e+05,2771.1,7.5666
22.2,2.7568e+05,2770,7.1656
22.3,2.7076e+05,2768.9,6.7861
22.4,2.6593e+05,2767.8,6.4271
22.5,2.6118e+05,2766.7,6.0875
22.6,2.5652e+05,2765.5,5.7661
22.7,2.5195e+05,2764.4,5.462
22.8,2.4745e+05,2763.3,5.1742
22.9,2.4304e+05,2762.1,4.9019
23,2.387e+05,2760.9,4.6441
23.1,2.3444e+05,2759.8,4.4002
23.2,2.3026e+05,2758.6,4.1694
23.3,2.2615e+05,2757.4,3.9509
23.4,2.2212e+05,2756.2,3.7441
23.5,2.1815e+05,2754.9,3.5484
23.6,2.1426e+05,2753.7,3.3631
23.7,2.1044e+05,2752.5,3.1878
23.8,2.0668e+05,2751.2,3.0217
23.9,2.03e+05,2750,2.8645
24,1.9937e+05,2748.7,2.7157
24.1,1.9582e+05,2747.4,2.5748
24.2,1.9232e+05,2746.2,2.4414
24.3,1.8889e+05,2744.9,2.3151
24.4,1.8552e+05,2743.6,2.1955
24.5,1.8221e+05,2742.3,2.0822
24.6,1.7896e+05,2741,1.9749
24.7,1.7577e+05,2739.6,1.8733
24.8,1.7263e+05,2738.3,1.7771
24.9,1.6955e+05,2737,1.686
25,1.6653e+05,2735.6,1.5996
25.1,1.6356e+05,2734.3,1.5178
25.2,1.6064e+05,2732.9,1.4404
25.3,1.5777e+05,2731.6,1.367
25.4,1.5496e+05,2730.2,1.2974
25.5,1.5219e+05,2728.8,1.2315
25.6,1.4948e+05,2727.4,1.1691
25.7,1.4681e+05,2726.1,1.1099
25.8,1.4419e+05,2724.7,1.0539
25.9,1.4162e+05,2723.3,1.0007
26,1.3909e+05,2721.9,0.95041
26.1,1.3661e+05,2720.5,0.90272
26.2,1.3417e+05,2719,0.85751
26.3,1.3178e+05,2717.6,0.81465
26.4,1.2943e+05,2716.2,0.77401
26.5,1.2712e+05,2714.8,0.73548
26.6,1.2485e+05,2713.3,0.69894
26.7,1.2262e+05,2711.9,0.66429
26.8,1.2043e+05,2710.5,0.63143
26.9,1.1829e+05,2709,0.60027
27,1.1618e+05,2707.5,0.57071
27.1,1.141e+05,2706.1,0.54267
27.2,1.1207e+05,2704.6,0.51607
27.3,1.1007e+05,2703.2,0.49083
27.4,1.081e+05,2701.7,0.46689
27.5,1.0618e+05,2700.2,0.44417
27.6,1.0428e+05,2698.7,0.42261
27.7,1.0242e+05,2697.2,0.40215
27.8,1.0059e+05,2695.8,0.38274
27.9,98798,2694.3,0.36431
28,97036,2692.8,0.34681
28.1,95304,2691.3,0.3302
28.2,93604,2689.8,0.31444
28.3,91934,2688.3,0.29947
28.4,90294,2686.8,0.28525
28.5,88683,2685.2,0.27175
28.6,87100,2683.7,0.25893
28.7,85546,2682.2,0.24675
28.8,84020,2680.7,0.23519
28.9,82521,2679.2,0.2242
29,81049,2677.6,0.21376
29.1,79603,2676.1,0.20384
29.2,78183,2674.6,0.19441
29.3,76788,2673,0.18545
29.4,75418,2671.5,0.17694
29.5,74072,2670,0.16884
29.6,72751,2668.4,0.16115
29.7,71453,2666.9,0.15383
29.8,70178,2665.3,0.14688
29.9,68926,2663.8,0.14026
30,67696,2662.2,0.13397
30.1,66488,2660.7,0.12799
30.2,65302,2659.1,0.1223
30.3,64137,2657.5,0.11688
30.4,62992,2656,0.11173
30.5,61869,2654.4,0.10683
30.6,60765,2652.9,0.10216
30.7,59681,2651.3,0.097722
30.8,58616,2649.7,0.093496
30.9,57570,2648.1,0.089472
31,56543,2646.6,0.085641
31.1,55534,2645,0.081993
31.2,54543,2643.4,0.078519
31.3,53570,2641.9,0.07521
31.4,52614,2640.3,0.072058
31.5,51676,2638.7,0.069055
31.6,50754,2637.1,0.066194
31.7,49848,2635.5,0.063468
31.8,48959,2633.9,0.06087
31.9,48085,2632.4,0.058393
32,47227,2630.8,0.056033
32.1,46385,2629.2,0.053782
32.2,45557,2627.6,0.051636
32.3,44744,2626,0.04959
32.4,43946,2624.4,0.047638
32.5,43162,2622.8,0.045776
32.6,42392,2621.2,0.044001
32.7,41636,2619.6,0.042306
32.8,40893,2618,0.04069
32.9,40163,2616.5,0.039147
33,39447,2614.9,0.037674
33.1,38743,2613.3,0.036269
33.2,38052,2611.7,0.034927
33.3,37373,2610.1,0.033646
33.4,36706,2608.5,0.032423
33.5,36051,2606.9,0.031254
33.6,35408,2605.3,0.030139
33.7,34776,2603.7,0.029073
33.8,34156,2602.1,0.028055
33.9,33546,2600.5,0.027082
34,32948,2598.9,0.026153
34.1,32360,2597.3,0.025265
34.2,31783,2595.6,0.024416
34.3,31215,2594,0.023605
34.4,30659,2592.4,0.02283
34.5,30112,2590.8,0.022088
34.6,29574,2589.2,0.02138
34.7,29047,2587.6,0.020703
34.8,28528,2586,0.020055
34.9,28019,2584.4,0.019436
35,27520,2582.8,0.018844
35.1,27029,2581.2,0.018278
35.2,26546,2579.6,0.017737
35.3,26073,2578,0.017219
35.4,25607,2576.4,0.016724
35.5,25151,2574.8,0.016251
35.6,24702,2573.2,0.015798
35.7,24261,2571.5,0.015366
35.8,23828,2569.9,0.014952
35.9,23403,2568.3,0.014557
36,22986,2566.7,0.014179
36.1,22576,2565.1,0.013818
36.2,22173,2563.5,0.013473
36.3,21777,2561.9,0.013143
36.4,21389,2560.3,0.012828
36.5,21007,2558.7,0.012527
36.6,20632,2557.1,0.01224
36.7,20264,2555.5,0.011966
36.8,19903,2553.9,0.011705
36.9,19547,2552.3,0.011456
37,19199,2550.6,0.011218
37.1,18856,2549,0.010992
37.2,18520,2547.4,0.010776
37.3,18189,2545.8,0.010572
37.4,17865,2544.2,0.010377
37.5,17546,2542.6,0.010192
37.6,17233,2541,0.010016
37.7,16926,2539.4,0.0098503
37.8,16624,2537.8,0.009693
37.9,16327,2536.2,0.0095444
38,16036,2534.6,0.0094042
38.1,15750,2533,0.0092722
38.2,15469,2531.4,0.0091482
38.3,15193,2529.8,0.009032
38.4,14922,2528.2,0.0089235
38.5,14655,2526.6,0.0088224
38.6,14394,2525,0.0087287
38.7,14137,2523.3,0.0086421
38.8,13885,2521.7,0.0085626
38.9,13637,2520.1,0.0084901
39,13394,2518.5,0.0084246
39.1,13155,2516.9,0.0083658
39.2,12920,2515.3,0.0083138
39.3,12690,2513.7,0.0082685
39.4,12463,2512.1,0.00823
39.5,12241,2510.5,0.0081981
39.6,12022,2508.9,0.008173
39.7,11808,2507.3,0.0081545
39.8,11597,2505.7,0.0081429
39.9,11390,2504.1,0.008138
40,11187,2502.5,0.00814
40.1,10988,2500.9,0.008149
40.2,10792,2499.4,0.0081651
40.3,10599,2497.8,0.0081884
40.4,10410,2496.2,0.008219
40.5,10224,2494.6,0.0082571
40.6,10042,2493,0.008303
40.7,9862.6,2491.4,0.0083568
40.8,9686.6,2489.8,0.0084187
40.9,9513.8,2488.2,0.0084891
41,9344,2486.6,0.0085683
41.1,9177.3,2485,0.0086564
41.2,9013.6,2483.4,0.008754
41.3,8852.8,2481.8,0.0088615
41.4,8694.8,2480.2,0.0089791
41.5,8539.7,2478.7,0.0091074
41.6,8387.3,2477.1,0.009247
41.7,8237.7,2475.5,0.0093984
41.8,8090.7,2473.9,0.0095621
41.9,7946.4,2472.3,0.0097389
42,7804.6,2470.7,0.0099295
42.1,7665.4,2469.1,0.010135
42.2,7528.6,2467.5,0.010355
42.3,7394.3,2466,0.010592
42.4,7262.3,2464.4,0.010847
42.5,7132.8,2462.8,0.01112
42.6,7005.5,2461.2,0.011412
42.7,6880.5,2459.6,0.011726
42.8,6757.8,2458.1,0.012062
42.9,6637.2,2456.5,0.012422
43,6518.8,2454.9,0.012808
43.1,6402.5,2453.3,0.013221
43.2,6288.2,2451.7,0.013664
43.3,6176.1,2450.2,0.014139
43.4,6065.9,2448.6,0.014648
43.5,5957.6,2447,0.015194
43.6,5851.3,2445.4,0.01578
43.7,5747,2443.9,0.016409
43.8,5644.4,2442.3,0.017084
43.9,5543.7,2440.7,0.01781
44,5444.8,2439.2,0.01859
44.1,5347.7,2437.6,0.01943
44.2,5252.2,2436,0.020334
44.3,5158.5,2434.4,0.021308
44.4,5066.5,2432.9,0.022358
44.5,4976.1,2431.3,0.02349
44.6,4887.3,2429.7,0.024714
44.7,4800.1,2428.2,0.026036
44.8,4714.5,2426.6,0.027466
44.9,4630.4,2425,0.029015
45,4547.8,2423.5,0.030693
45.1,4466.6,2421.9,0.032514
45.2,4386.9,2420.4,0.034491
45.3,4308.7,2418.8,0.036639
45.4,4231.8,2417.2,0.038977
45.5,4156.3,2415.7,0.041523
45.6,4082.1,2414.1,0.044299
45.7,4009.3,2412.6,0.047329
45.8,3937.8,2411,0.05064
45.9,3867.5,2409.4,0.054262
46,3798.5,2407.9,0.058229
46.1,3730.7,2406.3,0.062579
46.2,3664.2,2404.8,0.067353
46.3,3598.8,2403.2,0.072601
46.4,3534.6,2401.7,0.078376
46.5,3471.5,2400.1,0.084738
46.6,3409.6,2398.6,0.091757
46.7,3348.8,2397,0.09951
46.8,3289,2395.5,0.10808
46.9,3230.3,2393.9,0.11758
47,3172.7,2392.4,0.12811
47.1,3116.1,2390.8,0.13979
47.2,3060.5,2389.3,0.15279
47.3,3005.9,2387.8,0.16726
47.4,2952.3,2386.2,0.18338
47.5,2899.6,2384.7,0.20139
47.6,2847.9,2383.1,0.22151
47.7,2797.1,2381.6,0.24404
47.8,2747.1,2380,0.2693
47.9,2698.1,2378.5,0.29765
48,2650,2377,0.32952
48.1,2602.7,2375.4,0.36541
48.2,2556.3,2373.9,0.40588
48.3,2510.7,2372.4,0.45158
48.4,2465.9,2370.8,0.50326
48.5,2421.9,2369.3,0.56179
48.6,2378.7,2367.8,0.6282
48.7,2336.2,2366.2,0.70365
48.8,2294.5,2364.7,0.78952
48.9,2253.6,2363.2,0.88739
49,2213.4,2361.6,0.99914
49.1,2173.9,2360.1,1.126
49.2,2135.1,2358.6,1.2708
49.3,2097,2357.1,1.4367
49.4,2059.6,2355.5,1.6269
49.5,2022.9,2354,1.8453
49.6,1986.8,2352.5,2.0965
49.7,1951.3,2351,2.3859
49.8,1916.5,2349.4,2.7198
49.9,1882.3,2347.9,3.1056
50,1848.7,2346.4,3.552
50.1,1815.8,2344.9,4.0694
50.2,1783.4,2343.4,4.67
50.3,1751.5,2341.8,5.3684
50.4,1720.3,2340.3,6.1815
50.5,1689.6,2338.8,7.1299
50.6,1659.5,2337.3,8.2378
50.7,1629.8,2335.8,9.5342
50.8,1600.8,2334.3,11.053
50.9,1572.2,2332.8,12.837
51,1544.2,2331.2,14.935
51.1,1516.6,2329.7,17.405
51.2,1489.6,2328.2,20.321
51.3,1463,2326.7,23.768
51.4,1436.9,2325.2,27.85
51.5,1411.2,2323.7,32.695
51.6,1386.1,2322.2,38.455
51.7,1361.3,2320.7,45.319
51.8,1337,2319.2,53.517
51.9,1313.2,2317.7,63.329
52,1289.8,2316.2,75.104
52.1,1266.7,2314.7,89.272
52.2,1244.1,2313.2,106.37
52.3,1221.9,2311.7,127.07
52.4,1200.1,2310.2,152.23
52.5,1178.7,2308.7,182.92
52.6,1157.7,2307.2,220.53
52.7,1137,2305.7,266.88
52.8,1116.8,2304.2,324.31
52.9,1096.8,2302.7,396.01
53,1077.3,2301.2,486.26
53.1,1058,2299.8,600.94
53.2,1039.2,2298.3,748.48
53.3,1020.6,2296.8,940.94
53.4,1002.4,2295.3,1196.5
53.5,984.54,2293.8,1543.1
53.6,966.97,2292.4,2024.6
53.7,949.72,2290.9,2713
53.8,932.77,2289.5,3711.8
53.9,916.13,2288,5116.7
54,899.79,2286.6,7060.6
54.1,883.73,2285.1,9745.3
54.2,867.97,2283.7,13452
54.3,852.48,2282.2,18568
54.4,837.27,2280.8,25630
54.5,822.33,2279.4,35376
54.6,807.66,2277.9,48825
54.7,793.25,2276.5,67379
54.8,779.1,2275,92971
54.9,765.2,2273.6,1.2826e+05
55,751.55,2272.2,1.7689e+05
55.1,738.14,2270.7,2.4387e+05
55.2,724.97,2269.3,3.3604e+05
55.3,712.04,2267.9,4.6272e+05
55.4,699.33,2266.4,6.3653e+05
55.5,686.86,2265,8.7449e+05
55.6,674.6,2263.6,1.1993e+06
55.7,662.57,2262.2,1.6408e+06
55.8,650.74,2260.7,2.2376e+06
55.9,639.13,2259.3,3.0388e+06
56,627.73,2257.9,4.1046e+06
56.1,616.53,2256.4,5.5061e+06
56.2,605.53,2255,7.3232e+06
56.3,594.73,2253.6,9.6401e+06
56.4,584.12,2252.2,1.2538e+07
56.5,573.7,2250.7,1.6089e+07
56.6,563.46,2249.3,2.0344e+07
56.7,553.41,2247.9,2.5333e+07
56.8,543.54,2246.5,3.1059e+07
56.9,533.84,2245.1,3.7502e+07
57,524.31,2243.7,4.4624e+07
57.1,514.96,2242.2,5.2377e+07
57.2,505.77,2240.8,6.0702e+07
57.3,496.75,2239.4,6.9542e+07
57.4,487.89,2238,7.8837e+07
57.5,479.18,2236.6,8.8535e+07
57.6,470.63,2235.2,9.8583e+07
57.7,462.24,2233.8,1.0894e+08
57.8,453.99,2232.3,1.1955e+08
57.9,445.89,2230.9,1.304e+08
58,437.93,2229.5,1.4144e+08
58.1,430.12,2228.1,1.5265e+08
58.2,422.45,2226.7,1.64e+08
58.3,414.91,2225.3,1.7547e+08
58.4,407.51,2223.9,1.8705e+08
58.5,400.24,2222.5,1.987e+08
58.6,393.1,2221.1,2.1043e+08
58.7,386.08,2219.7,2.2221e+08
58.8,379.2,2218.3,2.3403e+08
58.9,372.43,2216.9,2.4588e+08
59,365.79,2215.5,2.5776e+08
59.1,359.26,2214.1,2.6965e+08
59.2,352.85,2212.7,2.8155e+08
59.3,346.56,2211.3,2.9345e+08
59.4,340.37,2209.9,3.0534e+08
59.5,334.3,2208.5,3.1723e+08
59.6,328.34,2207.1,3.2909e+08
59.7,322.48,2205.7,3.4094e+08
59.8,316.72,2204.3,3.5275e+08
59.9,311.07,2202.9,3.6455e+08
60,305.52,2201.5,3.7631e+08
60.1,300.07,2200.1,3.8803e+08
60.2,294.72,2198.8,3.9972e+08
60.3,289.46,2197.4,4.1136e+08
60.4,284.3,2196,4.2297e+08
60.5,279.23,2194.6,4.3453e+08
60.6,274.24,2193.2,4.4605e+08
60.7,269.35,2191.8,4.5751e+08
60.8,264.55,2190.4,4.6893e+08
60.9,259.83,2189.1,4.803e+08
61,255.19,2187.7,4.9161e+08
61.1,250.64,2186.3,5.0288e+08
61.2,246.17,2184.9,5.1409e+08
61.3,241.77,2183.5,5.2524e+08
61.4,237.46,2182.2,5.3634e+08
61.5,233.22,2180.8,5.4738e+08
61.6,229.06,2179.4,5.5837e+08
61.7,224.98,2178,5.6929e+08
61.8,220.96,2176.7,5.8016e+08
61.9,217.02,2175.3,5.9097e+08
62,213.15,2173.9,6.0172e+08
62.1,209.35,2172.5,6.1242e+08
62.2,205.61,2171.2,6.2305e+08
62.3,201.94,2169.8,6.3362e+08
62.4,198.34,2168.4,6.4413e+08
62.5,194.8,2167.1,6.5458e+08
62.6,191.33,2165.7,6.6497e+08
62.7,187.91,2164.3,6.753e+08
62.8,184.56,2163,6.8556e+08
62.9,181.27,2161.6,6.9577e+08
63,178.03,2160.2,7.0591e+08
63.1,174.86,2158.9,7.16e+08
63.2,171.74,2157.5,7.2602e+08
63.3,168.68,2156.1,7.3598e+08
63.4,165.67,2154.8,7.4588e+08
63.5,162.71,2153.4,7.5572e+08
63.6,159.81,2152.1,7.655e+08
63.7,156.96,2150.7,7.7521e+08
63.8,154.16,2149.3,7.8487e+08
63.9,151.41,2148,7.9447e+08
64,148.71,2146.6,8.04e+08
64.1,146.05,2145.3,8.1347e+08
64.2,143.45,2143.9,8.2289e+08
64.3,140.89,2142.6,8.3224e+08
64.4,138.37,2141.2,8.4153e+08
64.5,135.91,2139.9,8.5077e+08
64.6,133.48,2138.5,8.5994e+08
64.7,131.1,2137.2,8.6905e+08
64.8,128.76,2135.8,8.7811e+08
64.9,126.46,2134.5,8.871e+08
65,124.21,2133.1,8.9604e+08
65.1,121.99,2131.8,9.0492e+08
65.2,119.82,2130.4,9.1374e+08
65.3,117.68,2129.1,9.225e+08
65.4,115.58,2127.7,9.3121e+08
65.5,113.52,2126.4,9.3985e+08
65.6,111.49,2125.1,9.4844e+08
65.7,109.5,2123.7,9.5697e+08
65.8,107.55,2122.4,9.6545e+08
65.9,105.63,2121,9.7387e+08
66,103.75,2119.7,9.8223e+08
66.1,101.9,2118.4,9.9053e+08
66.2,100.08,2117,9.9878e+08
66.3,98.292,2115.7,1.007e+09
66.4,96.539,2114.4,1.0151e+09
66.5,94.817,2113,1.0232e+09
66.6,93.125,2111.7,1.0312e+09
66.7,91.464,2110.4,1.0392e+09
66.8,89.832,2109,1.0471e+09
66.9,88.23,2107.7,1.055e+09
67,86.656,2106.4,1.0628e+09
67.1,85.11,2105,1.0706e+09
67.2,83.592,2103.7,1.0783e+09
67.3,82.101,2102.4,1.0859e+09
67.4,80.636,2101.1,1.0935e+09
67.5,79.198,2099.7,1.1011e+09
67.6,77.785,2098.4,1.1086e+09
67.7,76.397,2097.1,1.116e+09
67.8,75.034,2095.8,1.1234e+09
67.9,73.696,2094.4,1.1308e+09
68,72.381,2093.1,1.1381e+09
68.1,71.09,2091.8,1.1453e+09
68.2,69.822,2090.5,1.1525e+09
68.3,68.576,2089.2,1.1597e+09
68.4,67.353,2087.8,1.1668e+09
68.5,66.152,2086.5,1.1738e+09
68.6,64.972,2085.2,1.1808e+09
68.7,63.813,2083.9,1.1878e+09
68.8,62.674,2082.6,1.1947e+09
68.9,61.556,2081.3,1.2015e+09
69,60.458,2080,1.2083e+09
69.1,59.38,2078.6,1.2151e+09
69.2,58.32,2077.3,1.2218e+09
69.3,57.28,2076,1.2284e+09
69.4,56.258,2074.7,1.2351e+09
69.5,55.255,2073.4,1.2416e+09
69.6,54.269,2072.1,1.2482e+09
69.7,53.301,2070.8,1.2546e+09
69.8,52.35,2069.5,1.2611e+09
69.9,51.417,2068.2,1.2675e+09
70,50.499,2066.9,1.2738e+09
70.1,49.599,2065.6,1.2801e+09
70.2,48.714,2064.3,1.2864e+09
70.3,47.845,2063,1.2926e+09
70.4,46.992,2061.7,1.2988e+09
70.5,46.153,2060.4,1.3049e+09
70.6,45.33,2059.1,1.311e+09
70.7,44.522,2057.8,1.317e+09
70.8,43.728,2056.5,1.323e+09
70.9,42.948,2055.2,1.329e+09
71,42.182,2053.9,1.3349e+09
71.1,41.429,2052.6,1.3407e+09
71.2,40.69,2051.3,1.3466e+09
71.3,39.964,2050,1.3524e+09
71.4,39.252,2048.7,1.3581e+09
71.5,38.551,2047.4,1.3638e+09
71.6,37.864,2046.1,1.3695e+09
71.7,37.189,2044.8,1.3751e+09
71.8,36.525,2043.6,1.3807e+09
71.9,35.874,2042.3,1.3863e+09
72,35.234,2041,1.3918e+09
72.1,34.605,2039.7,1.3972e+09
72.2,33.988,2038.4,1.4027e+09
72.3,33.382,2037.1,1.4081e+09
72.4,32.787,2035.8,1.4134e+09
72.5,32.202,2034.6,1.4187e+09
72.6,31.628,2033.3,1.424e+09
72.7,31.064,2032,1.4292e+09
72.8,30.509,2030.7,1.4345e+09
72.9,29.965,2029.4,1.4396e+09
73,29.431,2028.2,1.4447e+09
73.1,28.906,2026.9,1.4498e+09
73.2,28.391,2025.6,1.4549e+09
73.3,27.884,2024.3,1.4599e+09
73.4,27.387,2023,1.4649e+09
73.5,26.898,2021.8,1.4699e+09
73.6,26.419,2020.5,1.4748e+09
73.7,25.948,2019.2,1.4797e+09
73.8,25.485,2018,1.4845e+09
73.9,25.03,2016.7,1.4893e+09
74,24.584,2015.4,1.4941e+09
74.1,24.146,2014.1,1.4988e+09
74.2,23.715,2012.9,1.5035e+09
74.3,23.292,2011.6,1.5082e+09
74.4,22.877,2010.3,1.5129e+09
74.5,22.469,2009.1,1.5175e+09
74.6,22.068,2007.8,1.522e+09
74.7,21.675,2006.5,1.5266e+09
74.8,21.288,2005.3,1.5311e+09
74.9,20.908,2004,1.5356e+09
75,20.536,2002.7,1.54e+09
75.1,20.169,2001.5,1.5444e+09
75.2,19.81,2000.2,1.5488e+09
75.3,19.457,1999,1.5532e+09
75.4,19.11,1997.7,1.5575e+09
75.5,18.769,1996.4,1.5618e+09
75.6,18.434,1995.2,1.566e+09
75.7,18.105,1993.9,1.5703e+09
75.8,17.783,1992.7,1.5745e+09
75.9,17.466,1991.4,1.5786e+09
76,17.154,1990.2,1.5828e+09
76.1,16.848,1988.9,1.5869e+09
76.2,16.548,1987.7,1.591e+09
76.3,16.253,1986.4,1.595e+09
76.4,15.963,1985.2,1.599e+09
76.5,15.678,1983.9,1.603e+09
76.6,15.399,1982.7,1.607e+09
76.7,15.124,1981.4,1.6109e+09
76.8,14.855,1980.2,1.6148e+09
76.9,14.59,1978.9,1.6187e+09
77,14.33,1977.7,1.6226e+09
77.1,14.074,1976.4,1.6264e+09
77.2,13.823,1975.2,1.6302e+09
77.3,13.577,1973.9,1.634e+09
77.4,13.335,1972.7,1.6377e+09
77.5,13.097,1971.5,1.6414e+09
77.6,12.864,1970.2,1.6451e+09
77.7,12.634,1969,1.6488e+09
77.8,12.409,1967.7,1.6524e+09
77.9,12.188,1966.5,1.656e+09
78,11.971,1965.3,1.6596e+09
78.1,11.757,1964,1.6632e+09
78.2,11.548,1962.8,1.6667e+09
78.3,11.342,1961.5,1.6702e+09
78.4,11.14,1960.3,1.6737e+09
78.5,10.941,1959.1,1.6771e+09
78.6,10.746,1957.8,1.6806e+09
78.7,10.555,1956.6,1.684e+09
78.8,10.367,1955.4,1.6874e+09
78.9,10.182,1954.2,1.6907e+09
79,10,1952.9,1.694e+09
79.1,9.8221,1951.7,1.6974e+09
79.2,9.6471,1950.5,1.7006e+09
79.3,9.4751,1949.2,1.7039e+09
79.4,9.3063,1948,1.7071e+09
79.5,9.1404,1946.8,1.7104e+09
79.6,8.9775,1945.6,1.7135e+09
79.7,8.8176,1944.3,1.7167e+09
79.8,8.6604,1943.1,1.7199e+09
79.9,8.5061,1941.9,1.723e+09
80,8.3545,1940.7,1.7261e+09
80.1,8.2057,1939.4,1.7292e+09
80.2,8.0595,1938.2,1.7322e+09
80.3,7.9159,1937,1.7353e+09
80.4,7.7748,1935.8,1.7383e+09
80.5,7.6363,1934.6,1.7413e+09
80.6,7.5003,1933.3,1.7442e+09
80.7,7.3666,1932.1,1.7472e+09
80.8,7.2354,1930.9,1.7501e+09
80.9,7.1065,1929.7,1.753e+09
81,6.9799,1928.5,1.7559e+09
81.1,6.8555,1927.3,1.7588e+09
81.2,6.7334,1926.1,1.7616e+09
81.3,6.6135,1924.9,1.7644e+09
81.4,6.4957,1923.6,1.7672e+09
81.5,6.38,1922.4,1.77e+09
81.6,6.2663,1921.2,1.7728e+09
81.7,6.1547,1920,1.7755e+09
81.8,6.0451,1918.8,1.7782e+09
81.9,5.9374,1917.6,1.7809e+09
82,5.8317,1916.4,1.7836e+09
82.1,5.7278,1915.2,1.7863e+09
82.2,5.6258,1914,1.7889e+09
82.3,5.5257,1912.8,1.7915e+09
82.4,5.4273,1911.6,1.7942e+09
82.5,5.3306,1910.4,1.7967e+09
82.6,5.2357,1909.2,1.7993e+09
82.7,5.1425,1908,1.8019e+09
82.8,5.0509,1906.8,1.8044e+09
82.9,4.961,1905.6,1.8069e+09
83,4.8727,1904.4,1.8094e+09
83.1,4.7859,1903.2,1.8119e+09
83.2,4.7007,1902,1.8143e+09
83.3,4.617,1900.8,1.8168e+09
83.4,4.5349,1899.6,1.8192e+09
83.5,4.4541,1898.4,1.8216e+09
83.6,4.3749,1897.2,1.824e+09
83.7,4.297,1896,1.8264e+09
83.8,4.2205,1894.8,1.8287e+09
83.9,4.1454,1893.6,1.8311e+09
84,4.0716,1892.4,1.8334e+09
84.1,3.9992,1891.2,1.8357e+09
84.2,3.928,1890.1,1.838e+09
84.3,3.8581,1888.9,1.8402e+09
84.4,3.7895,1887.7,1.8425e+09
84.5,3.722,1886.5,1.8447e+09
84.6,3.6558,1885.3,1.8469e+09
84.7,3.5908,1884.1,1.8492e+09
84.8,3.5269,1882.9,1.8513e+09
84.9,3.4642,1881.7,1.8535e+09
85,3.4025,1880.6,1.8557e+09
85.1,3.342,1879.4,1.8578e+09
85.2,3.2826,1878.2,1.8599e+09
85.3,3.2242,1877,1.8621e+09
85.4,3.1669,1875.8,1.8641e+09
85.5,3.1106,1874.7,1.8662e+09
85.6,3.0552,1873.5,1.8683e+09
85.7,3.0009,1872.3,1.8703e+09
85.8,2.9476,1871.1,1.8724e+09
85.9,2.8952,1870,1.8744e+09
86,2.8437,1868.8,1.8764e+09
86.1,2.7931,1867.6,1.8784e+09
86.2,2.7435,1866.4,1.8804e+09
86.3,2.6947,1865.3,1.8823e+09
86.4,2.6468,1864.1,1.8843e+09
86.5,2.5998,1862.9,1.8862e+09
86.6,2.5536,1861.7,1.8881e+09
86.7,2.5082,1860.6,1.89e+09
86.8,2.4637,1859.4,1.8919e+09
86.9,2.4199,1858.2,1.8938e+09
87,2.3769,1857.1,1.8957e+09
87.1,2.3347,1855.9,1.8975e+09
87.2,2.2932,1854.7,1.8994e+09
87.3,2.2525,1853.6,1.9012e+09
87.4,2.2125,1852.4,1.903e+09
87.5,2.1732,1851.2,1.9048e+09
87.6,2.1346,1850.1,1.9066e+09
87.7,2.0967,1848.9,1.9084e+09
87.8,2.0595,1847.8,1.9101e+09
87.9,2.0229,1846.6,1.9119e+09
88,1.987,1845.4,1.9136e+09
88.1,1.9517,1844.3,1.9153e+09
88.2,1.9171,1843.1,1.917e+09
88.3,1.8831,1842,1.9187e+09
88.4,1.8496,1840.8,1.9204e+09
88.5,1.8168,1839.6,1.9221e+09
88.6,1.7846,1838.5,1.9237e+09
88.7,1.7529,1837.3,1.9254e+09
88.8,1.7218,1836.2,1.927e+09
88.9,1.6913,1835,1.9287e+09
89,1.6613,1833.9,1.9303e+09
89.1,1.6319,1832.7,1.9319e+09
89.2,1.6029,1831.6,1.9335e+09
89.3,1.5745,1830.4,1.935e+09
89.4,1.5466,1829.3,1.9366e+09
89.5,1.5192,1828.1,1.9382e+09
89.6,1.4923,1827,1.9397e+09
89.7,1.4658,1825.8,1.9412e+09
89.8,1.4398,1824.7,1.9428e+09
89.9,1.4143,1823.5,1.9443e+09
90,1.3893,1822.4,1.9458e+09
90.1,1.3647,1821.2,1.9472e+09
90.2,1.3405,1820.1,1.9487e+09
90.3,1.3168,1819,1.9502e+09
90.4,1.2935,1817.8,1.9516e+09
90.5,1.2706,1816.7,1.9531e+09
90.6,1.2481,1815.5,1.9545e+09
90.7,1.226,1814.4,1.956e+09
90.8,1.2043,1813.3,1.9574e+09
90.9,1.183,1812.1,1.9588e+09
91,1.1621,1811,1.9602e+09
91.1,1.1415,1809.8,1.9615e+09
91.2,1.1213,1808.7,1.9629e+09
91.3,1.1015,1807.6,1.9643e+09
91.4,1.082,1806.4,1.9656e+09
91.5,1.0629,1805.3,1.967e+09
91.6,1.0441,1804.2,1.9683e+09
91.7,1.0257,1803,1.9696e+09
91.8,1.0075,1801.9,1.971e+09
91.9,0.98974,1800.8,1.9723e+09
92,0.97226,1799.6,1.9736e+09
92.1,0.95509,1798.5,1.9748e+09
92.2,0.93823,1797.4,1.9761e+09
92.3,0.92167,1796.3,1.9774e+09
92.4,0.9054,1795.1,1.9786e+09
92.5,0.88943,1794,1.9799e+09
92.6,0.87373,1792.9,1.9811e+09
92.7,0.85832,1791.7,1.9824e+09
92.8,0.84319,1790.6,1.9836e+09
92.9,0.82832,1789.5,1.9848e+09
93,0.81372,1788.4,1.986e+09
93.1,0.79938,1787.3,1.9872e+09
93.2,0.78529,1786.1,1.9884e+09
93.3,0.77146,1785,1.9896e+09
93.4,0.75787,1783.9,1.9907e+09
93.5,0.74453,1782.8,1.9919e+09
93.6,0.73142,1781.7,1.993e+09
93.7,0.71855,1780.5,1.9942e+09
93.8,0.7059,1779.4,1.9953e+09
93.9,0.69349,1778.3,1.9964e+09
94,0.68129,1777.2,1.9976e+09
94.1,0.66931,1776.1,1.9987e+09
94.2,0.65754,1775,1.9998e+09
94.3,0.64599,1773.8,2.0009e+09
94.4,0.63464,1772.7,2.002e+09
94.5,0.62349,1771.6,2.003e+09
94.6,0.61254,1770.5,2.0041e+09
94.7,0.60179,1769.4,2.0052e+09
94.8,0.59123,1768.3,2.0062e+09
94.9,0.58086,1767.2,2.0073e+09
95,0.57067,1766.1,2.0083e+09
95.1,0.56066,1765,2.0094e+09
95.2,0.55083,1763.9,2.0104e+09
95.3,0.54118,1762.7,2.0114e+09
95.4,0.5317,1761.6,2.0124e+09
95.5,0.52239,1760.5,2.0134e+09
95.6,0.51324,1759.4,2.0144e+09
95.7,0.50426,1758.3,2.0154e+09
95.8,0.49544,1757.2,2.0164e+09
95.9,0.48677,1756.1,2.0174e+09
96,0.47826,1755,2.0183e+09
96.1,0.4699,1753.9,2.0193e+09
96.2,0.46169,1752.8,2.0202e+09
96.3,0.45363,1751.7,2.0212e+09
96.4,0.44571,1750.6,2.0221e+09
96.5,0.43793,1749.5,2.0231e+09
96.6,0.43029,1748.4,2.024e+09
96.7,0.42278,1747.3,2.0249e+09
96.8,0.41541,1746.2,2.0258e+09
96.9,0.40818,1745.1,2.0267e+09
97,0.40107,1744,2.0276e+09
97.1,0.39408,1743,2.0285e+09
97.2,0.38723,1741.9,2.0294e+09
97.3,0.38049,1740.8,2.0303e+09
97.4,0.37387,1739.7,2.0311e+09
97.5,0.36738,1738.6,2.032e+09
97.6,0.36099,1737.5,2.0329e+09
97.7,0.35472,1736.4,2.0337e+09
97.8,0.34857,1735.3,2.0346e+09
97.9,0.34252,1734.2,2.0354e+09
98,0.33658,1733.1,2.0363e+09
98.1,0.33075,1732.1,2.0371e+09
98.2,0.32502,1731,2.0379e+09
98.3,0.31939,1729.9,2.0387e+09
98.4,0.31386,1728.8,2.0395e+09
98.5,0.30844,1727.7,2.0403e+09
98.6,0.3031,1726.6,2.0411e+09
98.7,0.29787,1725.6,2.0419e+09
98.8,0.29272,1724.5,2.0427e+09
98.9,0.28767,1723.4,2.0435e+09
99,0.28271,1722.3,2.0443e+09
99.1,0.27784,1721.2,2.0451e+09
99.2,0.27305,1720.2,2.0458e+09
99.3,0.26835,1719.1,2.0466e+09
99.4,0.26373,1718,2.0473e+09
99.5,0.2592,1716.9,2.0481e+09
99.6,0.25474,1715.8,2.0488e+09
99.7,0.25037,1714.8,2.0496e+09
99.8,0.24607,1713.7,2.0503e+09
99.9,0.24185,1712.6,2.051e+09
100,0.2377,1711.5,2.0517e+09
100.1,0.23363,1710.5,2.0525e+09
100.2,0.22963,1709.4,2.0532e+09
100.3,0.22571,1708.3,2.0539e+09
100.4,0.22185,1707.3,2.0546e+09
100.5,0.21806,1706.2,2.0553e+09
100.6,0.21434,1705.1,2.056e+09
100.7,0.21068,1704.1,2.0567e+09
100.8,0.20709,1703,2.0573e+09
100.9,0.20357,1701.9,2.058e+09
101,0.2001,1700.9,2.0587e+09
101.1,0.1967,1699.8,2.0593e+09
101.2,0.19336,1698.7,2.06e+09
101.3,0.19008,1697.7,2.0607e+09
101.4,0.18686,1696.6,2.0613e+09
101.5,0.18369,1695.5,2.062e+09
101.6,0.18058,1694.5,2.0626e+09
101.7,0.17753,1693.4,2.0632e+09
101.8,0.17453,1692.4,2.0639e+09
101.9,0.17158,1691.3,2.0645e+09
102,0.16869,1690.2,2.0651e+09
102.1,0.16585,1689.2,2.0658e+09
102.2,0.16305,1688.1,2.0664e+09
102.3,0.16031,1687.1,2.067e+09
102.4,0.15762,1686,2.0676e+09
102.5,0.15497,1684.9,2.0682e+09
102.6,0.15238,1683.9,2.0688e+09
102.7,0.14982,1682.8,2.0694e+09
102.8,0.14732,1681.8,2.07e+09
102.9,0.14486,1680.7,2.0705e+09
103,0.14244,1679.7,2.0711e+09
103.1,0.14006,1678.6,2.0717e+09
103.2,0.13773,1677.6,2.0723e+09
103.3,0.13544,1676.5,2.0728e+09
103.4,0.13319,1675.5,2.0734e+09
103.5,0.13098,1674.4,2.074e+09
103.6,0.12881,1673.4,2.0745e+09
103.7,0.12668,1672.3,2.0751e+09
103.8,0.12458,1671.3,2.0756e+09
103.9,0.12252,1670.2,2.0762e+09
104,0.1205,1669.2,2.0767e+09
104.1,0.11852,1668.1,2.0772e+09
104.2,0.11657,1667.1,2.0778e+09
104.3,0.11465,1666.1,2.0783e+09
104.4,0.11277,1665,2.0788e+09
104.5,0.11093,1664,2.0793e+09
104.6,0.10911,1662.9,2.0798e+09
104.7,0.10733,1661.9,2.0804e+09
104.8,0.10558,1660.9,2.0809e+09
104.9,0.10386,1659.8,2.0814e+09
105,0.10217,1658.8,2.0819e+09
105.1,0.10051,1657.7,2.0824e+09
105.2,0.098885,1656.7,2.0829e+09
105.3,0.097285,1655.7,2.0834e+09
105.4,0.095713,1654.6,2.0838e+09
105.5,0.09417,1653.6,2.0843e+09
105.6,0.092653,1652.6,2.0848e+09
105.7,0.091164,1651.5,2.0853e+09
105.8,0.089701,1650.5,2.0857e+09
105.9,0.088264,1649.5,2.0862e+09
106,0.086853,1648.4,2.0867e+09
106.1,0.085467,1647.4,2.0871e+09
106.2,0.084105,1646.4,2.0876e+09
106.3,0.082767,1645.3,2.0881e+09
106.4,0.081454,1644.3,2.0885e+09
106.5,0.080163,1643.3,2.089e+09
106.6,0.078896,1642.2,2.0894e+09
106.7,0.077651,1641.2,2.0898e+09
106.8,0.076428,1640.2,2.0903e+09
106.9,0.075227,1639.2,2.0907e+09
107,0.074047,1638.1,2.0912e+09
107.1,0.072889,1637.1,2.0916e+09
107.2,0.07175,1636.1,2.092e+09
107.3,0.070632,1635.1,2.0924e+09
107.4,0.069534,1634,2.0929e+09
107.5,0.068455,1633,2.0933e+09
107.6,0.067396,1632,2.0937e+09
107.7,0.066355,1631,2.0941e+09
107.8,0.065333,1630,2.0945e+09
107.9,0.064329,1628.9,2.0949e+09
108,0.063342,1627.9,2.0953e+09
108.1,0.062373,1626.9,2.0957e+09
108.2,0.061422,1625.9,2.0961e+09
108.3,0.060487,1624.9,2.0965e+09
108.4,0.059569,1623.9,2.0969e+09
108.5,0.058667,1622.8,2.0973e+09
108.6,0.057781,1621.8,2.0977e+09
108.7,0.056911,1620.8,2.098e+09
108.8,0.056056,1619.8,2.0984e+09
108.9,0.055216,1618.8,2.0988e+09
109,0.054392,1617.8,2.0992e+09
109.1,0.053581,1616.8,2.0995e+09
109.2,0.052786,1615.7,2.0999e+09
109.3,0.052004,1614.7,2.1003e+09
109.4,0.051236,1613.7,2.1006e+09
109.5,0.050482,1612.7,2.101e+09
109.6,0.049741,1611.7,2.1014e+09
109.7,0.049013,1610.7,2.1017e+09
109.8,0.048298,1609.7,2.1021e+09
109.9,0.047596,1608.7,2.1024e+09
110,0.046906,1607.7,2.1028e+09
110.1,0.046229,1606.7,2.1031e+09
110.2,0.045563,1605.7,2.1035e+09
110.3,0.044909,1604.7,2.1038e+09
110.4,0.044267,1603.7,2.1041e+09
110.5,0.043636,1602.7,2.1045e+09
110.6,0.043016,1601.7,2.1048e+09
110.7,0.042407,1600.7,2.1051e+09
110.8,0.041809,1599.7,2.1055e+09
110.9,0.041222,1598.7,2.1058e+09
111,0.040645,1597.7,2.1061e+09
111.1,0.040078,1596.7,2.1064e+09
111.2,0.039521,1595.7,2.1067e+09
111.3,0.038974,1594.7,2.1071e+09
111.4,0.038437,1593.7,2.1074e+09
111.5,0.037909,1592.7,2.1077e+09
111.6,0.03739,1591.7,2.108e+09
111.7,0.036881,1590.7,2.1083e+09
111.8,0.036381,1589.7,2.1086e+09
111.9,0.035889,1588.7,2.1089e+09
112,0.035406,1587.7,2.1092e+09
112.1,0.034932,1586.7,2.1095e+09
112.2,0.034466,1585.7,2.1098e+09
112.3,0.034008,1584.7,2.1101e+09
112.4,0.033558,1583.7,2.1104e+09
112.5,0.033116,1582.8,2.1107e+09
112.6,0.032682,1581.8,2.111e+09
112.7,0.032256,1580.8,2.1112e+09
112.8,0.031837,1579.8,2.1115e+09
112.9,0.031425,1578.8,2.1118e+09
113,0.031021,1577.8,2.1121e+09
113.1,0.030624,1576.8,2.1124e+09
113.2,0.030234,1575.8,2.1126e+09
113.3,0.029851,1574.9,2.1129e+09
113.4,0.029474,1573.9,2.1132e+09
113.5,0.029104,1572.9,2.1134e+09
113.6,0.028741,1571.9,2.1137e+09
113.7,0.028384,1570.9,2.114e+09
113.8,0.028033,1570,2.1142e+09
113.9,0.027688,1569,2.1145e+09
114,0.02735,1568,2.1148e+09
114.1,0.027017,1567,2.115e+09
114.2,0.02669,1566,2.1153e+09
114.3,0.026369,1565.1,2.1155e+09
114.4,0.026054,1564.1,2.1158e+09
114.5,0.025744,1563.1,2.116e+09
114.6,0.02544,1562.1,2.1163e+09
114.7,0.02514,1561.2,2.1165e+09
114.8,0.024847,1560.2,2.1168e+09
114.9,0.024558,1559.2,2.117e+09
115,0.024274,1558.2,2.1173e+09
115.1,0.023995,1557.3,2.1175e+09
115.2,0.023722,1556.3,2.1177e+09
115.3,0.023453,1555.3,2.118e+09
115.4,0.023188,1554.3,2.1182e+09
115.5,0.022928,1553.4,2.1184e+09
115.6,0.022673,1552.4,2.1187e+09
115.7,0.022423,1551.4,2.1189e+09
115.8,0.022176,1550.5,2.1191e+09
115.9,0.021934,1549.5,2.1193e+09
116,0.021696,1548.5,2.1196e+09
116.1,0.021463,1547.6,2.1198e+09
116.2,0.021233,1546.6,2.12e+09
116.3,0.021007,1545.6,2.1202e+09
116.4,0.020786,1544.7,2.1204e+09
116.5,0.020568,1543.7,2.1207e+09
116.6,0.020354,1542.7,2.1209e+09
116.7,0.020144,1541.8,2.1211e+09
116.8,0.019937,1540.8,2.1213e+09
116.9,0.019734,1539.9,2.1215e+09
117,0.019534,1538.9,2.1217e+09
117.1,0.019338,1537.9,2.1219e+09
117.2,0.019146,1537,2.1221e+09
117.3,0.018956,1536,2.1223e+09
117.4,0.01877,1535.1,2.1225e+09
117.5,0.018588,1534.1,2.1227e+09
117.6,0.018408,1533.1,2.1229e+09
117.7,0.018231,1532.2,2.1231e+09
117.8,0.018058,1531.2,2.1233e+09
117.9,0.017887,1530.3,2.1235e+09
118,0.01772,1529.3,2.1237e+09
118.1,0.017555,1528.4,2.1239e+09
118.2,0.017394,1527.4,2.1241e+09
118.3,0.017235,1526.5,2.1243e+09
118.4,0.017078,1525.5,2.1245e+09
118.5,0.016925,1524.6,2.1247e+09
118.6,0.016774,1523.6,2.1248e+09
118.7,0.016625,1522.7,2.125e+09
118.8,0.01648,1521.7,2.1252e+09
118.9,0.016336,1520.8,2.1254e+09
119,0.016196,1519.8,2.1256e+09
119.1,0.016057,1518.9,2.1258e+09
119.2,0.015921,1517.9,2.1259e+09
119.3,0.015788,1517,2.1261e+09
119.4,0.015656,1516,2.1263e+09
119.5,0.015527,1515.1,2.1265e+09
119.6,0.0154,1514.1,2.1266e+09
119.7,0.015275,1513.2,2.1268e+09
119.8,0.015153,1512.2,2.127e+09
119.9,0.015032,1511.3,2.1271e+09
120,0.014914,1510.4,2.1273e+09
120.1,0.014797,1509.4,2.1275e+09
120.2,0.014683,1508.5,2.1276e+09
120.3,0.01457,1507.5,2.1278e+09
120.4,0.01446,1506.6,2.128e+09
120.5,0.014351,1505.7,2.1281e+09
120.6,0.014244,1504.7,2.1283e+09
120.7,0.014139,1503.8,2.1284e+09
120.8,0.014036,1502.8,2.1286e+09
120.9,0.013934,1501.9,2.1287e+09
121,0.013834,1501,2.1289e+09
121.1,0.013736,1500,2.1291e+09
121.2,0.01364,1499.1,2.1292e+09
121.3,0.013545,1498.2,2.1294e+09
121.4,0.013452,1497.2,2.1295e+09
121.5,0.01336,1496.3,2.1297e+09
121.6,0.01327,1495.4,2.1298e+09
121.7,0.013181,1494.4,2.13e+09
121.8,0.013094,1493.5,2.1301e+09
121.9,0.013009,1492.6,2.1302e+09
122,0.012924,1491.6,2.1304e+09
122.1,0.012842,1490.7,2.1305e+09
122.2,0.01276,1489.8,2.1307e+09
122.3,0.01268,1488.9,2.1308e+09
122.4,0.012601,1487.9,2.131e+09
122.5,0.012524,1487,2.1311e+09
122.6,0.012448,1486.1,2.1312e+09
122.7,0.012373,1485.1,2.1314e+09
122.8,0.012299,1484.2,2.1315e+09
122.9,0.012227,1483.3,2.1316e+09
123,0.012156,1482.4,2.1318e+09
123.1,0.012086,1481.4,2.1319e+09
123.2,0.012017,1480.5,2.132e+09
123.3,0.011949,1479.6,2.1322e+09
123.4,0.011883,1478.7,2.1323e+09
123.5,0.011817,1477.8,2.1324e+09
123.6,0.011753,1476.8,2.1326e+09
123.7,0.011689,1475.9,2.1327e+09
123.8,0.011627,1475,2.1328e+09
123.9,0.011566,1474.1,2.1329e+09
124,0.011505,1473.2,2.1331e+09
124.1,0.011446,1472.2,2.1332e+09
124.2,0.011388,1471.3,2.1333e+09
124.3,0.01133,1470.4,2.1334e+09
124.4,0.011274,1469.5,2.1336e+09
124.5,0.011218,1468.6,2.1337e+09
124.6,0.011164,1467.7,2.1338e+09
124.7,0.01111,1466.8,2.1339e+09
124.8,0.011057,1465.8,2.134e+09
124.9,0.011005,1464.9,2.1341e+09
125,0.010954,1464,2.1343e+09
125.1,0.010903,1463.1,2.1344e+09
125.2,0.010854,1462.2,2.1345e+09
125.3,0.010805,1461.3,2.1346e+09
125.4,0.010757,1460.4,2.1347e+09
125.5,0.01071,1459.5,2.1348e+09
125.6,0.010663,1458.6,2.1349e+09
125.7,0.010618,1457.6,2.135e+09
125.8,0.010572,1456.7,2.1352e+09
125.9,0.010528,1455.8,2.1353e+09
126,0.010485,1454.9,2.1354e+09
126.1,0.010442,1454,2.1355e+09
126.2,0.010399,1453.1,2.1356e+09
126.3,0.010358,1452.2,2.1357e+09
126.4,0.010317,1451.3,2.1358e+09
126.5,0.010277,1450.4,2.1359e+09
126.6,0.010237,1449.5,2.136e+09
126.7,0.010198,1448.6,2.1361e+09
126.8,0.01016,1447.7,2.1362e+09
126.9,0.010122,1446.8,2.1363e+09
127,0.010084,1445.9,2.1364e+09
127.1,0.010048,1445,2.1365e+09
127.2,0.010012,1444.1,2.1366e+09
127.3,0.0099761,1443.2,2.1367e+09
127.4,0.0099411,1442.3,2.1368e+09
127.5,0.0099066,1441.4,2.1369e+09
127.6,0.0098727,1440.5,2.137e+09
127.7,0.0098393,1439.6,2.1371e+09
127.8,0.0098064,1438.7,2.1372e+09
127.9,0.0097739,1437.8,2.1373e+09
128,0.009742,1436.9,2.1374e+09
128.1,0.0097106,1436,2.1375e+09
128.2,0.0096796,1435.1,2.1376e+09
128.3,0.0096491,1434.2,2.1376e+09
128.4,0.009619,1433.3,2.1377e+09
128.5,0.0095894,1432.5,2.1378e+09
128.6,0.0095602,1431.6,2.1379e+09
128.7,0.0095315,1430.7,2.138e+09
128.8,0.0095032,1429.8,2.1381e+09
128.9,0.0094753,1428.9,2.1382e+09
129,0.0094478,1428,2.1383e+09
129.1,0.0094207,1427.1,2.1383e+09
129.2,0.009394,1426.2,2.1384e+09
129.3,0.0093677,1425.3,2.1385e+09
129.4,0.0093418,1424.5,2.1386e+09
129.5,0.0093163,1423.6,2.1387e+09
129.6,0.0092911,1422.7,2.1388e+09
129.7,0.0092663,1421.8,2.1388e+09
129.8,0.0092418,1420.9,2.1389e+09
129.9,0.0092177,1420,2.139e+09
130,0.0091939,1419.2,2.1391e+09
130.1,0.0091705,1418.3,2.1392e+09
130.2,0.0091474,1417.4,2.1392e+09
130.3,0.0091246,1416.5,2.1393e+09
130.4,0.0091022,1415.6,2.1394e+09
130.5,0.00908,1414.7,2.1395e+09
130.6,0.0090582,1413.9,2.1396e+09
130.7,0.0090366,1413,2.1396e+09
130.8,0.0090154,1412.1,2.1397e+09
130.9,0.0089945,1411.2,2.1398e+09
131,0.0089738,1410.4,2.1399e+09
131.1,0.0089534,1409.5,2.1399e+09
131.2,0.0089333,1408.6,2.14e+09
131.3,0.0089135,1407.7,2.1401e+09
131.4,0.0088939,1406.8,2.1402e+09
131.5,0.0088746,1406,2.1402e+09
131.6,0.0088556,1405.1,2.1403e+09
131.7,0.0088368,1404.2,2.1404e+09
131.8,0.0088183,1403.4,2.1404e+09
131.9,0.0088,1402.5,2.1405e+09
132,0.0087819,1401.6,2.1406e+09
132.1,0.0087641,1400.7,2.1406e+09
132.2,0.0087465,1399.9,2.1407e+09
132.3,0.0087291,1399,2.1408e+09
132.4,0.008712,1398.1,2.1409e+09
132.5,0.0086951,1397.3,2.1409e+09
132.6,0.0086784,1396.4,2.141e+09
132.7,0.0086619,1395.5,2.141e+09
132.8,0.0086456,1394.7,2.1411e+09
132.9,0.0086295,1393.8,2.1412e+09
133,0.0086137,1392.9,2.1412e+09
133.1,0.008598,1392.1,2.1413e+09
133.2,0.0085825,1391.2,2.1414e+09
133.3,0.0085672,1390.3,2.1414e+09
133.4,0.0085521,1389.5,2.1415e+09
133.5,0.0085372,1388.6,2.1416e+09
133.6,0.0085224,1387.7,2.1416e+09
133.7,0.0085079,1386.9,2.1417e+09
133.8,0.0084935,1386,2.1417e+09
133.9,0.0084793,1385.2,2.1418e+09
134,0.0084652,1384.3,2.1419e+09
134.1,0.0084513,1383.4,2.1419e+09
134.2,0.0084376,1382.6,2.142e+09
134.3,0.0084241,1381.7,2.142e+09
134.4,0.0084107,1380.9,2.1421e+09
134.5,0.0083974,1380,2.1422e+09
134.6,0.0083843,1379.1,2.1422e+09
134.7,0.0083713,1378.3,2.1423e+09
134.8,0.0083585,1377.4,2.1423e+09
134.9,0.0083459,1376.6,2.1424e+09
135,0.0083334,1375.7,2.1424e+09
135.1,0.008321,1374.9,2.1425e+09
135.2,0.0083087,1374,2.1425e+09
135.3,0.0082966,1373.2,2.1426e+09
135.4,0.0082846,1372.3,2.1427e+09
135.5,0.0082728,1371.5,2.1427e+09
135.6,0.0082611,1370.6,2.1428e+09
135.7,0.0082495,1369.8,2.1428e+09
135.8,0.008238,1368.9,2.1429e+09
135.9,0.0082266,1368.1,2.1429e+09
136,0.0082154,1367.2,2.143e+09
136.1,0.0082043,1366.4,2.143e+09
136.2,0.0081933,1365.5,2.1431e+09
136.3,0.0081824,1364.7,2.1431e+09
136.4,0.0081716,1363.8,2.1432e+09
136.5,0.0081609,1363,2.1432e+09
136.6,0.0081504,1362.1,2.1433e+09
136.7,0.0081399,1361.3,2.1433e+09
136.8,0.0081295,1360.4,2.1434e+09
136.9,0.0081193,1359.6,2.1434e+09
137,0.0081091,1358.7,2.1435e+09
137.1,0.0080991,1357.9,2.1435e+09
137.2,0.0080891,1357.1,2.1436e+09
137.3,0.0080792,1356.2,2.1436e+09
137.4,0.0080694,1355.4,2.1437e+09
137.5,0.0080597,1354.5,2.1437e+09
137.6,0.0080501,1353.7,2.1437e+09
137.7,0.0080406,1352.9,2.1438e+09
137.8,0.0080312,1352,2.1438e+09
137.9,0.0080219,1351.2,2.1439e+09
138,0.0080126,1350.3,2.1439e+09
138.1,0.0080034,1349.5,2.144e+09
138.2,0.0079944,1348.7,2.144e+09
138.3,0.0079853,1347.8,2.1441e+09
138.4,0.0079764,1347,2.1441e+09
138.5,0.0079675,1346.2,2.1441e+09
138.6,0.0079588,1345.3,2.1442e+09
138.7,0.00795,1344.5,2.1442e+09
138.8,0.0079414,1343.6,2.1443e+09
138.9,0.0079328,1342.8,2.1443e+09
139,0.0079243,1342,2.1444e+09
139.1,0.0079159,1341.1,2.1444e+09
139.2,0.0079076,1340.3,2.1444e+09
139.3,0.0078993,1339.5,2.1445e+09
139.4,0.007891,1338.7,2.1445e+09
139.5,0.0078829,1337.8,2.1446e+09
139.6,0.0078748,1337,2.1446e+09
139.7,0.0078667,1336.2,2.1446e+09
139.8,0.0078588,1335.3,2.1447e+09
139.9,0.0078509,1334.5,2.1447e+09
140,0.007843,1333.7,2.1448e+09
140.1,0.0078352,1332.9,2.1448e+09
140.2,0.0078275,1332,2.1448e+09
140.3,0.0078198,1331.2,2.1449e+09
140.4,0.0078122,1330.4,2.1449e+09
140.5,0.0078046,1329.6,2.1449e+09
140.6,0.0077971,1328.7,2.145e+09
140.7,0.0077896,1327.9,2.145e+09
140.8,0.0077822,1327.1,2.1451e+09
140.9,0.0077748,1326.3,2.1451e+09
141,0.0077675,1325.4,2.1451e+09
141.1,0.0077602,1324.6,2.1452e+09
141.2,0.007753,1323.8,2.1452e+09
141.3,0.0077458,1323,2.1452e+09
141.4,0.0077387,1322.2,2.1453e+09
141.5,0.0077316,1321.3,2.1453e+09
141.6,0.0077246,1320.5,2.1453e+09
141.7,0.0077176,1319.7,2.1454e+09
141.8,0.0077107,1318.9,2.1454e+09
141.9,0.0077038,1318.1,2.1454e+09
142,0.0076969,1317.2,2.1455e+09
142.1,0.0076901,1316.4,2.1455e+09
142.2,0.0076833,1315.6,2.1455e+09
142.3,0.0076766,1314.8,2.1456e+09
142.4,0.0076699,1314,2.1456e+09
142.5,0.0076632,1313.2,2.1456e+09
142.6,0.0076566,1312.4,2.1457e+09
142.7,0.00765,1311.5,2.1457e+09
142.8,0.0076434,1310.7,2.1457e+09
142.9,0.0076369,1309.9,2.1458e+09
143,0.0076305,1309.1,2.1458e+09
143.1,0.007624,1308.3,2.1458e+09
143.2,0.0076176,1307.5,2.1459e+09
143.3,0.0076112,1306.7,2.1459e+09
143.4,0.0076049,1305.9,2.1459e+09
143.5,0.0075986,1305.1,2.1459e+09
143.6,0.0075923,1304.2,2.146e+09
143.7,0.0075861,1303.4,2.146e+09
143.8,0.0075799,1302.6,2.146e+09
143.9,0.0075737,1301.8,2.1461e+09
144,0.0075675,1301,2.1461e+09
144.1,0.0075614,1300.2,2.1461e+09
144.2,0.0075553,1299.4,2.1461e+09
144.3,0.0075493,1298.6,2.1462e+09
144.4,0.0075432,1297.8,2.1462e+09
144.5,0.0075372,1297,2.1462e+09
144.6,0.0075313,1296.2,2.1463e+09
144.7,0.0075253,1295.4,2.1463e+09
144.8,0.0075194,1294.6,2.1463e+09
144.9,0.0075135,1293.8,2.1463e+09
145,0.0075076,1293,2.1464e+09
145.1,0.0075018,1292.2,2.1464e+09
145.2,0.007496,1291.4,2.1464e+09
145.3,0.0074902,1290.6,2.1464e+09
145.4,0.0074844,1289.8,2.1465e+09
145.5,0.0074786,1289,2.1465e+09
145.6,0.0074729,1288.2,2.1465e+09
145.7,0.0074672,1287.4,2.1465e+09
145.8,0.0074615,1286.6,2.1466e+09
145.9,0.0074559,1285.8,2.1466e+09
146,0.0074502,1285,2.1466e+09
146.1,0.0074446,1284.2,2.1466e+09
146.2,0.007439,1283.4,2.1467e+09
146.3,0.0074335,1282.6,2.1467e+09
146.4,0.0074279,1281.8,2.1467e+09
146.5,0.0074224,1281,2.1467e+09
146.6,0.0074169,1280.2,2.1468e+09
146.7,0.0074114,1279.4,2.1468e+09
146.8,0.0074059,1278.7,2.1468e+09
146.9,0.0074005,1277.9,2.1468e+09
147,0.007395,1277.1,2.1469e+09
147.1,0.0073896,1276.3,2.1469e+09
147.2,0.0073842,1275.5,2.1469e+09
147.3,0.0073789,1274.7,2.1469e+09
147.4,0.0073735,1273.9,2.147e+09
147.5,0.0073682,1273.1,2.147e+09
147.6,0.0073628,1272.3,2.147e+09
147.7,0.0073575,1271.6,2.147e+09
147.8,0.0073522,1270.8,2.147e+09
147.9,0.007347,1270,2.1471e+09
148,0.0073417,1269.2,2.1471e+09
148.1,0.0073365,1268.4,2.1471e+09
148.2,0.0073312,1267.6,2.1471e+09
148.3,0.007326,1266.8,2.1471e+09
148.4,0.0073208,1266.1,2.1472e+09
148.5,0.0073156,1265.3,2.1472e+09
148.6,0.0073105,1264.5,2.1472e+09
148.7,0.0073053,1263.7,2.1472e+09
148.8,0.0073002,1262.9,2.1472e+09
148.9,0.0072951,1262.1,2.1473e+09
149,0.00729,1261.4,2.1473e+09
149.1,0.0072849,1260.6,2.1473e+09
149.2,0.0072798,1259.8,2.1473e+09
149.3,0.0072747,1259,2.1473e+09
149.4,0.0072697,1258.2,2.1474e+09
149.5,0.0072646,1257.5,2.1474e+09
149.6,0.0072596,1256.7,2.1474e+09
149.7,0.0072546,1255.9,2.1474e+09
149.8,0.0072496,1255.1,2.1474e+09
149.9,0.0072446,1254.4,2.1475e+09
150,0.0072396,1253.6,2.1475e+09
150.1,0.0072346,1252.8,2.1475e+09
150.2,0.0072297,1252,2.1475e+09
150.3,0.0072247,1251.3,2.1475e+09
150.4,0.0072198,1250.5,2.1476e+09
150.5,0.0072149,1249.7,2.1476e+09
150.6,0.00721,1248.9,2.1476e+09
150.7,0.0072051,1248.2,2.1476e+09
150.8,0.0072002,1247.4,2.1476e+09
150.9,0.0071953,1246.6,2.1476e+09
151,0.0071904,1245.9,2.1477e+09
151.1,0.0071856,1245.1,2.1477e+09
151.2,0.0071807,1244.3,2.1477e+09
151.3,0.0071759,1243.6,2.1477e+09
151.4,0.0071711,1242.8,2.1477e+09
151.5,0.0071663,1242,2.1477e+09
151.6,0.0071615,1241.2,2.1478e+09
151.7,0.0071567,1240.5,2.1478e+09
151.8,0.0071519,1239.7,2.1478e+09
151.9,0.0071471,1238.9,2.1478e+09
152,0.0071423,1238.2,2.1478e+09
152.1,0.0071376,1237.4,2.1478e+09
152.2,0.0071328,1236.7,2.1479e+09
152.3,0.0071281,1235.9,2.1479e+09
152.4,0.0071234,1235.1,2.1479e+09
152.5,0.0071186,1234.4,2.1479e+09
152.6,0.0071139,1233.6,2.1479e+09
152.7,0.0071092,1232.8,2.1479e+09
152.8,0.0071045,1232.1,2.1479e+09
152.9,0.0070998,1231.3,2.148e+09
153,0.0070952,1230.6,2.148e+09
153.1,0.0070905,1229.8,2.148e+09
153.2,0.0070858,1229,2.148e+09
153.3,0.0070812,1228.3,2.148e+09
153.4,0.0070765,1227.5,2.148e+09
153.5,0.0070719,1226.8,2.1481e+09
153.6,0.0070672,1226,2.1481e+09
153.7,0.0070626,1225.2,2.1481e+09
153.8,0.007058,1224.5,2.1481e+09
153.9,0.0070534,1223.7,2.1481e+09
154,0.0070488,1223,2.1481e+09
154.1,0.0070442,1222.2,2.1481e+09
154.2,0.0070396,1221.5,2.1481e+09
154.3,0.007035,1220.7,2.1482e+09
154.4,0.0070305,1220,2.1482e+09
154.5,0.0070259,1219.2,2.1482e+09
154.6,0.0070213,1218.5,2.1482e+09
154.7,0.0070168,1217.7,2.1482e+09
154.8,0.0070122,1217,2.1482e+09
154.9,0.0070077,1216.2,2.1482e+09
155,0.0070032,1215.5,2.1483e+09
155.1,0.0069986,1214.7,2.1483e+09
155.2,0.0069941,1214,2.1483e+09
155.3,0.0069896,1213.2,2.1483e+09
155.4,0.0069851,1212.5,2.1483e+09
155.5,0.0069806,1211.7,2.1483e+09
155.6,0.0069761,1211,2.1483e+09
155.7,0.0069716,1210.2,2.1483e+09
155.8,0.0069671,1209.5,2.1484e+09
155.9,0.0069626,1208.7,2.1484e+09
156,0.0069582,1208,2.1484e+09
156.1,0.0069537,1207.2,2.1484e+09
156.2,0.0069492,1206.5,2.1484e+09
156.3,0.0069448,1205.7,2.1484e+09
156.4,0.0069403,1205,2.1484e+09
156.5,0.0069359,1204.2,2.1484e+09
156.6,0.0069315,1203.5,2.1484e+09
156.7,0.006927,1202.8,2.1485e+09
156.8,0.0069226,1202,2.1485e+09
156.9,0.0069182,1201.3,2.1485e+09
157,0.0069138,1200.5,2.1485e+09
157.1,0.0069094,1199.8,2.1485e+09
157.2,0.006905,1199.1,2.1485e+09
157.3,0.0069006,1198.3,2.1485e+09
157.4,0.0068962,1197.6,2.1485e+09
157.5,0.0068918,1196.8,2.1485e+09
157.6,0.0068874,1196.1,2.1486e+09
157.7,0.006883,1195.4,2.1486e+09
157.8,0.0068786,1194.6,2.1486e+09
157.9,0.0068743,1193.9,2.1486e+09
158,0.0068699,1193.2,2.1486e+09
158.1,0.0068656,1192.4,2.1486e+09
158.2,0.0068612,1191.7,2.1486e+09
158.3,0.0068569,1191,2.1486e+09
158.4,0.0068525,1190.2,2.1486e+09
158.5,0.0068482,1189.5,2.1486e+09
158.6,0.0068438,1188.7,2.1487e+09
158.7,0.0068395,1188,2.1487e+09
158.8,0.0068352,1187.3,2.1487e+09
158.9,0.0068309,1186.6,2.1487e+09
159,0.0068265,1185.8,2.1487e+09
159.1,0.0068222,1185.1,2.1487e+09
159.2,0.0068179,1184.4,2.1487e+09
159.3,0.0068136,1183.6,2.1487e+09
159.4,0.0068093,1182.9,2.1487e+09
159.5,0.006805,1182.2,2.1487e+09
159.6,0.0068007,1181.4,2.1488e+09
159.7,0.0067965,1180.7,2.1488e+09
159.8,0.0067922,1180,2.1488e+09
159.9,0.0067879,1179.3,2.1488e+09
160,0.0067836,1178.5,2.1488e+09
160.1,0.0067794,1177.8,2.1488e+09
160.2,0.0067751,1177.1,2.1488e+09
160.3,0.0067708,1176.4,2.1488e+09
160.4,0.0067666,1175.6,2.1488e+09
160.5,0.0067623,1174.9,2.1488e+09
160.6,0.0067581,1174.2,2.1488e+09
160.7,0.0067538,1173.5,2.1489e+09
160.8,0.0067496,1172.7,2.1489e+09
160.9,0.0067454,1172,2.1489e+09
161,0.0067411,1171.3,2.1489e+09
161.1,0.0067369,1170.6,2.1489e+09
161.2,0.0067327,1169.8,2.1489e+09
161.3,0.0067285,1169.1,2.1489e+09
161.4,0.0067243,1168.4,2.1489e+09
161.5,0.00672,1167.7,2.1489e+09
161.6,0.0067158,1167,2.1489e+09
161.7,0.0067116,1166.3,2.1489e+09
161.8,0.0067074,1165.5,2.1489e+09
161.9,0.0067032,1164.8,2.1489e+09
162,0.006699,1164.1,2.149e+09
162.1,0.0066949,1163.4,2.149e+09
162.2,0.0066907,1162.7,2.149e+09
162.3,0.0066865,1161.9,2.149e+09
162.4,0.0066823,1161.2,2.149e+09
162.5,0.0066781,1160.5,2.149e+09
162.6,0.006674,1159.8,2.149e+09
162.7,0.0066698,1159.1,2.149e+09
162.8,0.0066656,1158.4,2.149e+09
162.9,0.0066615,1157.7,2.149e+09
163,0.0066573,1156.9,2.149e+09
163.1,0.0066532,1156.2,2.149e+09
163.2,0.006649,1155.5,2.149e+09
163.3,0.0066449,1154.8,2.149e+09
163.4,0.0066407,1154.1,2.1491e+09
163.5,0.0066366,1153.4,2.1491e+09
163.6,0.0066325,1152.7,2.1491e+09
163.7,0.0066283,1152,2.1491e+09
163.8,0.0066242,1151.3,2.1491e+09
163.9,0.0066201,1150.6,2.1491e+09
164,0.006616,1149.8,2.1491e+09
164.1,0.0066118,1149.1,2.1491e+09
164.2,0.0066077,1148.4,2.1491e+09
164.3,0.0066036,1147.7,2.1491e+09
164.4,0.0065995,1147,2.1491e+09
164.5,0.0065954,1146.3,2.1491e+09
164.6,0.0065913,1145.6,2.1491e+09
164.7,0.0065872,1144.9,2.1491e+09
164.8,0.0065831,1144.2,2.1491e+09
164.9,0.006579,1143.5,2.1492e+09
165,0.0065749,1142.8,2.1492e+09
165.1,0.0065708,1142.1,2.1492e+09
165.2,0.0065668,1141.4,2.1492e+09
165.3,0.0065627,1140.7,2.1492e+09
165.4,0.0065586,1140,2.1492e+09
165.5,0.0065545,1139.3,2.1492e+09
165.6,0.0065505,1138.6,2.1492e+09
165.7,0.0065464,1137.9,2.1492e+09
165.8,0.0065423,1137.2,2.1492e+09
165.9,0.0065383,1136.5,2.1492e+09
166,0.0065342,1135.8,2.1492e+09
166.1,0.0065302,1135.1,2.1492e+09
166.2,0.0065261,1134.4,2.1492e+09
166.3,0.0065221,1133.7,2.1492e+09
166.4,0.006518,1133,2.1492e+09
166.5,0.006514,1132.3,2.1492e+09
166.6,0.00651,1131.6,2.1493e+09
166.7,0.0065059,1130.9,2.1493e+09
166.8,0.0065019,1130.2,2.1493e+09
166.9,0.0064979,1129.5,2.1493e+09
167,0.0064938,1128.8,2.1493e+09
167.1,0.0064898,1128.1,2.1493e+09
167.2,0.0064858,1127.4,2.1493e+09
167.3,0.0064818,1126.7,2.1493e+09
167.4,0.0064778,1126,2.1493e+09
167.5,0.0064737,1125.4,2.1493e+09
167.6,0.0064697,1124.7,2.1493e+09
167.7,0.0064657,1124,2.1493e+09
167.8,0.0064617,1123.3,2.1493e+09
167.9,0.0064577,1122.6,2.1493e+09
168,0.0064537,1121.9,2.1493e+09
168.1,0.0064497,1121.2,2.1493e+09
168.2,0.0064458,1120.5,2.1493e+09
168.3,0.0064418,1119.8,2.1493e+09
168.4,0.0064378,1119.1,2.1493e+09
168.5,0.0064338,1118.5,2.1494e+09
168.6,0.0064298,1117.8,2.1494e+09
168.7,0.0064259,1117.1,2.1494e+09
168.8,0.0064219,1116.4,2.1494e+09
168.9,0.0064179,1115.7,2.1494e+09
169,0.0064139,1115,2.1494e+09
169.1,0.00641,1114.3,2.1494e+09
169.2,0.006406,1113.7,2.1494e+09
169.3,0.0064021,1113,2.1494e+09
169.4,0.0063981,1112.3,2.1494e+09
169.5,0.0063942,1111.6,2.1494e+09
169.6,0.0063902,1110.9,2.1494e+09
169.7,0.0063863,1110.2,2.1494e+09
169.8,0.0063823,1109.6,2.1494e+09
169.9,0.0063784,1108.9,2.1494e+09
170,0.0063744,1108.2,2.1494e+09
170.1,0.0063705,1107.5,2.1494e+09
170.2,0.0063666,1106.8,2.1494e+09
170.3,0.0063626,1106.2,2.1494e+09
170.4,0.0063587,1105.5,2.1494e+09
170.5,0.0063548,1104.8,2.1494e+09
170.6,0.0063509,1104.1,2.1494e+09
170.7,0.0063469,1103.4,2.1494e+09
170.8,0.006343,1102.8,2.1495e+09
170.9,0.0063391,1102.1,2.1495e+09
171,0.0063352,1101.4,2.1495e+09
171.1,0.0063313,1100.7,2.1495e+09
171.2,0.0063274,1100.1,2.1495e+09
171.3,0.0063235,1099.4,2.1495e+09
171.4,0.0063196,1098.7,2.1495e+09
171.5,0.0063157,1098,2.1495e+09
171.6,0.0063118,1097.4,2.1495e+09
171.7,0.0063079,1096.7,2.1495e+09
171.8,0.006304,1096,2.1495e+09
171.9,0.0063001,1095.3,2.1495e+09
172,0.0062963,1094.7,2.1495e+09
172.1,0.0062924,1094,2.1495e+09
172.2,0.0062885,1093.3,2.1495e+09
172.3,0.0062846,1092.7,2.1495e+09
172.4,0.0062807,1092,2.1495e+09
172.5,0.0062769,1091.3,2.1495e+09
172.6,0.006273,1090.6,2.1495e+09
172.7,0.0062691,1090,2.1495e+09
172.8,0.0062653,1089.3,2.1495e+09
172.9,0.0062614,1088.6,2.1495e+09
173,0.0062576,1088,2.1495e+09
173.1,0.0062537,1087.3,2.1495e+09
173.2,0.0062499,1086.6,2.1495e+09
173.3,0.006246,1086,2.1495e+09
173.4,0.0062422,1085.3,2.1495e+09
173.5,0.0062383,1084.6,2.1496e+09
173.6,0.0062345,1084,2.1496e+09
173.7,0.0062306,1083.3,2.1496e+09
173.8,0.0062268,1082.6,2.1496e+09
173.9,0.006223,1082,2.1496e+09
174,0.0062191,1081.3,2.1496e+09
174.1,0.0062153,1080.7,2.1496e+09
174.2,0.0062115,1080,2.1496e+09
174.3,0.0062077,1079.3,2.1496e+09
174.4,0.0062038,1078.7,2.1496e+09
174.5,0.0062,1078,2.1496e+09
174.6,0.0061962,1077.3,2.1496e+09
174.7,0.0061924,1076.7,2.1496e+09
174.8,0.0061886,1076,2.1496e+09
174.9,0.0061848,1075.4,2.1496e+09
175,0.006181,1074.7,2.1496e+09
175.1,0.0061772,1074,2.1496e+09
175.2,0.0061734,1073.4,2.1496e+09
175.3,0.0061696,1072.7,2.1496e+09
175.4,0.0061658,1072.1,2.1496e+09
175.5,0.006162,1071.4,2.1496e+09
175.6,0.0061582,1070.8,2.1496e+09
175.7,0.0061544,1070.1,2.1496e+09
175.8,0.0061506,1069.4,2.1496e+09
175.9,0.0061469,1068.8,2.1496e+09
176,0.0061431,1068.1,2.1496e+09
176.1,0.0061393,1067.5,2.1496e+09
176.2,0.0061355,1066.8,2.1496e+09
176.3,0.0061318,1066.2,2.1496e+09
176.4,0.006128,1065.5,2.1496e+09
176.5,0.0061242,1064.9,2.1496e+09
176.6,0.0061205,1064.2,2.1496e+09
176.7,0.0061167,1063.6,2.1496e+09
176.8,0.0061129,1062.9,2.1496e+09
176.9,0.0061092,1062.3,2.1496e+09
177,0.0061054,1061.6,2.1497e+09
177.1,0.0061017,1061,2.1497e+09
177.2,0.0060979,1060.3,2.1497e+09
177.3,0.0060942,1059.7,2.1497e+09
177.4,0.0060904,1059,2.1497e+09
177.5,0.0060867,1058.4,2.1497e+09
177.6,0.006083,1057.7,2.1497e+09
177.7,0.0060792,1057.1,2.1497e+09
177.8,0.0060755,1056.4,2.1497e+09
177.9,0.0060718,1055.8,2.1497e+09
178,0.006068,1055.1,2.1497e+09
178.1,0.0060643,1054.5,2.1497e+09
178.2,0.0060606,1053.8,2.1497e+09
178.3,0.0060569,1053.2,2.1497e+09
178.4,0.0060531,1052.5,2.1497e+09
178.5,0.0060494,1051.9,2.1497e+09
178.6,0.0060457,1051.3,2.1497e+09
178.7,0.006042,1050.6,2.1497e+09
178.8,0.0060383,1050,2.1497e+09
178.9,0.0060346,1049.3,2.1497e+09
179,0.0060309,1048.7,2.1497e+09
179.1,0.0060272,1048,2.1497e+09
179.2,0.0060235,1047.4,2.1497e+09
179.3,0.0060198,1046.8,2.1497e+09
179.4,0.0060161,1046.1,2.1497e+09
179.5,0.0060124,1045.5,2.1497e+09
179.6,0.0060087,1044.8,2.1497e+09
179.7,0.006005,1044.2,2.1497e+09
179.8,0.0060013,1043.6,2.1497e+09
179.9,0.0059976,1042.9,2.1497e+09
180,0.005994,1042.3,2.1497e+09
180.1,0.0059903,1041.6,2.1497e+09
180.2,0.0059866,1041,2.1497e+09
180.3,0.0059829,1040.4,2.1497e+09
180.4,0.0059793,1039.7,2.1497e+09
180.5,0.0059756,1039.1,2.1497e+09
180.6,0.0059719,1038.5,2.1497e+09
180.7,0.0059683,1037.8,2.1497e+09
180.8,0.0059646,1037.2,2.1497e+09
180.9,0.005961,1036.6,2.1497e+09
181,0.0059573,1035.9,2.1497e+09
181.1,0.0059536,1035.3,2.1497e+09
181.2,0.00595,1034.7,2.1497e+09
181.3,0.0059463,1034,2.1497e+09
181.4,0.0059427,1033.4,2.1497e+09
181.5,0.0059391,1032.8,2.1497e+09
181.6,0.0059354,1032.1,2.1498e+09
181.7,0.0059318,1031.5,2.1498e+09
181.8,0.0059281,1030.9,2.1498e+09
181.9,0.0059245,1030.2,2.1498e+09
182,0.0059209,1029.6,2.1498e+09
182.1,0.0059172,1029,2.1498e+09
182.2,0.0059136,1028.3,2.1498e+09
182.3,0.00591,1027.7,2.1498e+09
182.4,0.0059064,1027.1,2.1498e+09
182.5,0.0059028,1026.5,2.1498e+09
182.6,0.0058991,1025.8,2.1498e+09
182.7,0.0058955,1025.2,2.1498e+09
182.8,0.0058919,1024.6,2.1498e+09
182.9,0.0058883,1024,2.1498e+09
183,0.0058847,1023.3,2.1498e+09
183.1,0.0058811,1022.7,2.1498e+09
183.2,0.0058775,1022.1,2.1498e+09
183.3,0.0058739,1021.5,2.1498e+09
183.4,0.0058703,1020.8,2.1498e+09
183.5,0.0058667,1020.2,2.1498e+09
183.6,0.0058631,1019.6,2.1498e+09
183.7,0.0058595,1019,2.1498e+09
183.8,0.0058559,1018.3,2.1498e+09
183.9,0.0058523,1017.7,2.1498e+09
184,0.0058487,1017.1,2.1498e+09
184.1,0.0058452,1016.5,2.1498e+09
184.2,0.0058416,1015.9,2.1498e+09
184.3,0.005838,1015.2,2.1498e+09
184.4,0.0058344,1014.6,2.1498e+09
184.5,0.0058309,1014,2.1498e+09
184.6,0.0058273,1013.4,2.1498e+09
184.7,0.0058237,1012.8,2.1498e+09
184.8,0.0058202,1012.1,2.1498e+09
184.9,0.0058166,1011.5,2.1498e+09
185,0.005813,1010.9,2.1498e+09
185.1,0.0058095,1010.3,2.1498e+09
185.2,0.0058059,1009.7,2.1498e+09
185.3,0.0058024,1009,2.1498e+09
185.4,0.0057988,1008.4,2.1498e+09
185.5,0.0057953,1007.8,2.1498e+09
185.6,0.0057917,1007.2,2.1498e+09
185.7,0.0057882,1006.6,2.1498e+09
185.8,0.0057846,1006,2.1498e+09
185.9,0.0057811,1005.4,2.1498e+09
186,0.0057775,1004.7,2.1498e+09
186.1,0.005774,1004.1,2.1498e+09
186.2,0.0057705,1003.5,2.1498e+09
186.3,0.0057669,1002.9,2.1498e+09
186.4,0.0057634,1002.3,2.1498e+09
186.5,0.0057599,1001.7,2.1498e+09
186.6,0.0057564,1001.1,2.1498e+09
186.7,0.0057528,1000.5,2.1498e+09
186.8,0.0057493,999.85,2.1498e+09
186.9,0.0057458,999.24,2.1498e+09
187,0.0057423,998.63,2.1498e+09
187.1,0.0057388,998.02,2.1498e+09
187.2,0.0057353,997.41,2.1498e+09
187.3,0.0057318,996.8,2.1498e+09
187.4,0.0057283,996.19,2.1498e+09
187.5,0.0057248,995.58,2.1498e+09
187.6,0.0057213,994.98,2.1498e+09
187.7,0.0057178,994.37,2.1498e+09
187.8,0.0057143,993.76,2.1498e+09
187.9,0.0057108,993.16,2.1498e+09
188,0.0057073,992.55,2.1498e+09
188.1,0.0057038,991.94,2.1498e+09
188.2,0.0057003,991.34,2.1498e+09
188.3,0.0056968,990.74,2.1498e+09
188.4,0.0056933,990.13,2.1498e+09
188.5,0.0056898,989.53,2.1499e+09
188.6,0.0056864,988.92,2.1499e+09
188.7,0.0056829,988.32,2.1499e+09
188.8,0.0056794,987.72,2.1499e+09
188.9,0.0056759,987.12,2.1499e+09
189,0.0056725,986.51,2.1499e+09
189.1,0.005669,985.91,2.1499e+09
189.2,0.0056655,985.31,2.1499e+09
189.3,0.0056621,984.71,2.1499e+09
189.4,0.0056586,984.11,2.1499e+09
189.5,0.0056552,983.51,2.1499e+09
189.6,0.0056517,982.91,2.1499e+09
189.7,0.0056483,982.31,2.1499e+09
189.8,0.0056448,981.71,2.1499e+09
189.9,0.0056414,981.11,2.1499e+09
190,0.0056379,980.52,2.1499e+09
190.1,0.0056345,979.92,2.1499e+09
190.2,0.005631,979.32,2.1499e+09
190.3,0.0056276,978.72,2.1499e+09
190.4,0.0056241,978.13,2.1499e+09
190.5,0.0056207,977.53,2.1499e+09
190.6,0.0056173,976.94,2.1499e+09
190.7,0.0056138,976.34,2.1499e+09
190.8,0.0056104,975.74,2.1499e+09
190.9,0.005607,975.15,2.1499e+09
191,0.0056036,974.56,2.1499e+09
191.1,0.0056001,973.96,2.1499e+09
191.2,0.0055967,973.37,2.1499e+09
191.3,0.0055933,972.78,2.1499e+09
191.4,0.0055899,972.18,2.1499e+09
191.5,0.0055865,971.59,2.1499e+09
191.6,0.0055831,971,2.1499e+09
191.7,0.0055797,970.41,2.1499e+09
191.8,0.0055763,969.82,2.1499e+09
191.9,0.0055729,969.23,2.1499e+09
192,0.0055694,968.64,2.1499e+09
192.1,0.005566,968.05,2.1499e+09
192.2,0.0055627,967.46,2.1499e+09
192.3,0.0055593,966.87,2.1499e+09
192.4,0.0055559,966.28,2.1499e+09
192.5,0.0055525,965.69,2.1499e+09
192.6,0.0055491,965.1,2.1499e+09
192.7,0.0055457,964.51,2.1499e+09
192.8,0.0055423,963.93,2.1499e+09
192.9,0.0055389,963.34,2.1499e+09
193,0.0055355,962.75,2.1499e+09
193.1,0.0055322,962.17,2.1499e+09
193.2,0.0055288,961.58,2.1499e+09
193.3,0.0055254,961,2.1499e+09
193.4,0.0055221,960.41,2.1499e+09
193.5,0.0055187,959.83,2.1499e+09
193.6,0.0055153,959.24,2.1499e+09
193.7,0.0055119,958.66,2.1499e+09
193.8,0.0055086,958.08,2.1499e+09
193.9,0.0055052,957.49,2.1499e+09
194,0.0055019,956.91,2.1499e+09
194.1,0.0054985,956.33,2.1499e+09
194.2,0.0054952,955.74,2.1499e+09
194.3,0.0054918,955.16,2.1499e+09
194.4,0.0054885,954.58,2.1499e+09
194.5,0.0054851,954,2.1499e+09
194.6,0.0054818,953.42,2.1499e+09
194.7,0.0054784,952.84,2.1499e+09
194.8,0.0054751,952.26,2.1499e+09
194.9,0.0054717,951.68,2.1499e+09
195,0.0054684,951.1,2.1499e+09
195.1,0.0054651,950.52,2.1499e+09
195.2,0.0054617,949.95,2.1499e+09
195.3,0.0054584,949.37,2.1499e+09
195.4,0.0054551,948.79,2.1499e+09
195.5,0.0054518,948.21,2.1499e+09
195.6,0.0054484,947.64,2.1499e+09
195.7,0.0054451,947.06,2.1499e+09
195.8,0.0054418,946.48,2.1499e+09
195.9,0.0054385,945.91,2.1499e+09
196,0.0054352,945.33,2.1499e+09
196.1,0.0054319,944.76,2.1499e+09
196.2,0.0054285,944.18,2.1499e+09
196.3,0.0054252,943.61,2.1499e+09
196.4,0.0054219,943.04,2.1499e+09
196.5,0.0054186,942.46,2.1499e+09
196.6,0.0054153,941.89,2.1499e+09
196.7,0.005412,941.32,2.1499e+09
196.8,0.0054087,940.75,2.1499e+09
196.9,0.0054054,940.17,2.1499e+09
197,0.0054021,939.6,2.1499e+09
197.1,0.0053988,939.03,2.1499e+09
197.2,0.0053956,938.46,2.1499e+09
197.3,0.0053923,937.89,2.1499e+09
197.4,0.005389,937.32,2.1499e+09
197.5,0.0053857,936.75,2.1499e+09
197.6,0.0053824,936.18,2.1499e+09
197.7,0.0053791,935.61,2.1499e+09
197.8,0.0053759,935.04,2.1499e+09
197.9,0.0053726,934.48,2.1499e+09
198,0.0053693,933.91,2.1499e+09
198.1,0.005366,933.34,2.1499e+09
198.2,0.0053628,932.77,2.1499e+09
198.3,0.0053595,932.21,2.1499e+09
198.4,0.0053563,931.64,2.1499e+09
198.5,0.005353,931.08,2.1499e+09
198.6,0.0053497,930.51,2.1499e+09
198.7,0.0053465,929.94,2.1499e+09
198.8,0.0053432,929.38,2.1499e+09
198.9,0.00534,928.81,2.1499e+09
199,0.0053367,928.25,2.1499e+09
199.1,0.0053335,927.69,2.1499e+09
199.2,0.0053302,927.12,2.1499e+09
199.3,0.005327,926.56,2.1499e+09
199.4,0.0053237,926,2.1499e+09
199.5,0.0053205,925.44,2.1499e+09
199.6,0.0053173,924.87,2.1499e+09
199.7,0.005314,924.31,2.1499e+09
199.8,0.0053108,923.75,2.1499e+09
199.9,0.0053076,923.19,2.1499e+09
200,0.0053043,922.63,2.1499e+09
