0,2e+07,1000,1e+06
0.1,1.9643e+07,1050.9,9.5594e+05
0.2,1.9293e+07,1100.8,9.1362e+05
0.3,1.8948e+07,1149.8,8.7296e+05
0.4,1.861e+07,1197.8,8.3393e+05
0.5,1.8278e+07,1245,7.9645e+05
0.6,1.7952e+07,1291.3,7.6049e+05
0.7,1.7632e+07,1336.7,7.2598e+05
0.8,1.7317e+07,1381.2,6.9288e+05
0.9,1.7008e+07,1424.9,6.6114e+05
1,1.6705e+07,1467.8,6.307e+05
1.1,1.6407e+07,1509.9,6.0153e+05
1.2,1.6114e+07,1551.2,5.736e+05
1.3,1.5827e+07,1591.7,5.4683e+05
1.4,1.5544e+07,1631.4,5.212e+05
1.5,1.5267e+07,1670.4,4.9666e+05
1.6,1.4995e+07,1708.7,4.7317e+05
1.7,1.4727e+07,1746.2,4.5069e+05
1.8,1.4464e+07,1783,4.2919e+05
1.9,1.4206e+07,1819.1,4.0863e+05
2,1.3953e+07,1854.5,3.8897e+05
2.1,1.3704e+07,1889.2,3.7018e+05
2.2,1.3459e+07,1923.3,3.5222e+05
2.3,1.3219e+07,1956.7,3.3507e+05
2.4,1.2983e+07,1989.5,3.1869e+05
2.5,1.2752e+07,2021.7,3.0305e+05
2.6,1.2524e+07,2053.2,2.8813e+05
2.7,1.2301e+07,2084.1,2.7389e+05
2.8,1.2081e+07,2114.4,2.603e+05
2.9,1.1866e+07,2144.2,2.4734e+05
3,1.1654e+07,2173.4,2.3499e+05
3.1,1.1446e+07,2202,2.2321e+05
3.2,1.1242e+07,2230,2.1199e+05
3.3,1.1041e+07,2257.5,2.013e+05
3.4,1.0844e+07,2284.5,1.9111e+05
3.5,1.0651e+07,2311,1.8142e+05
3.6,1.0461e+07,2336.9,1.7218e+05
3.7,1.0274e+07,2362.3,1.634e+05
3.8,1.0091e+07,2387.3,1.5503e+05
3.9,9.9109e+06,2411.7,1.4708e+05
4,9.734e+06,2435.7,1.3951e+05
4.1,9.5604e+06,2459.2,1.3231e+05
4.2,9.3898e+06,2482.2,1.2547e+05
4.3,9.2223e+06,2504.8,1.1897e+05
4.4,9.0577e+06,2526.9,1.1278e+05
4.5,8.8961e+06,2548.6,1.0691e+05
4.6,8.7374e+06,2569.8,1.0133e+05
4.7,8.5815e+06,2590.7,96029
4.8,8.4284e+06,2611.1,90995
4.9,8.278e+06,2631.1,86215
5,8.1303e+06,2650.7,81677
5.1,7.9853e+06,2670,77370
5.2,7.8428e+06,2688.8,73282
5.3,7.7029e+06,2707.2,69404
5.4,7.5655e+06,2725.3,65724
5.5,7.4305e+06,2743,62234
5.6,7.2979e+06,2760.4,58923
5.7,7.1677e+06,2777.4,55784
5.8,7.0398e+06,2794.1,52807
5.9,6.9142e+06,2810.4,49985
6,6.7909e+06,2826.4,47310
6.1,6.6697e+06,2842,44775
6.2,6.5507e+06,2857.4,42373
6.3,6.4338e+06,2872.4,40096
6.4,6.319e+06,2887.1,37939
6.5,6.2063e+06,2901.5,35896
6.6,6.0956e+06,2915.6,33960
6.7,5.9868e+06,2929.4,32127
6.8,5.88e+06,2942.9,30391
6.9,5.7751e+06,2956.1,28747
7,5.672e+06,2969.1,27190
7.1,5.5709e+06,2981.8,25716
7.2,5.4715e+06,2994.2,24321
7.3,5.3738e+06,3006.3,23001
7.4,5.278e+06,3018.2,21751
7.5,5.1838e+06,3029.9,20568
7.6,5.0913e+06,3041.3,19448
7.7,5.0005e+06,3052.4,18388
7.8,4.9113e+06,3063.3,17386
7.9,4.8236e+06,3074,16438
8,4.7376e+06,3084.4,15540
8.1,4.653e+06,3094.6,14691
8.2,4.57e+06,3104.6,13888
8.3,4.4885e+06,3114.3,13129
8.4,4.4084e+06,3123.9,12410
8.5,4.3298e+06,3133.2,11731
8.6,4.2525e+06,3142.3,11088
8.7,4.1766e+06,3151.2,10480
8.8,4.1021e+06,3159.9,9905.5
8.9,4.0289e+06,3168.4,9362
9,3.957e+06,3176.8,8848.2
9.1,3.8864e+06,3184.9,8362.3
9.2,3.8171e+06,3192.8,7902.9
9.3,3.749e+06,3200.6,7468.6
9.4,3.6821e+06,3208.2,7058.1
9.5,3.6164e+06,3215.6,6669.9
9.6,3.5519e+06,3222.8,6303
9.7,3.4885e+06,3229.8,5956.2
9.8,3.4263e+06,3236.7,5628.3
9.9,3.3652e+06,3243.5,5318.4
10,3.3051e+06,3250,5025.5
10.1,3.2461e+06,3256.4,4748.7
10.2,3.1882e+06,3262.7,4487
10.3,3.1314e+06,3268.8,4239.8
10.4,3.0755e+06,3274.7,4006
10.5,3.0206e+06,3280.5,3785.2
10.6,2.9667e+06,3286.1,3576.5
10.7,2.9138e+06,3291.7,3379.2
10.8,2.8618e+06,3297,3192.8
10.9,2.8107e+06,3302.2,3016.7
11,2.7606e+06,3307.3,2850.2
11.1,2.7113e+06,3312.3,2692.9
11.2,2.663e+06,3317.1,2544.3
11.3,2.6155e+06,3321.8,2403.9
11.4,2.5688e+06,3326.4,2271.2
11.5,2.523e+06,3330.9,2145.8
11.6,2.4779e+06,3335.2,2027.3
11.7,2.4337e+06,3339.4,1915.4
11.8,2.3903e+06,3343.5,1809.7
11.9,2.3477e+06,3347.5,1709.7
12,2.3058e+06,3351.4,1615.3
12.1,2.2646e+06,3355.1,1526.1
12.2,2.2242e+06,3358.8,1441.9
12.3,2.1846e+06,3362.3,1362.2
12.4,2.1456e+06,3365.8,1287
12.5,2.1073e+06,3369.1,1216
12.6,2.0697e+06,3372.4,1148.8
12.7,2.0328e+06,3375.5,1085.4
12.8,1.9965e+06,3378.6,1025.5
12.9,1.9609e+06,3381.5,968.84
13,1.9259e+06,3384.4,915.35
13.1,1.8915e+06,3387.1,864.82
13.2,1.8578e+06,3389.8,817.08
13.3,1.8246e+06,3392.4,771.98
13.4,1.7921e+06,3394.9,729.38
13.5,1.7601e+06,3397.3,689.12
13.6,1.7287e+06,3399.6,651.1
13.7,1.6979e+06,3401.9,615.17
13.8,1.6676e+06,3404,581.23
13.9,1.6378e+06,3406.1,549.17
14,1.6086e+06,3408.1,518.88
14.1,1.5799e+06,3410,490.26
14.2,1.5517e+06,3411.9,463.23
14.3,1.524e+06,3413.7,437.69
14.4,1.4968e+06,3415.4,413.56
14.5,1.4701e+06,3417,390.76
14.6,1.4439e+06,3418.6,369.23
14.7,1.4181e+06,3420.1,348.88
14.8,1.3928e+06,3421.5,329.66
14.9,1.368e+06,3422.9,311.5
15,1.3436e+06,3424.2,294.35
15.1,1.3196e+06,3425.4,278.14
15.2,1.2961e+06,3426.6,262.83
15.3,1.2729e+06,3427.7,248.37
15.4,1.2502e+06,3428.8,234.7
15.5,1.2279e+06,3429.7,221.79
15.6,1.206e+06,3430.7,209.59
15.7,1.1845e+06,3431.6,198.06
15.8,1.1634e+06,3432.4,187.17
15.9,1.1426e+06,3433.1,176.89
16,1.1222e+06,3433.9,167.17
16.1,1.1022e+06,3434.5,157.98
16.2,1.0825e+06,3435.1,149.31
16.3,1.0632e+06,3435.7,141.11
16.4,1.0443e+06,3436.2,133.36
16.5,1.0256e+06,3436.6,126.04
16.6,1.0073e+06,3437.1,119.13
16.7,9.8936e+05,3437.4,112.6
16.8,9.717e+05,3437.7,106.42
16.9,9.5437e+05,3438,100.59
17,9.3734e+05,3438.2,95.077
17.1,9.2062e+05,3438.4,89.87
17.2,9.0419e+05,3438.5,84.949
17.3,8.8806e+05,3438.6,80.299
17.4,8.7221e+05,3438.7,75.905
17.5,8.5665e+05,3438.7,71.753
17.6,8.4137e+05,3438.7,67.829
17.7,8.2636e+05,3438.6,64.121
17.8,8.1161e+05,3438.5,60.618
17.9,7.9713e+05,3438.4,57.307
18,7.8291e+05,3438.2,54.178
18.1,7.6894e+05,3438,51.221
18.2,7.5522e+05,3437.7,48.427
18.3,7.4175e+05,3437.4,45.786
18.4,7.2852e+05,3437.1,43.29
18.5,7.1552e+05,3436.7,40.931
18.6,7.0275e+05,3436.4,38.702
18.7,6.9021e+05,3435.9,36.595
18.8,6.779e+05,3435.5,34.604
18.9,6.658e+05,3435,32.722
19,6.5393e+05,3434.5,30.943
19.1,6.4226e+05,3433.9,29.262
19.2,6.308e+05,3433.4,27.673
19.3,6.1955e+05,3432.8,26.171
19.4,6.0849e+05,3432.1,24.751
19.5,5.9764e+05,3431.5,23.409
19.6,5.8697e+05,3430.8,22.14
19.7,5.765e+05,3430,20.941
19.8,5.6621e+05,3429.3,19.807
19.9,5.5611e+05,3428.5,18.736
20,5.4619e+05,3427.7,17.722
20.1,5.3645e+05,3426.9,16.765
20.2,5.2687e+05,3426.1,15.859
20.3,5.1747e+05,3425.2,15.003
20.4,5.0824e+05,3424.3,14.194
20.5,4.9917e+05,3423.4,13.428
20.6,4.9027e+05,3422.5,12.705
20.7,4.8152e+05,3421.5,12.021
20.8,4.7293e+05,3420.5,11.374
20.9,4.6449e+05,3419.5,10.763
21,4.562e+05,3418.5,10.184
21.1,4.4807e+05,3417.4,9.6374
21.2,4.4007e+05,3416.4,9.1203
21.3,4.3222e+05,3415.3,8.6313
21.4,4.2451e+05,3414.2,8.1688
21.5,4.1693e+05,3413.1,7.7315
21.6,4.095e+05,3411.9,7.3179
21.7,4.0219e+05,3410.8,6.9267
21.8,3.9501e+05,3409.6,6.5567
21.9,3.8797e+05,3408.4,6.2068
22,3.8104e+05,3407.2,5.8758
22.1,3.7425e+05,3405.9,5.5628
22.2,3.6757e+05,3404.7,5.2666
22.3,3.6101e+05,3403.4,4.9865
22.4,3.5457e+05,3402.1,4.7215
22.5,3.4824e+05,3400.8,4.4708
22.6,3.4203e+05,3399.5,4.2337
22.7,3.3593e+05,3398.2,4.0093
22.8,3.2993e+05,3396.9,3.7971
22.9,3.2405e+05,3395.5,3.5962
23,3.1827e+05,3394.1,3.4062
23.1,3.1259e+05,3392.7,3.2264
23.2,3.0701e+05,3391.3,3.0563
23.3,3.0153e+05,3389.9,2.8953
23.4,2.9615e+05,3388.5,2.7429
23.5,2.9087e+05,3387.1,2.5988
23.6,2.8568e+05,3385.6,2.4623
23.7,2.8058e+05,3384.2,2.3332
23.8,2.7558e+05,3382.7,2.211
23.9,2.7066e+05,3381.2,2.0953
24,2.6583e+05,3379.7,1.9858
24.1,2.6109e+05,3378.2,1.8821
24.2,2.5643e+05,3376.7,1.784
24.3,2.5186e+05,3375.1,1.6911
24.4,2.4736e+05,3373.6,1.6032
24.5,2.4295e+05,3372,1.5199
24.6,2.3861e+05,3370.5,1.4411
24.7,2.3436e+05,3368.9,1.3664
24.8,2.3018e+05,3367.3,1.2958
24.9,2.2607e+05,3365.7,1.2288
25,2.2204e+05,3364.1,1.1655
25.1,2.1807e+05,3362.5,1.1054
25.2,2.1418e+05,3360.9,1.0486
25.3,2.1036e+05,3359.2,0.99476
25.4,2.0661e+05,3357.6,0.94381
25.5,2.0292e+05,3355.9,0.89554
25.6,1.993e+05,3354.3,0.84981
25.7,1.9575e+05,3352.6,0.80649
25.8,1.9225e+05,3351,0.76544
25.9,1.8882e+05,3349.3,0.72654
26,1.8545e+05,3347.6,0.68969
26.1,1.8215e+05,3345.9,0.65476
26.2,1.789e+05,3344.2,0.62167
26.3,1.757e+05,3342.5,0.5903
26.4,1.7257e+05,3340.8,0.56057
26.5,1.6949e+05,3339,0.53239
26.6,1.6647e+05,3337.3,0.50567
26.7,1.635e+05,3335.6,0.48035
26.8,1.6058e+05,3333.8,0.45635
26.9,1.5771e+05,3332.1,0.43358
27,1.549e+05,3330.3,0.412
27.1,1.5214e+05,3328.5,0.39154
27.2,1.4942e+05,3326.8,0.37213
27.3,1.4676e+05,3325,0.35373
27.4,1.4414e+05,3323.2,0.33628
27.5,1.4157e+05,3321.4,0.31972
27.6,1.3904e+05,3319.6,0.30402
27.7,1.3656e+05,3317.8,0.28912
27.8,1.3412e+05,3316,0.27499
27.9,1.3173e+05,3314.2,0.26158
28,1.2938e+05,3312.4,0.24886
28.1,1.2707e+05,3310.6,0.23678
28.2,1.2481e+05,3308.8,0.22533
28.3,1.2258e+05,3306.9,0.21445
28.4,1.2039e+05,3305.1,0.20413
28.5,1.1824e+05,3303.3,0.19433
28.6,1.1613e+05,3301.4,0.18503
28.7,1.1406e+05,3299.6,0.1762
28.8,1.1203e+05,3297.7,0.16782
28.9,1.1003e+05,3295.9,0.15986
29,1.0807e+05,3294,0.1523
29.1,1.0614e+05,3292.2,0.14512
29.2,1.0424e+05,3290.3,0.1383
29.3,1.0238e+05,3288.4,0.13182
29.4,1.0056e+05,3286.6,0.12566
29.5,98763,3284.7,0.11982
29.6,97001,3282.8,0.11426
29.7,95270,3280.9,0.10898
29.8,93570,3279,0.10396
29.9,91901,3277.1,0.099193
30,90261,3275.3,0.094659
30.1,88651,3273.4,0.09035
30.2,87069,3271.5,0.086252
30.3,85516,3269.6,0.082356
30.4,83990,3267.7,0.078651
30.5,82491,3265.7,0.075127
30.6,81020,3263.8,0.071775
30.7,79574,3261.9,0.068587
30.8,78154,3260,0.065554
30.9,76760,3258.1,0.062668
31,75391,3256.2,0.059921
31.1,74045,3254.3,0.057308
31.2,72724,3252.3,0.05482
31.3,71427,3250.4,0.052452
31.4,70152,3248.5,0.050197
31.5,68901,3246.6,0.048051
31.6,67672,3244.6,0.046007
31.7,66464,3242.7,0.04406
31.8,65278,3240.7,0.042206
31.9,64114,3238.8,0.04044
32,62970,3236.9,0.038757
32.1,61846,3234.9,0.037154
32.2,60743,3233,0.035626
32.3,59659,3231,0.03417
32.4,58595,3229.1,0.032782
32.5,57549,3227.2,0.031459
32.6,56523,3225.2,0.030198
32.7,55514,3223.3,0.028995
32.8,54524,3221.3,0.027848
32.9,53551,3219.4,0.026754
33,52595,3217.4,0.025711
33.1,51657,3215.4,0.024715
33.2,50735,3213.5,0.023766
33.3,49830,3211.5,0.022859
33.4,48941,3209.6,0.021995
33.5,48068,3207.6,0.021169
33.6,47210,3205.7,0.020381
33.7,46368,3203.7,0.019629
33.8,45541,3201.7,0.018911
33.9,44728,3199.8,0.018225
34,43930,3197.8,0.01757
34.1,43146,3195.8,0.016944
34.2,42377,3193.9,0.016346
34.3,41621,3191.9,0.015776
34.4,40878,3189.9,0.01523
34.5,40149,3188,0.014709
34.6,39432,3186,0.014211
34.7,38729,3184,0.013735
34.8,38038,3182.1,0.01328
34.9,37359,3180.1,0.012845
35,36693,3178.1,0.01243
35.1,36038,3176.2,0.012032
35.2,35395,3174.2,0.011652
35.3,34764,3172.2,0.011289
35.4,34143,3170.3,0.010942
35.5,33534,3168.3,0.01061
35.6,32936,3166.3,0.010293
35.7,32348,3164.3,0.009989
35.8,31771,3162.4,0.0096987
35.9,31204,3160.4,0.0094211
36,30648,3158.4,0.0091557
36.1,30101,3156.4,0.0089019
36.2,29564,3154.5,0.0086593
36.3,29036,3152.5,0.0084274
36.4,28518,3150.5,0.0082056
36.5,28009,3148.6,0.0079937
36.6,27510,3146.6,0.0077912
36.7,27019,3144.6,0.0075977
36.8,26537,3142.6,0.0074128
36.9,26063,3140.7,0.0072362
37,25598,3138.7,0.0070676
37.1,25142,3136.7,0.0069067
37.2,24693,3134.7,0.0067531
37.3,24252,3132.8,0.0066066
37.4,23820,3130.8,0.0064669
37.5,23395,3128.8,0.0063338
37.6,22977,3126.8,0.0062071
37.7,22567,3124.9,0.0060865
37.8,22165,3122.9,0.0059717
37.9,21769,3120.9,0.0058627
38,21381,3119,0.0057592
38.1,20999,3117,0.0056611
38.2,20625,3115,0.0055681
38.3,20257,3113,0.0054802
38.4,19895,3111.1,0.0053971
38.5,19540,3109.1,0.0053188
38.6,19192,3107.1,0.0052451
38.7,18849,3105.2,0.005176
38.8,18513,3103.2,0.0051112
38.9,18183,3101.2,0.0050507
39,17858,3099.3,0.0049945
39.1,17540,3097.3,0.0049424
39.2,17227,3095.3,0.0048944
39.3,16919,3093.4,0.0048503
39.4,16618,3091.4,0.0048103
39.5,16321,3089.4,0.0047741
39.6,16030,3087.5,0.0047418
39.7,15744,3085.5,0.0047133
39.8,15463,3083.5,0.0046887
39.9,15187,3081.6,0.0046678
40,14916,3079.6,0.0046508
40.1,14650,3077.7,0.0046375
40.2,14389,3075.7,0.0046281
40.3,14132,3073.7,0.0046225
40.4,13880,3071.8,0.0046209
40.5,13632,3069.8,0.0046231
40.6,13389,3067.8,0.0046293
40.7,13150,3065.9,0.0046395
40.8,12915,3063.9,0.0046539
40.9,12685,3062,0.0046724
41,12459,3060,0.0046953
41.1,12236,3058.1,0.0047225
41.2,12018,3056.1,0.0047543
41.3,11804,3054.2,0.0047908
41.4,11593,3052.2,0.0048321
41.5,11386,3050.2,0.0048784
41.6,11183,3048.3,0.00493
41.7,10984,3046.3,0.0049869
41.8,10788,3044.4,0.0050494
41.9,10595,3042.4,0.0051179
42,10406,3040.5,0.0051925
42.1,10220,3038.5,0.0052735
42.2,10038,3036.6,0.0053613
42.3,9859,3034.6,0.0054563
42.4,9683.1,3032.7,0.0055588
42.5,9510.4,3030.8,0.0056692
42.6,9340.7,3028.8,0.0057881
42.7,9174,3026.9,0.0059158
42.8,9010.4,3024.9,0.006053
42.9,8849.6,3023,0.0062003
43,8691.7,3021,0.0063582
43.1,8536.6,3019.1,0.0065275
43.2,8384.3,3017.2,0.006709
43.3,8234.7,3015.2,0.0069034
43.4,8087.8,3013.3,0.0071117
43.5,7943.5,3011.4,0.007335
43.6,7801.8,3009.4,0.0075741
43.7,7662.6,3007.5,0.0078305
43.8,7525.9,3005.5,0.0081052
43.9,7391.6,3003.6,0.0083999
44,7259.7,3001.7,0.0087159
44.1,7130.2,2999.7,0.009055
44.2,7003,2997.8,0.0094191
44.3,6878.1,2995.9,0.0098101
44.4,6755.3,2994,0.01023
44.5,6634.8,2992,0.010682
44.6,6516.4,2990.1,0.011169
44.7,6400.2,2988.2,0.011692
44.8,6286,2986.3,0.012257
44.9,6173.8,2984.3,0.012865
45,6063.7,2982.4,0.013522
45.1,5955.5,2980.5,0.014231
45.2,5849.2,2978.6,0.014998
45.3,5744.9,2976.6,0.015828
45.4,5642.4,2974.7,0.016726
45.5,5541.7,2972.8,0.0177
45.6,5442.8,2970.9,0.018757
45.7,5345.7,2969,0.019905
45.8,5250.4,2967.1,0.021152
45.9,5156.7,2965.1,0.02251
46,5064.7,2963.2,0.02399
46.1,4974.3,2961.3,0.025603
46.2,4885.6,2959.4,0.027365
46.3,4798.4,2957.5,0.02929
46.4,4712.8,2955.6,0.031397
46.5,4628.7,2953.7,0.033705
46.6,4546.1,2951.8,0.036237
46.7,4465,2949.9,0.039017
46.8,4385.4,2948,0.042073
46.9,4307.1,2946.1,0.045436
47,4230.3,2944.2,0.049143
47.1,4154.8,2942.3,0.053234
47.2,4080.7,2940.4,0.057753
47.3,4007.9,2938.5,0.062753
47.4,3936.4,2936.6,0.068291
47.5,3866.1,2934.7,0.074433
47.6,3797.1,2932.8,0.081254
47.7,3729.4,2930.9,0.08884
47.8,3662.9,2929,0.097287
47.9,3597.5,2927.1,0.10671
48,3533.3,2925.2,0.11722
48.1,3470.3,2923.3,0.12898
48.2,3408.4,2921.4,0.14215
48.3,3347.6,2919.5,0.15691
48.4,3287.8,2917.6,0.17348
48.5,3229.2,2915.7,0.19212
48.6,3171.6,2913.9,0.2131
48.7,3115,2912,0.23677
48.8,3059.4,2910.1,0.26349
48.9,3004.8,2908.2,0.29372
49,2951.2,2906.3,0.32795
49.1,2898.6,2904.4,0.36679
49.2,2846.8,2902.6,0.41091
49.3,2796,2900.7,0.46111
49.4,2746.2,2898.8,0.51832
49.5,2697.2,2896.9,0.58362
49.6,2649,2895.1,0.65827
49.7,2601.8,2893.2,0.74375
49.8,2555.4,2891.3,0.84179
49.9,2509.8,2889.5,0.95441
50,2465,2887.6,1.0831
50.1,2421,2885.7,1.2311
50.2,2377.8,2883.8,1.4015
50.3,2335.4,2882,1.5983
50.4,2293.7,2880.1,1.8256
50.5,2252.8,2878.2,2.0888
50.6,2212.6,2876.4,2.3939
50.7,2173.1,2874.5,2.7481
50.8,2134.4,2872.7,3.1599
50.9,2096.3,2870.8,3.6396
51,2058.9,2868.9,4.199
51.1,2022.1,2867.1,4.8526
51.2,1986.1,2865.2,5.6172
51.3,1950.6,2863.4,6.5133
51.4,1915.8,2861.5,7.5651
51.5,1881.6,2859.7,8.8014
51.6,1848.1,2857.8,10.257
51.7,1815.1,2856,11.974
51.8,1782.7,2854.1,14.003
51.9,1750.9,2852.3,16.403
52,1719.7,2850.4,19.247
52.1,1689,2848.6,22.625
52.2,1658.9,2846.7,26.643
52.3,1629.3,2844.9,31.432
52.4,1600.2,2843,37.148
52.5,1571.6,2841.2,43.987
52.6,1543.6,2839.3,52.186
52.7,1516.1,2837.5,62.035
52.8,1489,2835.7,73.895
52.9,1462.4,2833.8,88.21
53,1436.4,2832,105.54
53.1,1410.7,2830.1,126.57
53.2,1385.6,2828.3,152.18
53.3,1360.8,2826.5,183.48
53.4,1336.6,2824.7,221.89
53.5,1312.7,2822.8,269.25
53.6,1289.3,2821,327.91
53.7,1266.3,2819.2,401.04
53.8,1243.7,2817.3,492.87
53.9,1221.5,2815.5,609.18
54,1199.7,2813.7,757.88
54.1,1178.3,2811.9,950.41
54.2,1157.3,2810.1,1203.3
54.3,1136.6,2808.3,1541.7
54.4,1116.4,2806.5,2003.8
54.5,1096.4,2804.7,2651.5
54.6,1076.9,2802.9,3583.5
54.7,1057.7,2801.1,4925.6
54.8,1038.8,2799.3,6794.6
54.9,1020.3,2797.5,9377.5
55,1002.1,2795.8,12944
55.1,984.18,2794,17867
55.2,966.62,2792.2,24662
55.3,949.38,2790.4,34040
55.4,932.44,2788.7,46981
55.5,915.8,2786.9,64836
55.6,899.47,2785.1,89464
55.7,883.42,2783.4,1.2342e+05
55.8,867.66,2781.6,1.7023e+05
55.9,852.18,2779.8,2.347e+05
56,836.97,2778.1,3.2342e+05
56.1,822.04,2776.3,4.4539e+05
56.2,807.37,2774.5,6.1277e+05
56.3,792.97,2772.8,8.42e+05
56.4,778.82,2771,1.155e+06
56.5,764.93,2769.3,1.5807e+06
56.6,751.28,2767.5,2.1566e+06
56.7,737.88,2765.7,2.9305e+06
56.8,724.71,2764,3.9611e+06
56.9,711.78,2762.2,5.3184e+06
57,699.08,2760.5,7.0814e+06
57.1,686.61,2758.7,9.3342e+06
57.2,674.36,2757,1.2159e+07
57.3,662.33,2755.2,1.5629e+07
57.4,650.51,2753.5,1.9798e+07
57.5,638.91,2751.7,2.4698e+07
57.6,627.51,2750,3.0336e+07
57.7,616.31,2748.2,3.6695e+07
57.8,605.32,2746.5,4.3739e+07
57.9,594.52,2744.8,5.1419e+07
58,583.91,2743,5.9679e+07
58.1,573.49,2741.3,6.846e+07
58.2,563.26,2739.5,7.7705e+07
58.3,553.21,2737.8,8.7357e+07
58.4,543.34,2736.1,9.7366e+07
58.5,533.65,2734.3,1.0768e+08
58.6,524.13,2732.6,1.1827e+08
58.7,514.78,2730.9,1.2909e+08
58.8,505.59,2729.1,1.4011e+08
58.9,496.57,2727.4,1.513e+08
59,487.71,2725.7,1.6264e+08
59.1,479.01,2723.9,1.741e+08
59.2,470.47,2722.2,1.8566e+08
59.3,462.07,2720.5,1.9731e+08
59.4,453.83,2718.7,2.0902e+08
59.5,445.73,2717,2.208e+08
59.6,437.78,2715.3,2.3261e+08
59.7,429.97,2713.6,2.4447e+08
59.8,422.3,2711.8,2.5634e+08
59.9,414.76,2710.1,2.6823e+08
60,407.36,2708.4,2.8013e+08
60.1,400.1,2706.7,2.9203e+08
60.2,392.96,2705,3.0392e+08
60.3,385.95,2703.2,3.1581e+08
60.4,379.06,2701.5,3.2767e+08
60.5,372.3,2699.8,3.3952e+08
60.6,365.66,2698.1,3.5134e+08
60.7,359.13,2696.4,3.6314e+08
60.8,352.73,2694.7,3.749e+08
60.9,346.43,2693,3.8663e+08
61,340.25,2691.3,3.9832e+08
61.1,334.18,2689.6,4.0997e+08
61.2,328.22,2687.8,4.2159e+08
61.3,322.36,2686.1,4.3315e+08
61.4,316.61,2684.4,4.4467e+08
61.5,310.96,2682.7,4.5615e+08
61.6,305.42,2681,4.6757e+08
61.7,299.97,2679.3,4.7894e+08
61.8,294.62,2677.6,4.9027e+08
61.9,289.36,2675.9,5.0154e+08
62,284.2,2674.2,5.1275e+08
62.1,279.13,2672.5,5.2391e+08
62.2,274.15,2670.8,5.3502e+08
62.3,269.26,2669.1,5.4607e+08
62.4,264.45,2667.4,5.5706e+08
62.5,259.74,2665.8,5.6799e+08
62.6,255.1,2664.1,5.7887e+08
62.7,250.55,2662.4,5.8968e+08
62.8,246.08,2660.7,6.0044e+08
62.9,241.69,2659,6.1114e+08
63,237.38,2657.3,6.2178e+08
63.1,233.14,2655.6,6.3236e+08
63.2,228.98,2653.9,6.4288e+08
63.3,224.9,2652.3,6.5333e+08
63.4,220.89,2650.6,6.6373e+08
63.5,216.95,2648.9,6.7407e+08
63.6,213.08,2647.2,6.8434e+08
63.7,209.27,2645.5,6.9455e+08
63.8,205.54,2643.8,7.0471e+08
63.9,201.87,2642.2,7.148e+08
64,198.27,2640.5,7.2483e+08
64.1,194.74,2638.8,7.3479e+08
64.2,191.26,2637.1,7.447e+08
64.3,187.85,2635.5,7.5455e+08
64.4,184.5,2633.8,7.6433e+08
64.5,181.21,2632.1,7.7406e+08
64.6,177.97,2630.5,7.8372e+08
64.7,174.8,2628.8,7.9332e+08
64.8,171.68,2627.1,8.0286e+08
64.9,168.62,2625.5,8.1234e+08
65,165.61,2623.8,8.2177e+08
65.1,162.65,2622.1,8.3113e+08
65.2,159.75,2620.5,8.4043e+08
65.3,156.9,2618.8,8.4967e+08
65.4,154.1,2617.1,8.5885e+08
65.5,151.35,2615.5,8.6797e+08
65.6,148.65,2613.8,8.7703e+08
65.7,146,2612.2,8.8603e+08
65.8,143.4,2610.5,8.9498e+08
65.9,140.84,2608.8,9.0386e+08
66,138.33,2607.2,9.1269e+08
66.1,135.86,2605.5,9.2146e+08
66.2,133.44,2603.9,9.3017e+08
66.3,131.06,2602.2,9.3882e+08
66.4,128.72,2600.6,9.4742e+08
66.5,126.42,2598.9,9.5596e+08
66.6,124.17,2597.3,9.6444e+08
66.7,121.95,2595.6,9.7286e+08
66.8,119.78,2594,9.8123e+08
66.9,117.64,2592.3,9.8955e+08
67,115.54,2590.7,9.978e+08
67.1,113.48,2589.1,1.006e+09
67.2,111.45,2587.4,1.0141e+09
67.3,109.47,2585.8,1.0222e+09
67.4,107.51,2584.1,1.0303e+09
67.5,105.6,2582.5,1.0383e+09
67.6,103.71,2580.9,1.0462e+09
67.7,101.86,2579.2,1.0541e+09
67.8,100.04,2577.6,1.0619e+09
67.9,98.26,2575.9,1.0696e+09
68,96.507,2574.3,1.0774e+09
68.1,94.785,2572.7,1.085e+09
68.2,93.094,2571,1.0926e+09
68.3,91.434,2569.4,1.1002e+09
68.4,89.803,2567.8,1.1077e+09
68.5,88.201,2566.2,1.1152e+09
68.6,86.627,2564.5,1.1226e+09
68.7,85.082,2562.9,1.1299e+09
68.8,83.564,2561.3,1.1372e+09
68.9,82.074,2559.7,1.1445e+09
69,80.61,2558,1.1517e+09
69.1,79.172,2556.4,1.1588e+09
69.2,77.759,2554.8,1.1659e+09
69.3,76.372,2553.2,1.173e+09
69.4,75.01,2551.6,1.18e+09
69.5,73.672,2549.9,1.1869e+09
69.6,72.358,2548.3,1.1938e+09
69.7,71.067,2546.7,1.2007e+09
69.8,69.799,2545.1,1.2075e+09
69.9,68.554,2543.5,1.2143e+09
70,67.331,2541.9,1.221e+09
70.1,66.13,2540.2,1.2277e+09
70.2,64.951,2538.6,1.2343e+09
70.3,63.792,2537,1.2409e+09
70.4,62.654,2535.4,1.2474e+09
70.5,61.537,2533.8,1.2539e+09
70.6,60.439,2532.2,1.2603e+09
70.7,59.361,2530.6,1.2667e+09
70.8,58.302,2529,1.2731e+09
70.9,57.262,2527.4,1.2794e+09
71,56.241,2525.8,1.2856e+09
71.1,55.238,2524.2,1.2918e+09
71.2,54.252,2522.6,1.298e+09
71.3,53.285,2521,1.3042e+09
71.4,52.334,2519.4,1.3102e+09
71.5,51.401,2517.8,1.3163e+09
71.6,50.484,2516.2,1.3223e+09
71.7,49.583,2514.6,1.3282e+09
71.8,48.699,2513,1.3342e+09
71.9,47.83,2511.4,1.34e+09
72,46.977,2509.8,1.3459e+09
72.1,46.139,2508.2,1.3517e+09
72.2,45.316,2506.6,1.3574e+09
72.3,44.508,2505.1,1.3631e+09
72.4,43.714,2503.5,1.3688e+09
72.5,42.935,2501.9,1.3744e+09
72.6,42.169,2500.3,1.38e+09
72.7,41.417,2498.7,1.3856e+09
72.8,40.678,2497.1,1.3911e+09
72.9,39.953,2495.5,1.3966e+09
73,39.24,2494,1.402e+09
73.1,38.54,2492.4,1.4074e+09
73.2,37.853,2490.8,1.4128e+09
73.3,37.178,2489.2,1.4181e+09
73.4,36.515,2487.6,1.4234e+09
73.5,35.863,2486.1,1.4286e+09
73.6,35.224,2484.5,1.4338e+09
73.7,34.596,2482.9,1.439e+09
73.8,33.979,2481.3,1.4441e+09
73.9,33.373,2479.8,1.4492e+09
74,32.777,2478.2,1.4543e+09
74.1,32.193,2476.6,1.4593e+09
74.2,31.619,2475.1,1.4643e+09
74.3,31.055,2473.5,1.4693e+09
74.4,30.501,2471.9,1.4742e+09
74.5,29.957,2470.4,1.4791e+09
74.6,29.423,2468.8,1.4839e+09
74.7,28.898,2467.2,1.4887e+09
74.8,28.383,2465.7,1.4935e+09
74.9,27.877,2464.1,1.4983e+09
75,27.38,2462.5,1.503e+09
75.1,26.891,2461,1.5077e+09
75.2,26.412,2459.4,1.5123e+09
75.3,25.941,2457.9,1.5169e+09
75.4,25.478,2456.3,1.5215e+09
75.5,25.024,2454.8,1.526e+09
75.6,24.578,2453.2,1.5306e+09
75.7,24.139,2451.6,1.535e+09
75.8,23.709,2450.1,1.5395e+09
75.9,23.286,2448.5,1.5439e+09
76,22.871,2447,1.5483e+09
76.1,22.463,2445.4,1.5527e+09
76.2,22.063,2443.9,1.557e+09
76.3,21.669,2442.3,1.5613e+09
76.4,21.283,2440.8,1.5655e+09
76.5,20.903,2439.2,1.5698e+09
76.6,20.531,2437.7,1.574e+09
76.7,20.165,2436.2,1.5781e+09
76.8,19.805,2434.6,1.5823e+09
76.9,19.452,2433.1,1.5864e+09
77,19.105,2431.5,1.5905e+09
77.1,18.765,2430,1.5945e+09
77.2,18.43,2428.4,1.5986e+09
77.3,18.101,2426.9,1.6026e+09
77.4,17.779,2425.4,1.6065e+09
77.5,17.462,2423.8,1.6105e+09
77.6,17.15,2422.3,1.6144e+09
77.7,16.845,2420.8,1.6183e+09
77.8,16.544,2419.2,1.6221e+09
77.9,16.249,2417.7,1.6259e+09
78,15.96,2416.2,1.6297e+09
78.1,15.675,2414.6,1.6335e+09
78.2,15.396,2413.1,1.6373e+09
78.3,15.121,2411.6,1.641e+09
78.4,14.852,2410.1,1.6447e+09
78.5,14.587,2408.5,1.6483e+09
78.6,14.327,2407,1.652e+09
78.7,14.072,2405.5,1.6556e+09
78.8,13.821,2404,1.6592e+09
78.9,13.575,2402.4,1.6627e+09
79,13.333,2400.9,1.6663e+09
79.1,13.095,2399.4,1.6698e+09
79.2,12.862,2397.9,1.6733e+09
79.3,12.632,2396.4,1.6767e+09
79.4,12.407,2394.8,1.6802e+09
79.5,12.186,2393.3,1.6836e+09
79.6,11.969,2391.8,1.6869e+09
79.7,11.756,2390.3,1.6903e+09
79.8,11.546,2388.8,1.6936e+09
79.9,11.34,2387.3,1.697e+09
80,11.138,2385.8,1.7002e+09
80.1,10.94,2384.2,1.7035e+09
80.2,10.745,2382.7,1.7068e+09
80.3,10.553,2381.2,1.71e+09
80.4,10.365,2379.7,1.7132e+09
80.5,10.181,2378.2,1.7163e+09
80.6,9.9992,2376.7,1.7195e+09
80.7,9.821,2375.2,1.7226e+09
80.8,9.646,2373.7,1.7257e+09
80.9,9.4742,2372.2,1.7288e+09
81,9.3054,2370.7,1.7319e+09
81.1,9.1396,2369.2,1.7349e+09
81.2,8.9767,2367.7,1.7379e+09
81.3,8.8168,2366.2,1.7409e+09
81.4,8.6597,2364.7,1.7439e+09
81.5,8.5055,2363.2,1.7468e+09
81.6,8.354,2361.7,1.7498e+09
81.7,8.2051,2360.2,1.7527e+09
81.8,8.059,2358.7,1.7555e+09
81.9,7.9154,2357.2,1.7584e+09
82,7.7745,2355.7,1.7613e+09
82.1,7.636,2354.2,1.7641e+09
82.2,7.5,2352.8,1.7669e+09
82.3,7.3664,2351.3,1.7697e+09
82.4,7.2352,2349.8,1.7724e+09
82.5,7.1063,2348.3,1.7752e+09
82.6,6.9798,2346.8,1.7779e+09
82.7,6.8555,2345.3,1.7806e+09
82.8,6.7334,2343.8,1.7833e+09
82.9,6.6135,2342.4,1.786e+09
83,6.4957,2340.9,1.7886e+09
83.1,6.3801,2339.4,1.7912e+09
83.2,6.2665,2337.9,1.7938e+09
83.3,6.1549,2336.4,1.7964e+09
83.4,6.0453,2335,1.799e+09
83.5,5.9377,2333.5,1.8016e+09
83.6,5.832,2332,1.8041e+09
83.7,5.7282,2330.5,1.8066e+09
83.8,5.6262,2329,1.8091e+09
83.9,5.5261,2327.6,1.8116e+09
84,5.4277,2326.1,1.814e+09
84.1,5.3311,2324.6,1.8165e+09
84.2,5.2362,2323.2,1.8189e+09
84.3,5.143,2321.7,1.8213e+09
84.4,5.0515,2320.2,1.8237e+09
84.5,4.9616,2318.8,1.8261e+09
84.6,4.8733,2317.3,1.8284e+09
84.7,4.7866,2315.8,1.8308e+09
84.8,4.7014,2314.4,1.8331e+09
84.9,4.6178,2312.9,1.8354e+09
85,4.5356,2311.4,1.8377e+09
85.1,4.4549,2310,1.84e+09
85.2,4.3757,2308.5,1.8422e+09
85.3,4.2978,2307,1.8445e+09
85.4,4.2214,2305.6,1.8467e+09
85.5,4.1463,2304.1,1.8489e+09
85.6,4.0725,2302.7,1.8511e+09
85.7,4.0001,2301.2,1.8533e+09
85.8,3.929,2299.8,1.8554e+09
85.9,3.8591,2298.3,1.8576e+09
86,3.7905,2296.8,1.8597e+09
86.1,3.7231,2295.4,1.8618e+09
86.2,3.6569,2293.9,1.8639e+09
86.3,3.5918,2292.5,1.866e+09
86.4,3.528,2291,1.868e+09
86.5,3.4653,2289.6,1.8701e+09
86.6,3.4037,2288.1,1.8721e+09
86.7,3.3432,2286.7,1.8742e+09
86.8,3.2838,2285.3,1.8762e+09
86.9,3.2254,2283.8,1.8782e+09
87,3.1681,2282.4,1.8801e+09
87.1,3.1118,2280.9,1.8821e+09
87.2,3.0565,2279.5,1.8841e+09
87.3,3.0022,2278,1.886e+09
87.4,2.9488,2276.6,1.8879e+09
87.5,2.8965,2275.2,1.8898e+09
87.6,2.845,2273.7,1.8917e+09
87.7,2.7945,2272.3,1.8936e+09
87.8,2.7448,2270.8,1.8955e+09
87.9,2.6961,2269.4,1.8973e+09
88,2.6482,2268,1.8992e+09
88.1,2.6012,2266.5,1.901e+09
88.2,2.555,2265.1,1.9028e+09
88.3,2.5096,2263.7,1.9046e+09
88.4,2.4651,2262.2,1.9064e+09
88.5,2.4213,2260.8,1.9082e+09
88.6,2.3784,2259.4,1.9099e+09
88.7,2.3361,2258,1.9117e+09
88.8,2.2947,2256.5,1.9134e+09
88.9,2.254,2255.1,1.9151e+09
89,2.214,2253.7,1.9168e+09
89.1,2.1747,2252.3,1.9185e+09
89.2,2.1361,2250.8,1.9202e+09
89.3,2.0982,2249.4,1.9219e+09
89.4,2.061,2248,1.9235e+09
89.5,2.0245,2246.6,1.9252e+09
89.6,1.9886,2245.1,1.9268e+09
89.7,1.9533,2243.7,1.9285e+09
89.8,1.9187,2242.3,1.9301e+09
89.9,1.8847,2240.9,1.9317e+09
90,1.8513,2239.5,1.9333e+09
90.1,1.8185,2238.1,1.9348e+09
90.2,1.7862,2236.6,1.9364e+09
90.3,1.7546,2235.2,1.938e+09
90.4,1.7235,2233.8,1.9395e+09
90.5,1.693,2232.4,1.941e+09
90.6,1.663,2231,1.9426e+09
90.7,1.6336,2229.6,1.9441e+09
90.8,1.6046,2228.2,1.9456e+09
90.9,1.5762,2226.8,1.9471e+09
91,1.5483,2225.4,1.9485e+09
91.1,1.5209,2224,1.95e+09
91.2,1.494,2222.5,1.9515e+09
91.3,1.4676,2221.1,1.9529e+09
91.4,1.4416,2219.7,1.9544e+09
91.5,1.4161,2218.3,1.9558e+09
91.6,1.3911,2216.9,1.9572e+09
91.7,1.3665,2215.5,1.9586e+09
91.8,1.3423,2214.1,1.96e+09
91.9,1.3186,2212.7,1.9614e+09
92,1.2953,2211.3,1.9628e+09
92.1,1.2724,2209.9,1.9641e+09
92.2,1.2499,2208.5,1.9655e+09
92.3,1.2278,2207.2,1.9668e+09
92.4,1.2061,2205.8,1.9682e+09
92.5,1.1848,2204.4,1.9695e+09
92.6,1.1639,2203,1.9708e+09
92.7,1.1434,2201.6,1.9721e+09
92.8,1.1232,2200.2,1.9734e+09
92.9,1.1034,2198.8,1.9747e+09
93,1.0839,2197.4,1.976e+09
93.1,1.0648,2196,1.9772e+09
93.2,1.046,2194.6,1.9785e+09
93.3,1.0275,2193.2,1.9797e+09
93.4,1.0094,2191.9,1.981e+09
93.5,0.99163,2190.5,1.9822e+09
93.6,0.97416,2189.1,1.9834e+09
93.7,0.95699,2187.7,1.9846e+09
93.8,0.94014,2186.3,1.9859e+09
93.9,0.92358,2184.9,1.9871e+09
94,0.90732,2183.6,1.9882e+09
94.1,0.89135,2182.2,1.9894e+09
94.2,0.87566,2180.8,1.9906e+09
94.3,0.86025,2179.4,1.9918e+09
94.4,0.84512,2178.1,1.9929e+09
94.5,0.83026,2176.7,1.994e+09
94.6,0.81566,2175.3,1.9952e+09
94.7,0.80132,2173.9,1.9963e+09
94.8,0.78724,2172.6,1.9974e+09
94.9,0.77341,2171.2,1.9985e+09
95,0.75983,2169.8,1.9997e+09
95.1,0.74649,2168.4,2.0007e+09
95.2,0.73338,2167.1,2.0018e+09
95.3,0.72051,2165.7,2.0029e+09
95.4,0.70787,2164.3,2.004e+09
95.5,0.69546,2163,2.0051e+09
95.6,0.68326,2161.6,2.0061e+09
95.7,0.67129,2160.2,2.0072e+09
95.8,0.65952,2158.9,2.0082e+09
95.9,0.64797,2157.5,2.0092e+09
96,0.63662,2156.2,2.0103e+09
96.1,0.62548,2154.8,2.0113e+09
96.2,0.61453,2153.4,2.0123e+09
96.3,0.60378,2152.1,2.0133e+09
96.4,0.59322,2150.7,2.0143e+09
96.5,0.58285,2149.4,2.0153e+09
96.6,0.57267,2148,2.0163e+09
96.7,0.56266,2146.6,2.0172e+09
96.8,0.55284,2145.3,2.0182e+09
96.9,0.54318,2143.9,2.0192e+09
97,0.53371,2142.6,2.0201e+09
97.1,0.5244,2141.2,2.0211e+09
97.2,0.51525,2139.9,2.022e+09
97.3,0.50627,2138.5,2.0229e+09
97.4,0.49745,2137.2,2.0239e+09
97.5,0.48879,2135.8,2.0248e+09
97.6,0.48028,2134.5,2.0257e+09
97.7,0.47192,2133.1,2.0266e+09
97.8,0.46371,2131.8,2.0275e+09
97.9,0.45565,2130.4,2.0284e+09
98,0.44773,2129.1,2.0293e+09
98.1,0.43995,2127.8,2.0302e+09
98.2,0.43232,2126.4,2.031e+09
98.3,0.42481,2125.1,2.0319e+09
98.4,0.41744,2123.7,2.0328e+09
98.5,0.41021,2122.4,2.0336e+09
98.6,0.4031,2121.1,2.0345e+09
98.7,0.39612,2119.7,2.0353e+09
98.8,0.38926,2118.4,2.0362e+09
98.9,0.38252,2117,2.037e+09
99,0.37591,2115.7,2.0378e+09
99.1,0.36941,2114.4,2.0386e+09
99.2,0.36303,2113,2.0394e+09
99.3,0.35676,2111.7,2.0402e+09
99.4,0.35061,2110.4,2.041e+09
99.5,0.34456,2109,2.0418e+09
99.6,0.33862,2107.7,2.0426e+09
99.7,0.33279,2106.4,2.0434e+09
99.8,0.32706,2105,2.0442e+09
99.9,0.32143,2103.7,2.045e+09
100,0.31591,2102.4,2.0457e+09
100.1,0.31048,2101.1,2.0465e+09
100.2,0.30515,2099.7,2.0472e+09
100.3,0.29991,2098.4,2.048e+09
100.4,0.29477,2097.1,2.0487e+09
100.5,0.28972,2095.8,2.0495e+09
100.6,0.28476,2094.4,2.0502e+09
100.7,0.27988,2093.1,2.0509e+09
100.8,0.2751,2091.8,2.0517e+09
100.9,0.2704,2090.5,2.0524e+09
101,0.26578,2089.2,2.0531e+09
101.1,0.26124,2087.8,2.0538e+09
101.2,0.25679,2086.5,2.0545e+09
101.3,0.25242,2085.2,2.0552e+09
101.4,0.24812,2083.9,2.0559e+09
101.5,0.2439,2082.6,2.0566e+09
101.6,0.23975,2081.3,2.0573e+09
101.7,0.23568,2080,2.0579e+09
101.8,0.23168,2078.6,2.0586e+09
101.9,0.22775,2077.3,2.0593e+09
102,0.2239,2076,2.0599e+09
102.1,0.22011,2074.7,2.0606e+09
102.2,0.21639,2073.4,2.0612e+09
102.3,0.21273,2072.1,2.0619e+09
102.4,0.20914,2070.8,2.0625e+09
102.5,0.20561,2069.5,2.0632e+09
102.6,0.20215,2068.2,2.0638e+09
102.7,0.19875,2066.9,2.0644e+09
102.8,0.19541,2065.6,2.0651e+09
102.9,0.19213,2064.3,2.0657e+09
103,0.1889,2063,2.0663e+09
103.1,0.18574,2061.7,2.0669e+09
103.2,0.18263,2060.4,2.0675e+09
103.3,0.17957,2059.1,2.0681e+09
103.4,0.17657,2057.8,2.0687e+09
103.5,0.17363,2056.5,2.0693e+09
103.6,0.17073,2055.2,2.0699e+09
103.7,0.16789,2053.9,2.0705e+09
103.8,0.1651,2052.6,2.0711e+09
103.9,0.16236,2051.3,2.0716e+09
104,0.15966,2050,2.0722e+09
104.1,0.15702,2048.7,2.0728e+09
104.2,0.15442,2047.4,2.0733e+09
104.3,0.15187,2046.1,2.0739e+09
104.4,0.14936,2044.8,2.0744e+09
104.5,0.1469,2043.6,2.075e+09
104.6,0.14448,2042.3,2.0755e+09
104.7,0.1421,2041,2.0761e+09
104.8,0.13977,2039.7,2.0766e+09
104.9,0.13748,2038.4,2.0772e+09
105,0.13523,2037.1,2.0777e+09
105.1,0.13302,2035.8,2.0782e+09
105.2,0.13085,2034.6,2.0787e+09
105.3,0.12871,2033.3,2.0793e+09
105.4,0.12662,2032,2.0798e+09
105.5,0.12456,2030.7,2.0803e+09
105.6,0.12254,2029.4,2.0808e+09
105.7,0.12055,2028.2,2.0813e+09
105.8,0.1186,2026.9,2.0818e+09
105.9,0.11669,2025.6,2.0823e+09
106,0.11481,2024.3,2.0828e+09
106.1,0.11296,2023,2.0833e+09
106.2,0.11114,2021.8,2.0838e+09
106.3,0.10936,2020.5,2.0843e+09
106.4,0.10761,2019.2,2.0847e+09
106.5,0.10589,2017.9,2.0852e+09
106.6,0.1042,2016.7,2.0857e+09
106.7,0.10254,2015.4,2.0862e+09
106.8,0.10091,2014.1,2.0866e+09
106.9,0.099312,2012.9,2.0871e+09
107,0.097739,2011.6,2.0875e+09
107.1,0.096195,2010.3,2.088e+09
107.2,0.094678,2009.1,2.0885e+09
107.3,0.093188,2007.8,2.0889e+09
107.4,0.091724,2006.5,2.0894e+09
107.5,0.090286,2005.3,2.0898e+09
107.6,0.088874,2004,2.0902e+09
107.7,0.087487,2002.7,2.0907e+09
107.8,0.086124,2001.5,2.0911e+09
107.9,0.084786,2000.2,2.0915e+09
108,0.083472,1999,2.092e+09
108.1,0.08218,1997.7,2.0924e+09
108.2,0.080912,1996.4,2.0928e+09
108.3,0.079666,1995.2,2.0932e+09
108.4,0.078443,1993.9,2.0936e+09
108.5,0.077241,1992.7,2.094e+09
108.6,0.07606,1991.4,2.0945e+09
108.7,0.0749,1990.2,2.0949e+09
108.8,0.073761,1988.9,2.0953e+09
108.9,0.072642,1987.7,2.0957e+09
109,0.071543,1986.4,2.0961e+09
109.1,0.070463,1985.2,2.0965e+09
109.2,0.069403,1983.9,2.0968e+09
109.3,0.068361,1982.7,2.0972e+09
109.4,0.067338,1981.4,2.0976e+09
109.5,0.066333,1980.2,2.098e+09
109.6,0.065346,1978.9,2.0984e+09
109.7,0.064376,1977.7,2.0988e+09
109.8,0.063423,1976.4,2.0991e+09
109.9,0.062487,1975.2,2.0995e+09
110,0.061568,1973.9,2.0999e+09
110.1,0.060665,1972.7,2.1002e+09
110.2,0.059778,1971.5,2.1006e+09
110.3,0.058907,1970.2,2.101e+09
110.4,0.058051,1969,2.1013e+09
110.5,0.057211,1967.7,2.1017e+09
110.6,0.056385,1966.5,2.102e+09
110.7,0.055574,1965.3,2.1024e+09
110.8,0.054777,1964,2.1027e+09
110.9,0.053994,1962.8,2.1031e+09
111,0.053225,1961.5,2.1034e+09
111.1,0.05247,1960.3,2.1038e+09
111.2,0.051728,1959.1,2.1041e+09
111.3,0.050999,1957.8,2.1044e+09
111.4,0.050283,1956.6,2.1048e+09
111.5,0.04958,1955.4,2.1051e+09
111.6,0.048889,1954.1,2.1054e+09
111.7,0.048211,1952.9,2.1057e+09
111.8,0.047544,1951.7,2.1061e+09
111.9,0.046889,1950.5,2.1064e+09
112,0.046246,1949.2,2.1067e+09
112.1,0.045614,1948,2.107e+09
112.2,0.044993,1946.8,2.1073e+09
112.3,0.044383,1945.6,2.1076e+09
112.4,0.043784,1944.3,2.108e+09
112.5,0.043195,1943.1,2.1083e+09
112.6,0.042617,1941.9,2.1086e+09
112.7,0.042049,1940.7,2.1089e+09
112.8,0.041491,1939.4,2.1092e+09
112.9,0.040943,1938.2,2.1095e+09
113,0.040405,1937,2.1098e+09
113.1,0.039876,1935.8,2.1101e+09
113.2,0.039356,1934.6,2.1103e+09
113.3,0.038846,1933.3,2.1106e+09
113.4,0.038344,1932.1,2.1109e+09
113.5,0.037851,1930.9,2.1112e+09
113.6,0.037367,1929.7,2.1115e+09
113.7,0.036892,1928.5,2.1118e+09
113.8,0.036425,1927.3,2.1121e+09
113.9,0.035966,1926.1,2.1123e+09
114,0.035515,1924.8,2.1126e+09
114.1,0.035072,1923.6,2.1129e+09
114.2,0.034637,1922.4,2.1131e+09
114.3,0.034209,1921.2,2.1134e+09
114.4,0.033789,1920,2.1137e+09
114.5,0.033377,1918.8,2.1139e+09
114.6,0.032971,1917.6,2.1142e+09
114.7,0.032573,1916.4,2.1145e+09
114.8,0.032182,1915.2,2.1147e+09
114.9,0.031797,1914,2.115e+09
115,0.03142,1912.8,2.1152e+09
115.1,0.031049,1911.6,2.1155e+09
115.2,0.030684,1910.4,2.1158e+09
115.3,0.030326,1909.2,2.116e+09
115.4,0.029974,1908,2.1162e+09
115.5,0.029628,1906.8,2.1165e+09
115.6,0.029288,1905.6,2.1167e+09
115.7,0.028955,1904.4,2.117e+09
115.8,0.028627,1903.2,2.1172e+09
115.9,0.028305,1902,2.1175e+09
116,0.027988,1900.8,2.1177e+09
116.1,0.027677,1899.6,2.1179e+09
116.2,0.027371,1898.4,2.1182e+09
116.3,0.027071,1897.2,2.1184e+09
116.4,0.026776,1896,2.1186e+09
116.5,0.026486,1894.8,2.1189e+09
116.6,0.026201,1893.6,2.1191e+09
116.7,0.025921,1892.4,2.1193e+09
116.8,0.025647,1891.2,2.1195e+09
116.9,0.025376,1890,2.1198e+09
117,0.025111,1888.9,2.12e+09
117.1,0.02485,1887.7,2.1202e+09
117.2,0.024594,1886.5,2.1204e+09
117.3,0.024342,1885.3,2.1206e+09
117.4,0.024094,1884.1,2.1208e+09
117.5,0.023851,1882.9,2.1211e+09
117.6,0.023612,1881.7,2.1213e+09
117.7,0.023377,1880.6,2.1215e+09
117.8,0.023146,1879.4,2.1217e+09
117.9,0.02292,1878.2,2.1219e+09
118,0.022697,1877,2.1221e+09
118.1,0.022478,1875.8,2.1223e+09
118.2,0.022263,1874.7,2.1225e+09
118.3,0.022051,1873.5,2.1227e+09
118.4,0.021843,1872.3,2.1229e+09
118.5,0.021639,1871.1,2.1231e+09
118.6,0.021438,1869.9,2.1233e+09
118.7,0.021241,1868.8,2.1235e+09
118.8,0.021047,1867.6,2.1237e+09
118.9,0.020857,1866.4,2.1239e+09
119,0.02067,1865.3,2.1241e+09
119.1,0.020486,1864.1,2.1243e+09
119.2,0.020305,1862.9,2.1245e+09
119.3,0.020127,1861.7,2.1246e+09
119.4,0.019953,1860.6,2.1248e+09
119.5,0.019781,1859.4,2.125e+09
119.6,0.019612,1858.2,2.1252e+09
119.7,0.019446,1857.1,2.1254e+09
119.8,0.019283,1855.9,2.1256e+09
119.9,0.019123,1854.7,2.1257e+09
120,0.018966,1853.6,2.1259e+09
120.1,0.018811,1852.4,2.1261e+09
120.2,0.018659,1851.2,2.1263e+09
120.3,0.018509,1850.1,2.1264e+09
120.4,0.018363,1848.9,2.1266e+09
120.5,0.018218,1847.7,2.1268e+09
120.6,0.018076,1846.6,2.1269e+09
120.7,0.017937,1845.4,2.1271e+09
120.8,0.017799,1844.3,2.1273e+09
120.9,0.017665,1843.1,2.1274e+09
121,0.017532,1842,2.1276e+09
121.1,0.017402,1840.8,2.1278e+09
121.2,0.017274,1839.6,2.1279e+09
121.3,0.017148,1838.5,2.1281e+09
121.4,0.017024,1837.3,2.1283e+09
121.5,0.016902,1836.2,2.1284e+09
121.6,0.016782,1835,2.1286e+09
121.7,0.016665,1833.9,2.1287e+09
121.8,0.016549,1832.7,2.1289e+09
121.9,0.016436,1831.6,2.129e+09
122,0.016324,1830.4,2.1292e+09
122.1,0.016214,1829.3,2.1293e+09
122.2,0.016106,1828.1,2.1295e+09
122.3,0.016,1827,2.1296e+09
122.4,0.015895,1825.8,2.1298e+09
122.5,0.015792,1824.7,2.1299e+09
122.6,0.015691,1823.5,2.1301e+09
122.7,0.015592,1822.4,2.1302e+09
122.8,0.015495,1821.2,2.1304e+09
122.9,0.015399,1820.1,2.1305e+09
123,0.015304,1819,2.1307e+09
123.1,0.015211,1817.8,2.1308e+09
123.2,0.01512,1816.7,2.1309e+09
123.3,0.01503,1815.5,2.1311e+09
123.4,0.014942,1814.4,2.1312e+09
123.5,0.014855,1813.2,2.1314e+09
123.6,0.01477,1812.1,2.1315e+09
123.7,0.014686,1811,2.1316e+09
123.8,0.014603,1809.8,2.1318e+09
123.9,0.014522,1808.7,2.1319e+09
124,0.014442,1807.6,2.132e+09
124.1,0.014363,1806.4,2.1322e+09
124.2,0.014286,1805.3,2.1323e+09
124.3,0.01421,1804.2,2.1324e+09
124.4,0.014135,1803,2.1325e+09
124.5,0.014062,1801.9,2.1327e+09
124.6,0.013989,1800.8,2.1328e+09
124.7,0.013918,1799.6,2.1329e+09
124.8,0.013848,1798.5,2.1331e+09
124.9,0.013779,1797.4,2.1332e+09
125,0.013711,1796.2,2.1333e+09
125.1,0.013645,1795.1,2.1334e+09
125.2,0.013579,1794,2.1335e+09
125.3,0.013515,1792.9,2.1337e+09
125.4,0.013451,1791.7,2.1338e+09
125.5,0.013389,1790.6,2.1339e+09
125.6,0.013327,1789.5,2.134e+09
125.7,0.013267,1788.4,2.1341e+09
125.8,0.013207,1787.2,2.1342e+09
125.9,0.013149,1786.1,2.1344e+09
126,0.013091,1785,2.1345e+09
126.1,0.013034,1783.9,2.1346e+09
126.2,0.012979,1782.8,2.1347e+09
126.3,0.012924,1781.6,2.1348e+09
126.4,0.01287,1780.5,2.1349e+09
126.5,0.012816,1779.4,2.135e+09
126.6,0.012764,1778.3,2.1351e+09
126.7,0.012712,1777.2,2.1353e+09
126.8,0.012662,1776.1,2.1354e+09
126.9,0.012612,1775,2.1355e+09
127,0.012563,1773.8,2.1356e+09
127.1,0.012514,1772.7,2.1357e+09
127.2,0.012467,1771.6,2.1358e+09
127.3,0.01242,1770.5,2.1359e+09
127.4,0.012373,1769.4,2.136e+09
127.5,0.012328,1768.3,2.1361e+09
127.6,0.012283,1767.2,2.1362e+09
127.7,0.012239,1766.1,2.1363e+09
127.8,0.012196,1765,2.1364e+09
127.9,0.012153,1763.8,2.1365e+09
128,0.012111,1762.7,2.1366e+09
128.1,0.01207,1761.6,2.1367e+09
128.2,0.012029,1760.5,2.1368e+09
128.3,0.011989,1759.4,2.1369e+09
128.4,0.011949,1758.3,2.137e+09
128.5,0.01191,1757.2,2.1371e+09
128.6,0.011872,1756.1,2.1372e+09
128.7,0.011834,1755,2.1373e+09
128.8,0.011796,1753.9,2.1374e+09
128.9,0.01176,1752.8,2.1374e+09
129,0.011724,1751.7,2.1375e+09
129.1,0.011688,1750.6,2.1376e+09
129.2,0.011653,1749.5,2.1377e+09
129.3,0.011618,1748.4,2.1378e+09
129.4,0.011584,1747.3,2.1379e+09
129.5,0.011551,1746.2,2.138e+09
129.6,0.011518,1745.1,2.1381e+09
129.7,0.011485,1744,2.1382e+09
129.8,0.011453,1742.9,2.1383e+09
129.9,0.011421,1741.9,2.1383e+09
130,0.01139,1740.8,2.1384e+09
130.1,0.011359,1739.7,2.1385e+09
130.2,0.011329,1738.6,2.1386e+09
130.3,0.011299,1737.5,2.1387e+09
130.4,0.01127,1736.4,2.1388e+09
130.5,0.011241,1735.3,2.1388e+09
130.6,0.011212,1734.2,2.1389e+09
130.7,0.011184,1733.1,2.139e+09
130.8,0.011156,1732.1,2.1391e+09
130.9,0.011129,1731,2.1392e+09
131,0.011101,1729.9,2.1392e+09
131.1,0.011075,1728.8,2.1393e+09
131.2,0.011048,1727.7,2.1394e+09
131.3,0.011023,1726.6,2.1395e+09
131.4,0.010997,1725.5,2.1396e+09
131.5,0.010972,1724.5,2.1396e+09
131.6,0.010947,1723.4,2.1397e+09
131.7,0.010922,1722.3,2.1398e+09
131.8,0.010898,1721.2,2.1399e+09
131.9,0.010874,1720.1,2.1399e+09
132,0.010851,1719.1,2.14e+09
132.1,0.010827,1718,2.1401e+09
132.2,0.010804,1716.9,2.1401e+09
132.3,0.010782,1715.8,2.1402e+09
132.4,0.010759,1714.8,2.1403e+09
132.5,0.010737,1713.7,2.1404e+09
132.6,0.010715,1712.6,2.1404e+09
132.7,0.010694,1711.5,2.1405e+09
132.8,0.010673,1710.5,2.1406e+09
132.9,0.010652,1709.4,2.1406e+09
133,0.010631,1708.3,2.1407e+09
133.1,0.010611,1707.3,2.1408e+09
133.2,0.01059,1706.2,2.1408e+09
133.3,0.010571,1705.1,2.1409e+09
133.4,0.010551,1704.1,2.141e+09
133.5,0.010531,1703,2.141e+09
133.6,0.010512,1701.9,2.1411e+09
133.7,0.010493,1700.9,2.1412e+09
133.8,0.010475,1699.8,2.1412e+09
133.9,0.010456,1698.7,2.1413e+09
134,0.010438,1697.7,2.1414e+09
134.1,0.01042,1696.6,2.1414e+09
134.2,0.010402,1695.5,2.1415e+09
134.3,0.010384,1694.5,2.1416e+09
134.4,0.010367,1693.4,2.1416e+09
134.5,0.01035,1692.3,2.1417e+09
134.6,0.010333,1691.3,2.1417e+09
134.7,0.010316,1690.2,2.1418e+09
134.8,0.010299,1689.2,2.1419e+09
134.9,0.010283,1688.1,2.1419e+09
135,0.010267,1687.1,2.142e+09
135.1,0.010251,1686,2.142e+09
135.2,0.010235,1684.9,2.1421e+09
135.3,0.010219,1683.9,2.1421e+09
135.4,0.010204,1682.8,2.1422e+09
135.5,0.010188,1681.8,2.1423e+09
135.6,0.010173,1680.7,2.1423e+09
135.7,0.010158,1679.7,2.1424e+09
135.8,0.010143,1678.6,2.1424e+09
135.9,0.010129,1677.6,2.1425e+09
136,0.010114,1676.5,2.1425e+09
136.1,0.0101,1675.5,2.1426e+09
136.2,0.010086,1674.4,2.1426e+09
136.3,0.010072,1673.4,2.1427e+09
136.4,0.010058,1672.3,2.1428e+09
136.5,0.010044,1671.3,2.1428e+09
136.6,0.01003,1670.2,2.1429e+09
136.7,0.010017,1669.2,2.1429e+09
136.8,0.010004,1668.1,2.143e+09
136.9,0.0099904,1667.1,2.143e+09
137,0.0099773,1666.1,2.1431e+09
137.1,0.0099644,1665,2.1431e+09
137.2,0.0099515,1664,2.1432e+09
137.3,0.0099388,1662.9,2.1432e+09
137.4,0.0099263,1661.9,2.1433e+09
137.5,0.0099138,1660.8,2.1433e+09
137.6,0.0099015,1659.8,2.1434e+09
137.7,0.0098893,1658.8,2.1434e+09
137.8,0.0098772,1657.7,2.1435e+09
137.9,0.0098652,1656.7,2.1435e+09
138,0.0098533,1655.7,2.1436e+09
138.1,0.0098416,1654.6,2.1436e+09
138.2,0.0098299,1653.6,2.1437e+09
138.3,0.0098183,1652.6,2.1437e+09
138.4,0.0098069,1651.5,2.1437e+09
138.5,0.0097955,1650.5,2.1438e+09
138.6,0.0097843,1649.5,2.1438e+09
138.7,0.0097731,1648.4,2.1439e+09
138.8,0.0097621,1647.4,2.1439e+09
138.9,0.0097511,1646.4,2.144e+09
139,0.0097403,1645.3,2.144e+09
139.1,0.0097295,1644.3,2.1441e+09
139.2,0.0097188,1643.3,2.1441e+09
139.3,0.0097082,1642.2,2.1441e+09
139.4,0.0096977,1641.2,2.1442e+09
139.5,0.0096873,1640.2,2.1442e+09
139.6,0.009677,1639.2,2.1443e+09
139.7,0.0096667,1638.1,2.1443e+09
139.8,0.0096565,1637.1,2.1444e+09
139.9,0.0096464,1636.1,2.1444e+09
140,0.0096364,1635.1,2.1444e+09
140.1,0.0096265,1634,2.1445e+09
140.2,0.0096166,1633,2.1445e+09
140.3,0.0096069,1632,2.1446e+09
140.4,0.0095971,1631,2.1446e+09
140.5,0.0095875,1630,2.1446e+09
140.6,0.0095779,1628.9,2.1447e+09
140.7,0.0095684,1627.9,2.1447e+09
140.8,0.009559,1626.9,2.1448e+09
140.9,0.0095496,1625.9,2.1448e+09
141,0.0095403,1624.9,2.1448e+09
141.1,0.0095311,1623.8,2.1449e+09
141.2,0.0095219,1622.8,2.1449e+09
141.3,0.0095128,1621.8,2.1449e+09
141.4,0.0095038,1620.8,2.145e+09
141.5,0.0094948,1619.8,2.145e+09
141.6,0.0094859,1618.8,2.1451e+09
141.7,0.009477,1617.8,2.1451e+09
141.8,0.0094682,1616.8,2.1451e+09
141.9,0.0094595,1615.7,2.1452e+09
142,0.0094508,1614.7,2.1452e+09
142.1,0.0094421,1613.7,2.1452e+09
142.2,0.0094336,1612.7,2.1453e+09
142.3,0.009425,1611.7,2.1453e+09
142.4,0.0094165,1610.7,2.1453e+09
142.5,0.0094081,1609.7,2.1454e+09
142.6,0.0093997,1608.7,2.1454e+09
142.7,0.0093914,1607.7,2.1454e+09
142.8,0.0093831,1606.7,2.1455e+09
142.9,0.0093749,1605.7,2.1455e+09
143,0.0093667,1604.7,2.1455e+09
143.1,0.0093586,1603.7,2.1456e+09
143.2,0.0093505,1602.7,2.1456e+09
143.3,0.0093425,1601.7,2.1456e+09
143.4,0.0093345,1600.7,2.1457e+09
143.5,0.0093265,1599.7,2.1457e+09
143.6,0.0093186,1598.7,2.1457e+09
143.7,0.0093107,1597.7,2.1458e+09
143.8,0.0093029,1596.7,2.1458e+09
143.9,0.0092951,1595.7,2.1458e+09
144,0.0092873,1594.7,2.1459e+09
144.1,0.0092796,1593.7,2.1459e+09
144.2,0.009272,1592.7,2.1459e+09
144.3,0.0092643,1591.7,2.1459e+09
144.4,0.0092567,1590.7,2.146e+09
144.5,0.0092492,1589.7,2.146e+09
144.6,0.0092417,1588.7,2.146e+09
144.7,0.0092342,1587.7,2.1461e+09
144.8,0.0092267,1586.7,2.1461e+09
144.9,0.0092193,1585.7,2.1461e+09
145,0.0092119,1584.7,2.1461e+09
145.1,0.0092046,1583.7,2.1462e+09
145.2,0.0091973,1582.8,2.1462e+09
145.3,0.00919,1581.8,2.1462e+09
145.4,0.0091827,1580.8,2.1463e+09
145.5,0.0091755,1579.8,2.1463e+09
145.6,0.0091683,1578.8,2.1463e+09
145.7,0.0091612,1577.8,2.1463e+09
145.8,0.009154,1576.8,2.1464e+09
145.9,0.0091469,1575.8,2.1464e+09
146,0.0091399,1574.9,2.1464e+09
146.1,0.0091328,1573.9,2.1464e+09
146.2,0.0091258,1572.9,2.1465e+09
146.3,0.0091188,1571.9,2.1465e+09
146.4,0.0091119,1570.9,2.1465e+09
146.5,0.0091049,1569.9,2.1465e+09
146.6,0.009098,1569,2.1466e+09
146.7,0.0090912,1568,2.1466e+09
146.8,0.0090843,1567,2.1466e+09
146.9,0.0090775,1566,2.1466e+09
147,0.0090707,1565.1,2.1467e+09
147.1,0.0090639,1564.1,2.1467e+09
147.2,0.0090571,1563.1,2.1467e+09
147.3,0.0090504,1562.1,2.1467e+09
147.4,0.0090437,1561.1,2.1468e+09
147.5,0.009037,1560.2,2.1468e+09
147.6,0.0090304,1559.2,2.1468e+09
147.7,0.0090237,1558.2,2.1468e+09
147.8,0.0090171,1557.3,2.1469e+09
147.9,0.0090105,1556.3,2.1469e+09
148,0.0090039,1555.3,2.1469e+09
148.1,0.0089974,1554.3,2.1469e+09
148.2,0.0089908,1553.4,2.1469e+09
148.3,0.0089843,1552.4,2.147e+09
148.4,0.0089778,1551.4,2.147e+09
148.5,0.0089714,1550.5,2.147e+09
148.6,0.0089649,1549.5,2.147e+09
148.7,0.0089585,1548.5,2.1471e+09
148.8,0.0089521,1547.6,2.1471e+09
148.9,0.0089457,1546.6,2.1471e+09
149,0.0089393,1545.6,2.1471e+09
149.1,0.0089329,1544.7,2.1471e+09
149.2,0.0089266,1543.7,2.1472e+09
149.3,0.0089203,1542.7,2.1472e+09
149.4,0.008914,1541.8,2.1472e+09
149.5,0.0089077,1540.8,2.1472e+09
149.6,0.0089014,1539.9,2.1472e+09
149.7,0.0088952,1538.9,2.1473e+09
149.8,0.0088889,1537.9,2.1473e+09
149.9,0.0088827,1537,2.1473e+09
150,0.0088765,1536,2.1473e+09
150.1,0.0088703,1535.1,2.1473e+09
150.2,0.0088641,1534.1,2.1474e+09
150.3,0.008858,1533.1,2.1474e+09
150.4,0.0088518,1532.2,2.1474e+09
150.5,0.0088457,1531.2,2.1474e+09
150.6,0.0088396,1530.3,2.1474e+09
150.7,0.0088335,1529.3,2.1475e+09
150.8,0.0088274,1528.4,2.1475e+09
150.9,0.0088213,1527.4,2.1475e+09
151,0.0088153,1526.5,2.1475e+09
151.1,0.0088092,1525.5,2.1475e+09
151.2,0.0088032,1524.6,2.1476e+09
151.3,0.0087972,1523.6,2.1476e+09
151.4,0.0087912,1522.7,2.1476e+09
151.5,0.0087852,1521.7,2.1476e+09
151.6,0.0087792,1520.8,2.1476e+09
151.7,0.0087732,1519.8,2.1476e+09
151.8,0.0087673,1518.9,2.1477e+09
151.9,0.0087613,1517.9,2.1477e+09
152,0.0087554,1517,2.1477e+09
152.1,0.0087495,1516,2.1477e+09
152.2,0.0087436,1515.1,2.1477e+09
152.3,0.0087377,1514.1,2.1477e+09
152.4,0.0087318,1513.2,2.1478e+09
152.5,0.0087259,1512.2,2.1478e+09
152.6,0.0087201,1511.3,2.1478e+09
152.7,0.0087142,1510.4,2.1478e+09
152.8,0.0087084,1509.4,2.1478e+09
152.9,0.0087025,1508.5,2.1478e+09
153,0.0086967,1507.5,2.1479e+09
153.1,0.0086909,1506.6,2.1479e+09
153.2,0.0086851,1505.6,2.1479e+09
153.3,0.0086793,1504.7,2.1479e+09
153.4,0.0086736,1503.8,2.1479e+09
153.5,0.0086678,1502.8,2.1479e+09
153.6,0.008662,1501.9,2.1479e+09
153.7,0.0086563,1501,2.148e+09
153.8,0.0086506,1500,2.148e+09
153.9,0.0086448,1499.1,2.148e+09
154,0.0086391,1498.2,2.148e+09
154.1,0.0086334,1497.2,2.148e+09
154.2,0.0086277,1496.3,2.148e+09
154.3,0.008622,1495.4,2.148e+09
154.4,0.0086164,1494.4,2.1481e+09
154.5,0.0086107,1493.5,2.1481e+09
154.6,0.008605,1492.6,2.1481e+09
154.7,0.0085994,1491.6,2.1481e+09
154.8,0.0085937,1490.7,2.1481e+09
154.9,0.0085881,1489.8,2.1481e+09
155,0.0085825,1488.8,2.1481e+09
155.1,0.0085769,1487.9,2.1482e+09
155.2,0.0085712,1487,2.1482e+09
155.3,0.0085656,1486.1,2.1482e+09
155.4,0.00856,1485.1,2.1482e+09
155.5,0.0085545,1484.2,2.1482e+09
155.6,0.0085489,1483.3,2.1482e+09
155.7,0.0085433,1482.4,2.1482e+09
155.8,0.0085378,1481.4,2.1483e+09
155.9,0.0085322,1480.5,2.1483e+09
156,0.0085267,1479.6,2.1483e+09
156.1,0.0085211,1478.7,2.1483e+09
156.2,0.0085156,1477.8,2.1483e+09
156.3,0.0085101,1476.8,2.1483e+09
156.4,0.0085045,1475.9,2.1483e+09
156.5,0.008499,1475,2.1483e+09
156.6,0.0084935,1474.1,2.1484e+09
156.7,0.008488,1473.2,2.1484e+09
156.8,0.0084826,1472.2,2.1484e+09
156.9,0.0084771,1471.3,2.1484e+09
157,0.0084716,1470.4,2.1484e+09
157.1,0.0084661,1469.5,2.1484e+09
157.2,0.0084607,1468.6,2.1484e+09
157.3,0.0084552,1467.7,2.1484e+09
157.4,0.0084498,1466.7,2.1484e+09
157.5,0.0084443,1465.8,2.1485e+09
157.6,0.0084389,1464.9,2.1485e+09
157.7,0.0084335,1464,2.1485e+09
157.8,0.0084281,1463.1,2.1485e+09
157.9,0.0084226,1462.2,2.1485e+09
158,0.0084172,1461.3,2.1485e+09
158.1,0.0084118,1460.4,2.1485e+09
158.2,0.0084064,1459.5,2.1485e+09
158.3,0.008401,1458.5,2.1485e+09
158.4,0.0083957,1457.6,2.1486e+09
158.5,0.0083903,1456.7,2.1486e+09
158.6,0.0083849,1455.8,2.1486e+09
158.7,0.0083795,1454.9,2.1486e+09
158.8,0.0083742,1454,2.1486e+09
158.9,0.0083688,1453.1,2.1486e+09
159,0.0083635,1452.2,2.1486e+09
159.1,0.0083581,1451.3,2.1486e+09
159.2,0.0083528,1450.4,2.1486e+09
159.3,0.0083475,1449.5,2.1486e+09
159.4,0.0083422,1448.6,2.1487e+09
159.5,0.0083368,1447.7,2.1487e+09
159.6,0.0083315,1446.8,2.1487e+09
159.7,0.0083262,1445.9,2.1487e+09
159.8,0.0083209,1445,2.1487e+09
159.9,0.0083156,1444.1,2.1487e+09
160,0.0083103,1443.2,2.1487e+09
160.1,0.008305,1442.3,2.1487e+09
160.2,0.0082998,1441.4,2.1487e+09
160.3,0.0082945,1440.5,2.1487e+09
160.4,0.0082892,1439.6,2.1488e+09
160.5,0.008284,1438.7,2.1488e+09
160.6,0.0082787,1437.8,2.1488e+09
160.7,0.0082734,1436.9,2.1488e+09
160.8,0.0082682,1436,2.1488e+09
160.9,0.0082629,1435.1,2.1488e+09
161,0.0082577,1434.2,2.1488e+09
161.1,0.0082525,1433.3,2.1488e+09
161.2,0.0082472,1432.5,2.1488e+09
161.3,0.008242,1431.6,2.1488e+09
161.4,0.0082368,1430.7,2.1488e+09
161.5,0.0082316,1429.8,2.1488e+09
161.6,0.0082264,1428.9,2.1489e+09
161.7,0.0082212,1428,2.1489e+09
161.8,0.008216,1427.1,2.1489e+09
161.9,0.0082108,1426.2,2.1489e+09
162,0.0082056,1425.3,2.1489e+09
162.1,0.0082004,1424.5,2.1489e+09
162.2,0.0081952,1423.6,2.1489e+09
162.3,0.00819,1422.7,2.1489e+09
162.4,0.0081849,1421.8,2.1489e+09
162.5,0.0081797,1420.9,2.1489e+09
162.6,0.0081745,1420,2.1489e+09
162.7,0.0081694,1419.1,2.1489e+09
162.8,0.0081642,1418.3,2.149e+09
162.9,0.0081591,1417.4,2.149e+09
163,0.0081539,1416.5,2.149e+09
163.1,0.0081488,1415.6,2.149e+09
163.2,0.0081437,1414.7,2.149e+09
163.3,0.0081385,1413.9,2.149e+09
163.4,0.0081334,1413,2.149e+09
163.5,0.0081283,1412.1,2.149e+09
163.6,0.0081232,1411.2,2.149e+09
163.7,0.0081181,1410.3,2.149e+09
163.8,0.0081129,1409.5,2.149e+09
163.9,0.0081078,1408.6,2.149e+09
164,0.0081027,1407.7,2.149e+09
164.1,0.0080976,1406.8,2.149e+09
164.2,0.0080925,1406,2.1491e+09
164.3,0.0080875,1405.1,2.1491e+09
164.4,0.0080824,1404.2,2.1491e+09
164.5,0.0080773,1403.3,2.1491e+09
164.6,0.0080722,1402.5,2.1491e+09
164.7,0.0080672,1401.6,2.1491e+09
164.8,0.0080621,1400.7,2.1491e+09
164.9,0.008057,1399.9,2.1491e+09
165,0.008052,1399,2.1491e+09
165.1,0.0080469,1398.1,2.1491e+09
165.2,0.0080419,1397.3,2.1491e+09
165.3,0.0080368,1396.4,2.1491e+09
165.4,0.0080318,1395.5,2.1491e+09
165.5,0.0080267,1394.7,2.1491e+09
165.6,0.0080217,1393.8,2.1491e+09
165.7,0.0080167,1392.9,2.1492e+09
165.8,0.0080116,1392.1,2.1492e+09
165.9,0.0080066,1391.2,2.1492e+09
166,0.0080016,1390.3,2.1492e+09
166.1,0.0079966,1389.5,2.1492e+09
166.2,0.0079916,1388.6,2.1492e+09
166.3,0.0079866,1387.7,2.1492e+09
166.4,0.0079816,1386.9,2.1492e+09
166.5,0.0079766,1386,2.1492e+09
166.6,0.0079716,1385.2,2.1492e+09
166.7,0.0079666,1384.3,2.1492e+09
166.8,0.0079616,1383.4,2.1492e+09
166.9,0.0079566,1382.6,2.1492e+09
167,0.0079516,1381.7,2.1492e+09
167.1,0.0079466,1380.9,2.1492e+09
167.2,0.0079417,1380,2.1492e+09
167.3,0.0079367,1379.1,2.1492e+09
167.4,0.0079317,1378.3,2.1493e+09
167.5,0.0079268,1377.4,2.1493e+09
167.6,0.0079218,1376.6,2.1493e+09
167.7,0.0079169,1375.7,2.1493e+09
167.8,0.0079119,1374.9,2.1493e+09
167.9,0.007907,1374,2.1493e+09
168,0.007902,1373.2,2.1493e+09
168.1,0.0078971,1372.3,2.1493e+09
168.2,0.0078921,1371.5,2.1493e+09
168.3,0.0078872,1370.6,2.1493e+09
168.4,0.0078823,1369.7,2.1493e+09
168.5,0.0078774,1368.9,2.1493e+09
168.6,0.0078724,1368,2.1493e+09
168.7,0.0078675,1367.2,2.1493e+09
168.8,0.0078626,1366.4,2.1493e+09
168.9,0.0078577,1365.5,2.1493e+09
169,0.0078528,1364.7,2.1493e+09
169.1,0.0078479,1363.8,2.1493e+09
169.2,0.007843,1363,2.1493e+09
169.3,0.0078381,1362.1,2.1494e+09
169.4,0.0078332,1361.3,2.1494e+09
169.5,0.0078283,1360.4,2.1494e+09
169.6,0.0078234,1359.6,2.1494e+09
169.7,0.0078185,1358.7,2.1494e+09
169.8,0.0078137,1357.9,2.1494e+09
169.9,0.0078088,1357.1,2.1494e+09
170,0.0078039,1356.2,2.1494e+09
170.1,0.007799,1355.4,2.1494e+09
170.2,0.0077942,1354.5,2.1494e+09
170.3,0.0077893,1353.7,2.1494e+09
170.4,0.0077845,1352.8,2.1494e+09
170.5,0.0077796,1352,2.1494e+09
170.6,0.0077748,1351.2,2.1494e+09
170.7,0.0077699,1350.3,2.1494e+09
170.8,0.0077651,1349.5,2.1494e+09
170.9,0.0077602,1348.7,2.1494e+09
171,0.0077554,1347.8,2.1494e+09
171.1,0.0077506,1347,2.1494e+09
171.2,0.0077457,1346.1,2.1494e+09
171.3,0.0077409,1345.3,2.1494e+09
171.4,0.0077361,1344.5,2.1494e+09
171.5,0.0077313,1343.6,2.1494e+09
171.6,0.0077264,1342.8,2.1495e+09
171.7,0.0077216,1342,2.1495e+09
171.8,0.0077168,1341.1,2.1495e+09
171.9,0.007712,1340.3,2.1495e+09
172,0.0077072,1339.5,2.1495e+09
172.1,0.0077024,1338.7,2.1495e+09
172.2,0.0076976,1337.8,2.1495e+09
172.3,0.0076928,1337,2.1495e+09
172.4,0.007688,1336.2,2.1495e+09
172.5,0.0076832,1335.3,2.1495e+09
172.6,0.0076785,1334.5,2.1495e+09
172.7,0.0076737,1333.7,2.1495e+09
172.8,0.0076689,1332.9,2.1495e+09
172.9,0.0076641,1332,2.1495e+09
173,0.0076594,1331.2,2.1495e+09
173.1,0.0076546,1330.4,2.1495e+09
173.2,0.0076498,1329.5,2.1495e+09
173.3,0.0076451,1328.7,2.1495e+09
173.4,0.0076403,1327.9,2.1495e+09
173.5,0.0076356,1327.1,2.1495e+09
173.6,0.0076308,1326.3,2.1495e+09
173.7,0.0076261,1325.4,2.1495e+09
173.8,0.0076213,1324.6,2.1495e+09
173.9,0.0076166,1323.8,2.1495e+09
174,0.0076118,1323,2.1495e+09
174.1,0.0076071,1322.1,2.1495e+09
174.2,0.0076024,1321.3,2.1495e+09
174.3,0.0075976,1320.5,2.1495e+09
174.4,0.0075929,1319.7,2.1496e+09
174.5,0.0075882,1318.9,2.1496e+09
174.6,0.0075835,1318.1,2.1496e+09
174.7,0.0075788,1317.2,2.1496e+09
174.8,0.007574,1316.4,2.1496e+09
174.9,0.0075693,1315.6,2.1496e+09
175,0.0075646,1314.8,2.1496e+09
175.1,0.0075599,1314,2.1496e+09
175.2,0.0075552,1313.2,2.1496e+09
175.3,0.0075505,1312.3,2.1496e+09
175.4,0.0075458,1311.5,2.1496e+09
175.5,0.0075412,1310.7,2.1496e+09
175.6,0.0075365,1309.9,2.1496e+09
175.7,0.0075318,1309.1,2.1496e+09
175.8,0.0075271,1308.3,2.1496e+09
175.9,0.0075224,1307.5,2.1496e+09
176,0.0075178,1306.7,2.1496e+09
176.1,0.0075131,1305.9,2.1496e+09
176.2,0.0075084,1305.1,2.1496e+09
176.3,0.0075038,1304.2,2.1496e+09
176.4,0.0074991,1303.4,2.1496e+09
176.5,0.0074944,1302.6,2.1496e+09
176.6,0.0074898,1301.8,2.1496e+09
176.7,0.0074851,1301,2.1496e+09
176.8,0.0074805,1300.2,2.1496e+09
176.9,0.0074758,1299.4,2.1496e+09
177,0.0074712,1298.6,2.1496e+09
177.1,0.0074665,1297.8,2.1496e+09
177.2,0.0074619,1297,2.1496e+09
177.3,0.0074573,1296.2,2.1496e+09
177.4,0.0074526,1295.4,2.1496e+09
177.5,0.007448,1294.6,2.1496e+09
177.6,0.0074434,1293.8,2.1496e+09
177.7,0.0074388,1293,2.1496e+09
177.8,0.0074342,1292.2,2.1497e+09
177.9,0.0074295,1291.4,2.1497e+09
178,0.0074249,1290.6,2.1497e+09
178.1,0.0074203,1289.8,2.1497e+09
178.2,0.0074157,1289,2.1497e+09
178.3,0.0074111,1288.2,2.1497e+09
178.4,0.0074065,1287.4,2.1497e+09
178.5,0.0074019,1286.6,2.1497e+09
178.6,0.0073973,1285.8,2.1497e+09
178.7,0.0073927,1285,2.1497e+09
178.8,0.0073882,1284.2,2.1497e+09
178.9,0.0073836,1283.4,2.1497e+09
179,0.007379,1282.6,2.1497e+09
179.1,0.0073744,1281.8,2.1497e+09
179.2,0.0073698,1281,2.1497e+09
179.3,0.0073653,1280.2,2.1497e+09
179.4,0.0073607,1279.4,2.1497e+09
179.5,0.0073561,1278.7,2.1497e+09
179.6,0.0073516,1277.9,2.1497e+09
179.7,0.007347,1277.1,2.1497e+09
179.8,0.0073424,1276.3,2.1497e+09
179.9,0.0073379,1275.5,2.1497e+09
180,0.0073333,1274.7,2.1497e+09
180.1,0.0073288,1273.9,2.1497e+09
180.2,0.0073242,1273.1,2.1497e+09
180.3,0.0073197,1272.3,2.1497e+09
180.4,0.0073152,1271.5,2.1497e+09
180.5,0.0073106,1270.8,2.1497e+09
180.6,0.0073061,1270,2.1497e+09
180.7,0.0073016,1269.2,2.1497e+09
180.8,0.007297,1268.4,2.1497e+09
180.9,0.0072925,1267.6,2.1497e+09
181,0.007288,1266.8,2.1497e+09
181.1,0.0072835,1266.1,2.1497e+09
181.2,0.007279,1265.3,2.1497e+09
181.3,0.0072745,1264.5,2.1497e+09
181.4,0.0072699,1263.7,2.1497e+09
181.5,0.0072654,1262.9,2.1497e+09
181.6,0.0072609,1262.1,2.1497e+09
181.7,0.0072564,1261.4,2.1497e+09
181.8,0.0072519,1260.6,2.1497e+09
181.9,0.0072474,1259.8,2.1497e+09
182,0.007243,1259,2.1497e+09
182.1,0.0072385,1258.2,2.1497e+09
182.2,0.007234,1257.5,2.1497e+09
182.3,0.0072295,1256.7,2.1497e+09
182.4,0.007225,1255.9,2.1498e+09
182.5,0.0072205,1255.1,2.1498e+09
182.6,0.0072161,1254.4,2.1498e+09
182.7,0.0072116,1253.6,2.1498e+09
182.8,0.0072071,1252.8,2.1498e+09
182.9,0.0072027,1252,2.1498e+09
183,0.0071982,1251.3,2.1498e+09
183.1,0.0071937,1250.5,2.1498e+09
183.2,0.0071893,1249.7,2.1498e+09
183.3,0.0071848,1248.9,2.1498e+09
183.4,0.0071804,1248.2,2.1498e+09
183.5,0.0071759,1247.4,2.1498e+09
183.6,0.0071715,1246.6,2.1498e+09
183.7,0.0071671,1245.9,2.1498e+09
183.8,0.0071626,1245.1,2.1498e+09
183.9,0.0071582,1244.3,2.1498e+09
184,0.0071537,1243.5,2.1498e+09
184.1,0.0071493,1242.8,2.1498e+09
184.2,0.0071449,1242,2.1498e+09
184.3,0.0071405,1241.2,2.1498e+09
184.4,0.007136,1240.5,2.1498e+09
184.5,0.0071316,1239.7,2.1498e+09
184.6,0.0071272,1238.9,2.1498e+09
184.7,0.0071228,1238.2,2.1498e+09
184.8,0.0071184,1237.4,2.1498e+09
184.9,0.007114,1236.7,2.1498e+09
185,0.0071096,1235.9,2.1498e+09
185.1,0.0071052,1235.1,2.1498e+09
185.2,0.0071008,1234.4,2.1498e+09
185.3,0.0070964,1233.6,2.1498e+09
185.4,0.007092,1232.8,2.1498e+09
185.5,0.0070876,1232.1,2.1498e+09
185.6,0.0070832,1231.3,2.1498e+09
185.7,0.0070788,1230.6,2.1498e+09
185.8,0.0070745,1229.8,2.1498e+09
185.9,0.0070701,1229,2.1498e+09
186,0.0070657,1228.3,2.1498e+09
186.1,0.0070613,1227.5,2.1498e+09
186.2,0.007057,1226.8,2.1498e+09
186.3,0.0070526,1226,2.1498e+09
186.4,0.0070482,1225.2,2.1498e+09
186.5,0.0070439,1224.5,2.1498e+09
186.6,0.0070395,1223.7,2.1498e+09
186.7,0.0070352,1223,2.1498e+09
186.8,0.0070308,1222.2,2.1498e+09
186.9,0.0070265,1221.5,2.1498e+09
187,0.0070221,1220.7,2.1498e+09
187.1,0.0070178,1220,2.1498e+09
187.2,0.0070134,1219.2,2.1498e+09
187.3,0.0070091,1218.5,2.1498e+09
187.4,0.0070048,1217.7,2.1498e+09
187.5,0.0070004,1216.9,2.1498e+09
187.6,0.0069961,1216.2,2.1498e+09
187.7,0.0069918,1215.4,2.1498e+09
187.8,0.0069874,1214.7,2.1498e+09
187.9,0.0069831,1213.9,2.1498e+09
188,0.0069788,1213.2,2.1498e+09
188.1,0.0069745,1212.4,2.1498e+09
188.2,0.0069702,1211.7,2.1498e+09
188.3,0.0069659,1211,2.1498e+09
188.4,0.0069616,1210.2,2.1498e+09
188.5,0.0069573,1209.5,2.1498e+09
188.6,0.006953,1208.7,2.1498e+09
188.7,0.0069487,1208,2.1498e+09
188.8,0.0069444,1207.2,2.1498e+09
188.9,0.0069401,1206.5,2.1498e+09
189,0.0069358,1205.7,2.1498e+09
189.1,0.0069315,1205,2.1498e+09
189.2,0.0069272,1204.2,2.1498e+09
189.3,0.0069229,1203.5,2.1499e+09
189.4,0.0069186,1202.8,2.1499e+09
189.5,0.0069144,1202,2.1499e+09
189.6,0.0069101,1201.3,2.1499e+09
189.7,0.0069058,1200.5,2.1499e+09
189.8,0.0069016,1199.8,2.1499e+09
189.9,0.0068973,1199.1,2.1499e+09
190,0.006893,1198.3,2.1499e+09
190.1,0.0068888,1197.6,2.1499e+09
190.2,0.0068845,1196.8,2.1499e+09
190.3,0.0068803,1196.1,2.1499e+09
190.4,0.006876,1195.4,2.1499e+09
190.5,0.0068718,1194.6,2.1499e+09
190.6,0.0068675,1193.9,2.1499e+09
190.7,0.0068633,1193.2,2.1499e+09
190.8,0.006859,1192.4,2.1499e+09
190.9,0.0068548,1191.7,2.1499e+09
191,0.0068506,1190.9,2.1499e+09
191.1,0.0068463,1190.2,2.1499e+09
191.2,0.0068421,1189.5,2.1499e+09
191.3,0.0068379,1188.7,2.1499e+09
191.4,0.0068336,1188,2.1499e+09
191.5,0.0068294,1187.3,2.1499e+09
191.6,0.0068252,1186.5,2.1499e+09
191.7,0.006821,1185.8,2.1499e+09
191.8,0.0068168,1185.1,2.1499e+09
191.9,0.0068126,1184.4,2.1499e+09
192,0.0068084,1183.6,2.1499e+09
192.1,0.0068042,1182.9,2.1499e+09
192.2,0.0068,1182.2,2.1499e+09
192.3,0.0067958,1181.4,2.1499e+09
192.4,0.0067916,1180.7,2.1499e+09
192.5,0.0067874,1180,2.1499e+09
192.6,0.0067832,1179.3,2.1499e+09
192.7,0.006779,1178.5,2.1499e+09
192.8,0.0067748,1177.8,2.1499e+09
192.9,0.0067706,1177.1,2.1499e+09
193,0.0067664,1176.4,2.1499e+09
193.1,0.0067623,1175.6,2.1499e+09
193.2,0.0067581,1174.9,2.1499e+09
193.3,0.0067539,1174.2,2.1499e+09
193.4,0.0067498,1173.5,2.1499e+09
193.5,0.0067456,1172.7,2.1499e+09
193.6,0.0067414,1172,2.1499e+09
193.7,0.0067373,1171.3,2.1499e+09
193.8,0.0067331,1170.6,2.1499e+09
193.9,0.0067289,1169.8,2.1499e+09
194,0.0067248,1169.1,2.1499e+09
194.1,0.0067206,1168.4,2.1499e+09
194.2,0.0067165,1167.7,2.1499e+09
194.3,0.0067124,1167,2.1499e+09
194.4,0.0067082,1166.2,2.1499e+09
194.5,0.0067041,1165.5,2.1499e+09
194.6,0.0066999,1164.8,2.1499e+09
194.7,0.0066958,1164.1,2.1499e+09
194.8,0.0066917,1163.4,2.1499e+09
194.9,0.0066875,1162.7,2.1499e+09
195,0.0066834,1161.9,2.1499e+09
195.1,0.0066793,1161.2,2.1499e+09
195.2,0.0066752,1160.5,2.1499e+09
195.3,0.0066711,1159.8,2.1499e+09
195.4,0.0066669,1159.1,2.1499e+09
195.5,0.0066628,1158.4,2.1499e+09
195.6,0.0066587,1157.7,2.1499e+09
195.7,0.0066546,1156.9,2.1499e+09
195.8,0.0066505,1156.2,2.1499e+09
195.9,0.0066464,1155.5,2.1499e+09
196,0.0066423,1154.8,2.1499e+09
196.1,0.0066382,1154.1,2.1499e+09
196.2,0.0066341,1153.4,2.1499e+09
196.3,0.00663,1152.7,2.1499e+09
196.4,0.0066259,1152,2.1499e+09
196.5,0.0066219,1151.3,2.1499e+09
196.6,0.0066178,1150.6,2.1499e+09
196.7,0.0066137,1149.8,2.1499e+09
196.8,0.0066096,1149.1,2.1499e+09
196.9,0.0066055,1148.4,2.1499e+09
197,0.0066015,1147.7,2.1499e+09
197.1,0.0065974,1147,2.1499e+09
197.2,0.0065933,1146.3,2.1499e+09
197.3,0.0065893,1145.6,2.1499e+09
197.4,0.0065852,1144.9,2.1499e+09
197.5,0.0065811,1144.2,2.1499e+09
197.6,0.0065771,1143.5,2.1499e+09
197.7,0.006573,1142.8,2.1499e+09
197.8,0.006569,1142.1,2.1499e+09
197.9,0.0065649,1141.4,2.1499e+09
198,0.0065609,1140.7,2.1499e+09
198.1,0.0065568,1140,2.1499e+09
198.2,0.0065528,1139.3,2.1499e+09
198.3,0.0065488,1138.6,2.1499e+09
198.4,0.0065447,1137.9,2.1499e+09
198.5,0.0065407,1137.2,2.1499e+09
198.6,0.0065367,1136.5,2.1499e+09
198.7,0.0065326,1135.8,2.1499e+09
198.8,0.0065286,1135.1,2.1499e+09
198.9,0.0065246,1134.4,2.1499e+09
199,0.0065206,1133.7,2.1499e+09
199.1,0.0065165,1133,2.1499e+09
199.2,0.0065125,1132.3,2.1499e+09
199.3,0.0065085,1131.6,2.1499e+09
199.4,0.0065045,1130.9,2.1499e+09
199.5,0.0065005,1130.2,2.1499e+09
199.6,0.0064965,1129.5,2.1499e+09
199.7,0.0064925,1128.8,2.1499e+09
199.8,0.0064885,1128.1,2.1499e+09
199.9,0.0064845,1127.4,2.1499e+09
200,0.0064805,1126.7,2.1499e+09
