0,1e+07,2000,1e+06
0.1,9.8216e+06,2024.5,9.7448e+05
0.2,9.6464e+06,2048.5,9.4947e+05
0.3,9.4742e+06,2072,9.2495e+05
0.4,9.3052e+06,2095,9.0093e+05
0.5,9.1392e+06,2117.6,8.7739e+05
0.6,8.9761e+06,2139.8,8.5432e+05
0.7,8.816e+06,2161.5,8.3171e+05
0.8,8.6587e+06,2182.9,8.0955e+05
0.9,8.5042e+06,2203.7,7.8783e+05
1,8.3525e+06,2224.2,7.6655e+05
1.1,8.2035e+06,2244.3,7.4569e+05
1.2,8.0571e+06,2264,7.2525e+05
1.3,7.9134e+06,2283.3,7.0522e+05
1.4,7.7722e+06,2302.2,6.856e+05
1.5,7.6335e+06,2320.7,6.6637e+05
1.6,7.4973e+06,2338.8,6.4754e+05
1.7,7.3635e+06,2356.6,6.2909e+05
1.8,7.2322e+06,2374.1,6.1102e+05
1.9,7.1031e+06,2391.2,5.9332e+05
2,6.9764e+06,2407.9,5.7598e+05
2.1,6.8519e+06,2424.3,5.5901e+05
2.2,6.7297e+06,2440.4,5.424e+05
2.3,6.6096e+06,2456.2,5.2614e+05
2.4,6.4917e+06,2471.6,5.1022e+05
2.5,6.3759e+06,2486.7,4.9465e+05
2.6,6.2621e+06,2501.5,4.7941e+05
2.7,6.1504e+06,2516,4.6452e+05
2.8,6.0407e+06,2530.2,4.4999e+05
2.9,5.9329e+06,2544.2,4.3577e+05
3,5.827e+06,2557.8,4.2188e+05
3.1,5.7231e+06,2571.1,4.083e+05
3.2,5.621e+06,2584.2,3.9502e+05
3.3,5.5207e+06,2597,3.8206e+05
3.4,5.4222e+06,2609.6,3.694e+05
3.5,5.3254e+06,2621.8,3.5704e+05
3.6,5.2304e+06,2633.8,3.4498e+05
3.7,5.1371e+06,2645.6,3.3321e+05
3.8,5.0454e+06,2657.1,3.2174e+05
3.9,4.9554e+06,2668.4,3.1055e+05
4,4.867e+06,2679.4,2.9965e+05
4.1,4.7802e+06,2690.2,2.8903e+05
4.2,4.6949e+06,2700.8,2.7869e+05
4.3,4.6111e+06,2711.1,2.6863e+05
4.4,4.5289e+06,2721.3,2.5884e+05
4.5,4.4481e+06,2731.2,2.4932e+05
4.6,4.3687e+06,2740.8,2.4006e+05
4.7,4.2908e+06,2750.3,2.3106e+05
4.8,4.2142e+06,2759.6,2.2232e+05
4.9,4.139e+06,2768.6,2.1384e+05
5,4.0652e+06,2777.5,2.0561e+05
5.1,3.9926e+06,2786.2,1.9762e+05
5.2,3.9214e+06,2794.7,1.8988e+05
5.3,3.8514e+06,2802.9,1.8238e+05
5.4,3.7827e+06,2811,1.7512e+05
5.5,3.7152e+06,2819,1.6808e+05
5.6,3.649e+06,2826.7,1.6127e+05
5.7,3.5838e+06,2834.3,1.5469e+05
5.8,3.5199e+06,2841.7,1.4832e+05
5.9,3.4571e+06,2848.9,1.4216e+05
6,3.3954e+06,2855.9,1.3621e+05
6.1,3.3348e+06,2862.8,1.3047e+05
6.2,3.2753e+06,2869.6,1.2493e+05
6.3,3.2169e+06,2876.1,1.1958e+05
6.4,3.1595e+06,2882.6,1.1443e+05
6.5,3.1031e+06,2888.8,1.0946e+05
6.6,3.0478e+06,2894.9,1.0467e+05
6.7,2.9934e+06,2900.9,1.0007e+05
6.8,2.94e+06,2906.7,95632
6.9,2.8875e+06,2912.4,91366
7,2.836e+06,2918,87264
7.1,2.7854e+06,2923.4,83321
7.2,2.7357e+06,2928.7,79534
7.3,2.6869e+06,2933.8,75897
7.4,2.639e+06,2938.8,72406
7.5,2.5919e+06,2943.7,69057
7.6,2.5457e+06,2948.5,65844
7.7,2.5002e+06,2953.1,62765
7.8,2.4556e+06,2957.6,59815
7.9,2.4118e+06,2962,56988
8,2.3688e+06,2966.3,54282
8.1,2.3265e+06,2970.5,51692
8.2,2.285e+06,2974.6,49213
8.3,2.2442e+06,2978.5,46842
8.4,2.2042e+06,2982.4,44576
8.5,2.1649e+06,2986.1,42410
8.6,2.1263e+06,2989.8,40340
8.7,2.0883e+06,2993.3,38363
8.8,2.0511e+06,2996.7,36476
8.9,2.0145e+06,3000.1,34675
9,1.9785e+06,3003.3,32956
9.1,1.9432e+06,3006.4,31316
9.2,1.9086e+06,3009.5,29753
9.3,1.8745e+06,3012.5,28262
9.4,1.8411e+06,3015.3,26842
9.5,1.8082e+06,3018.1,25489
9.6,1.776e+06,3020.8,24200
9.7,1.7443e+06,3023.4,22972
9.8,1.7131e+06,3026,21804
9.9,1.6826e+06,3028.4,20692
10,1.6526e+06,3030.8,19634
10.1,1.6231e+06,3033.1,18627
10.2,1.5941e+06,3035.3,17669
10.3,1.5657e+06,3037.4,16759
10.4,1.5377e+06,3039.5,15894
10.5,1.5103e+06,3041.5,15071
10.6,1.4834e+06,3043.4,14289
10.7,1.4569e+06,3045.2,13547
10.8,1.4309e+06,3047,12841
10.9,1.4054e+06,3048.7,12171
11,1.3803e+06,3050.3,11535
11.1,1.3557e+06,3051.9,10931
11.2,1.3315e+06,3053.4,10358
11.3,1.3077e+06,3054.9,9813.7
11.4,1.2844e+06,3056.2,9297.3
11.5,1.2615e+06,3057.6,8807.4
11.6,1.239e+06,3058.8,8342.7
11.7,1.2169e+06,3060,7901.8
11.8,1.1952e+06,3061.2,7483.8
11.9,1.1738e+06,3062.3,7087.3
12,1.1529e+06,3063.3,6711.4
12.1,1.1323e+06,3064.3,6355.1
12.2,1.1121e+06,3065.2,6017.3
12.3,1.0923e+06,3066.1,5697.1
12.4,1.0728e+06,3066.9,5393.6
12.5,1.0536e+06,3067.7,5106.1
12.6,1.0349e+06,3068.4,4833.7
12.7,1.0164e+06,3069.1,4575.5
12.8,9.9825e+05,3069.7,4331
12.9,9.8044e+05,3070.3,4099.3
13,9.6295e+05,3070.8,3879.9
13.1,9.4577e+05,3071.3,3672.1
13.2,9.289e+05,3071.7,3475.4
13.3,9.1232e+05,3072.1,3289
13.4,8.9605e+05,3072.5,3112.5
13.5,8.8006e+05,3072.8,2945.5
13.6,8.6436e+05,3073.1,2787.3
13.7,8.4894e+05,3073.3,2637.5
13.8,8.3379e+05,3073.5,2495.8
13.9,8.1891e+05,3073.6,2361.6
14,8.043e+05,3073.8,2234.5
14.1,7.8995e+05,3073.8,2114.3
14.2,7.7586e+05,3073.9,2000.5
14.3,7.6202e+05,3073.9,1892.8
14.4,7.4842e+05,3073.8,1790.9
14.5,7.3507e+05,3073.8,1694.5
14.6,7.2195e+05,3073.7,1603.2
14.7,7.0907e+05,3073.5,1516.8
14.8,6.9642e+05,3073.4,1435.1
14.9,6.84e+05,3073.2,1357.8
15,6.7179e+05,3072.9,1284.6
15.1,6.5981e+05,3072.6,1215.4
15.2,6.4804e+05,3072.4,1149.9
15.3,6.3647e+05,3072,1088
15.4,6.2512e+05,3071.7,1029.3
15.5,6.1396e+05,3071.3,973.87
15.6,6.0301e+05,3070.9,921.41
15.7,5.9225e+05,3070.4,871.77
15.8,5.8169e+05,3070,824.82
15.9,5.7131e+05,3069.5,780.4
16,5.6111e+05,3068.9,738.39
16.1,5.511e+05,3068.4,698.64
16.2,5.4127e+05,3067.8,661.04
16.3,5.3161e+05,3067.2,625.47
16.4,5.2213e+05,3066.6,591.82
16.5,5.1281e+05,3066,560
16.6,5.0366e+05,3065.3,529.89
16.7,4.9468e+05,3064.6,501.41
16.8,4.8585e+05,3063.9,474.47
16.9,4.7718e+05,3063.1,448.99
17,4.6867e+05,3062.4,424.89
17.1,4.6031e+05,3061.6,402.09
17.2,4.521e+05,3060.8,380.52
17.3,4.4403e+05,3060,360.12
17.4,4.3611e+05,3059.1,340.82
17.5,4.2833e+05,3058.3,322.56
17.6,4.2068e+05,3057.4,305.29
17.7,4.1318e+05,3056.5,288.95
17.8,4.0581e+05,3055.5,273.5
17.9,3.9857e+05,3054.6,258.88
18,3.9146e+05,3053.6,245.04
18.1,3.8447e+05,3052.7,231.96
18.2,3.7761e+05,3051.7,219.58
18.3,3.7087e+05,3050.7,207.87
18.4,3.6426e+05,3049.6,196.79
18.5,3.5776e+05,3048.6,186.31
18.6,3.5138e+05,3047.5,176.4
18.7,3.4511e+05,3046.5,167.01
18.8,3.3895e+05,3045.4,158.14
18.9,3.329e+05,3044.3,149.74
19,3.2696e+05,3043.2,141.79
19.1,3.2113e+05,3042,134.27
19.2,3.154e+05,3040.9,127.16
19.3,3.0977e+05,3039.7,120.43
19.4,3.0425e+05,3038.5,114.06
19.5,2.9882e+05,3037.3,108.03
19.6,2.9349e+05,3036.1,102.32
19.7,2.8825e+05,3034.9,96.926
19.8,2.8311e+05,3033.7,91.817
19.9,2.7806e+05,3032.4,86.982
20,2.731e+05,3031.2,82.406
20.1,2.6822e+05,3029.9,78.075
20.2,2.6344e+05,3028.6,73.976
20.3,2.5874e+05,3027.4,70.096
20.4,2.5412e+05,3026.1,66.423
20.5,2.4959e+05,3024.7,62.947
20.6,2.4513e+05,3023.4,59.656
20.7,2.4076e+05,3022.1,56.54
20.8,2.3646e+05,3020.8,53.591
20.9,2.3225e+05,3019.4,50.799
21,2.281e+05,3018,48.155
21.1,2.2403e+05,3016.7,45.652
21.2,2.2004e+05,3015.3,43.283
21.3,2.1611e+05,3013.9,41.039
21.4,2.1225e+05,3012.5,38.914
21.5,2.0847e+05,3011.1,36.901
21.6,2.0475e+05,3009.7,34.996
21.7,2.0109e+05,3008.2,33.191
21.8,1.9751e+05,3006.8,31.482
21.9,1.9398e+05,3005.3,29.863
22,1.9052e+05,3003.9,28.33
22.1,1.8712e+05,3002.4,26.877
22.2,1.8378e+05,3001,25.501
22.3,1.8051e+05,2999.5,24.198
22.4,1.7728e+05,2998,22.963
22.5,1.7412e+05,2996.5,21.793
22.6,1.7102e+05,2995,20.684
22.7,1.6796e+05,2993.5,19.634
22.8,1.6497e+05,2992,18.639
22.9,1.6202e+05,2990.5,17.695
23,1.5913e+05,2989,16.802
23.1,1.5629e+05,2987.4,15.954
23.2,1.5351e+05,2985.9,15.151
23.3,1.5077e+05,2984.3,14.39
23.4,1.4808e+05,2982.8,13.669
23.5,1.4544e+05,2981.2,12.985
23.6,1.4284e+05,2979.7,12.336
23.7,1.4029e+05,2978.1,11.721
23.8,1.3779e+05,2976.5,11.138
23.9,1.3533e+05,2975,10.585
24,1.3292e+05,2973.4,10.061
24.1,1.3054e+05,2971.8,9.5641
24.2,1.2822e+05,2970.2,9.0925
24.3,1.2593e+05,2968.6,8.6452
24.4,1.2368e+05,2967,8.2209
24.5,1.2147e+05,2965.4,7.8184
24.6,1.1931e+05,2963.8,7.4366
24.7,1.1718e+05,2962.1,7.0743
24.8,1.1509e+05,2960.5,6.7305
24.9,1.1303e+05,2958.9,6.4042
25,1.1102e+05,2957.3,6.0946
25.1,1.0904e+05,2955.6,5.8008
25.2,1.0709e+05,2954,5.5218
25.3,1.0518e+05,2952.3,5.2571
25.4,1.033e+05,2950.7,5.0057
25.5,1.0146e+05,2949,4.767
25.6,99651,2947.4,4.5404
25.7,97873,2945.7,4.3253
25.8,96127,2944.1,4.1209
25.9,94412,2942.4,3.9268
26,92727,2940.7,3.7425
26.1,91073,2939.1,3.5673
26.2,89448,2937.4,3.401
26.3,87852,2935.7,3.2429
26.4,86285,2934,3.0927
26.5,84745,2932.3,2.95
26.6,83233,2930.7,2.8143
26.7,81748,2929,2.6853
26.8,80290,2927.3,2.5628
26.9,78857,2925.6,2.4462
27,77450,2923.9,2.3354
27.1,76069,2922.2,2.2301
27.2,74711,2920.5,2.1299
27.3,73378,2918.8,2.0346
27.4,72069,2917.1,1.944
27.5,70783,2915.4,1.8577
27.6,69521,2913.6,1.7757
27.7,68280,2911.9,1.6976
27.8,67062,2910.2,1.6233
27.9,65866,2908.5,1.5526
28,64690,2906.8,1.4854
28.1,63536,2905.1,1.4213
28.2,62403,2903.3,1.3603
28.3,61289,2901.6,1.3022
28.4,60196,2899.9,1.2469
28.5,59122,2898.2,1.1943
28.6,58067,2896.4,1.1441
28.7,57031,2894.7,1.0963
28.8,56013,2893,1.0508
28.9,55014,2891.2,1.0074
29,54033,2889.5,0.96618
29.1,53069,2887.8,0.92691
29.2,52122,2886,0.88946
29.3,51192,2884.3,0.85376
29.4,50278,2882.5,0.81971
29.5,49381,2880.8,0.78724
29.6,48500,2879,0.75626
29.7,47635,2877.3,0.72672
29.8,46785,2875.6,0.69853
29.9,45950,2873.8,0.67163
30,45131,2872.1,0.64596
30.1,44325,2870.3,0.62146
30.2,43535,2868.6,0.59807
30.3,42758,2866.8,0.57575
30.4,41995,2865.1,0.55443
30.5,41246,2863.3,0.53408
30.6,40510,2861.6,0.51465
30.7,39787,2859.8,0.49609
30.8,39077,2858.1,0.47836
30.9,38380,2856.3,0.46142
31,37695,2854.5,0.44524
31.1,37023,2852.8,0.42978
31.2,36362,2851,0.41501
31.3,35713,2849.3,0.40089
31.4,35076,2847.5,0.3874
31.5,34450,2845.8,0.37451
31.6,33836,2844,0.36218
31.7,33232,2842.2,0.3504
31.8,32639,2840.5,0.33913
31.9,32057,2838.7,0.32836
32,31485,2836.9,0.31806
32.1,30923,2835.2,0.30821
32.2,30371,2833.4,0.2988
32.3,29830,2831.7,0.28979
32.4,29297,2829.9,0.28118
32.5,28775,2828.1,0.27295
32.6,28261,2826.4,0.26508
32.7,27757,2824.6,0.25755
32.8,27262,2822.9,0.25035
32.9,26775,2821.1,0.24346
33,26298,2819.3,0.23688
33.1,25829,2817.6,0.23059
33.2,25368,2815.8,0.22457
33.3,24915,2814,0.21882
33.4,24471,2812.3,0.21333
33.5,24034,2810.5,0.20808
33.6,23605,2808.7,0.20306
33.7,23184,2807,0.19827
33.8,22770,2805.2,0.1937
33.9,22364,2803.5,0.18933
34,21965,2801.7,0.18517
34.1,21573,2799.9,0.18119
34.2,21188,2798.2,0.17741
34.3,20810,2796.4,0.1738
34.4,20439,2794.6,0.17037
34.5,20074,2792.9,0.1671
34.6,19716,2791.1,0.16399
34.7,19364,2789.3,0.16104
34.8,19019,2787.6,0.15824
34.9,18680,2785.8,0.15558
35,18346,2784.1,0.15307
35.1,18019,2782.3,0.15069
35.2,17698,2780.5,0.14845
35.3,17382,2778.8,0.14633
35.4,17072,2777,0.14435
35.5,16767,2775.3,0.14248
35.6,16468,2773.5,0.14074
35.7,16174,2771.7,0.13911
35.8,15886,2770,0.13761
35.9,15602,2768.2,0.13621
36,15324,2766.5,0.13493
36.1,15050,2764.7,0.13375
36.2,14782,2763,0.13269
36.3,14518,2761.2,0.13173
36.4,14259,2759.4,0.13088
36.5,14005,2757.7,0.13013
36.6,13755,2755.9,0.1295
36.7,13509,2754.2,0.12896
36.8,13268,2752.4,0.12853
36.9,13032,2750.7,0.12821
37,12799,2748.9,0.12799
37.1,12571,2747.2,0.12788
37.2,12347,2745.4,0.12788
37.3,12126,2743.7,0.12798
37.4,11910,2741.9,0.1282
37.5,11697,2740.2,0.12853
37.6,11489,2738.4,0.12897
37.7,11284,2736.7,0.12953
37.8,11082,2734.9,0.13022
37.9,10885,2733.2,0.13102
38,10690,2731.4,0.13195
38.1,10500,2729.7,0.13302
38.2,10312,2727.9,0.13421
38.3,10128,2726.2,0.13555
38.4,9947.7,2724.4,0.13704
38.5,9770.2,2722.7,0.13868
38.6,9595.9,2720.9,0.14048
38.7,9424.7,2719.2,0.14244
38.8,9256.6,2717.5,0.14458
38.9,9091.4,2715.7,0.1469
39,8929.2,2714,0.14941
39.1,8769.9,2712.2,0.15212
39.2,8613.4,2710.5,0.15505
39.3,8459.7,2708.8,0.1582
39.4,8308.8,2707,0.16159
39.5,8160.6,2705.3,0.16523
39.6,8015,2703.5,0.16914
39.7,7872,2701.8,0.17334
39.8,7731.5,2700.1,0.17784
39.9,7593.6,2698.3,0.18267
40,7458.1,2696.6,0.18784
40.1,7325,2694.9,0.19339
40.2,7194.3,2693.1,0.19933
40.3,7066,2691.4,0.20569
40.4,6939.9,2689.7,0.21251
40.5,6816.1,2688,0.21983
40.6,6694.5,2686.2,0.22767
40.7,6575.1,2684.5,0.23608
40.8,6457.7,2682.8,0.2451
40.9,6342.5,2681,0.25479
41,6229.4,2679.3,0.2652
41.1,6118.2,2677.6,0.27638
41.2,6009.1,2675.9,0.2884
41.3,5901.9,2674.2,0.30134
41.4,5796.6,2672.4,0.31527
41.5,5693.1,2670.7,0.33028
41.6,5591.6,2669,0.34646
41.7,5491.8,2667.3,0.36392
41.8,5393.8,2665.6,0.38278
41.9,5297.6,2663.8,0.40317
42,5203.1,2662.1,0.42522
42.1,5110.2,2660.4,0.44911
42.2,5019.1,2658.7,0.475
42.3,4929.5,2657,0.50309
42.4,4841.6,2655.3,0.5336
42.5,4755.2,2653.6,0.56678
42.6,4670.3,2651.8,0.60289
42.7,4587,2650.1,0.64223
42.8,4505.2,2648.4,0.68515
42.9,4424.8,2646.7,0.73202
43,4345.9,2645,0.78326
43.1,4268.3,2643.3,0.83936
43.2,4192.2,2641.6,0.90084
43.3,4117.4,2639.9,0.96832
43.4,4043.9,2638.2,1.0417
43.5,3971.8,2636.5,1.1222
43.6,3900.9,2634.8,1.2107
43.7,3831.3,2633.1,1.3082
43.8,3762.9,2631.4,1.4156
43.9,3695.8,2629.7,1.5343
44,3629.9,2628,1.6654
44.1,3565.1,2626.3,1.8105
44.2,3501.5,2624.6,1.9714
44.3,3439,2622.9,2.1498
44.4,3377.7,2621.2,2.3481
44.5,3317.4,2619.5,2.5687
44.6,3258.2,2617.8,2.8145
44.7,3200.1,2616.1,3.0888
44.8,3143,2614.4,3.3951
44.9,3086.9,2612.7,3.7378
45,3031.8,2611,4.1217
45.1,2977.7,2609.4,4.5524
45.2,2924.6,2607.7,5.0363
45.3,2872.4,2606,5.5807
45.4,2821.2,2604.3,6.1941
45.5,2770.9,2602.6,6.8863
45.6,2721.4,2600.9,7.6685
45.7,2672.9,2599.3,8.5537
45.8,2625.2,2597.6,9.5571
45.9,2578.3,2595.9,10.696
46,2532.3,2594.2,11.991
46.1,2487.2,2592.5,13.466
46.2,2442.8,2590.9,15.149
46.3,2399.2,2589.2,17.071
46.4,2356.4,2587.5,19.27
46.5,2314.4,2585.8,21.791
46.6,2273.1,2584.2,24.687
46.7,2232.5,2582.5,28.017
46.8,2192.7,2580.8,31.854
46.9,2153.6,2579.1,36.285
47,2115.1,2577.5,41.41
47.1,2077.4,2575.8,47.351
47.2,2040.3,2574.1,54.251
47.3,2003.9,2572.5,62.282
47.4,1968.2,2570.8,71.652
47.5,1933.1,2569.1,82.61
47.6,1898.6,2567.5,95.457
47.7,1864.7,2565.8,110.56
47.8,1831.4,2564.1,128.37
47.9,1798.8,2562.5,149.44
48,1766.7,2560.8,174.46
48.1,1735.1,2559.2,204.28
48.2,1704.2,2557.5,239.98
48.3,1673.8,2555.9,282.93
48.4,1643.9,2554.2,334.87
48.5,1614.6,2552.6,398.11
48.6,1585.8,2550.9,475.68
48.7,1557.5,2549.3,571.66
48.8,1529.7,2547.6,691.55
48.9,1502.4,2546,843.26
49,1475.6,2544.3,1037.9
49.1,1449.3,2542.7,1292
49.2,1423.4,2541.1,1631
49.3,1398,2539.4,2095.4
49.4,1373.1,2537.8,2751.5
49.5,1348.6,2536.2,3708.7
49.6,1324.5,2534.6,5097.3
49.7,1300.9,2533,7031
49.8,1277.7,2531.4,9703.4
49.9,1254.9,2529.8,13393
50,1232.5,2528.2,18487
50.1,1210.5,2526.6,25518
50.2,1188.9,2525,35222
50.3,1167.7,2523.4,48612
50.4,1146.9,2521.8,67085
50.5,1126.4,2520.2,92566
50.6,1106.3,2518.6,1.277e+05
50.7,1086.6,2517,1.7612e+05
50.8,1067.2,2515.4,2.4281e+05
50.9,1048.1,2513.8,3.3458e+05
51,1029.4,2512.2,4.6071e+05
51.1,1011.1,2510.6,6.3378e+05
51.2,993.04,2509,8.7073e+05
51.3,975.32,2507.4,1.1942e+06
51.4,957.92,2505.9,1.6338e+06
51.5,940.83,2504.3,2.2283e+06
51.6,924.04,2502.7,3.0263e+06
51.7,907.56,2501.1,4.0881e+06
51.8,891.37,2499.5,5.4844e+06
51.9,875.46,2497.9,7.2953e+06
52,859.84,2496.4,9.6049e+06
52.1,844.5,2494.8,1.2495e+07
52.2,829.44,2493.2,1.6036e+07
52.3,814.64,2491.6,2.0282e+07
52.4,800.1,2490,2.526e+07
52.5,785.83,2488.5,3.0976e+07
52.6,771.81,2486.9,3.7409e+07
52.7,758.04,2485.3,4.4523e+07
52.8,744.51,2483.7,5.2267e+07
52.9,731.23,2482.2,6.0585e+07
53,718.19,2480.6,6.9418e+07
53.1,705.37,2479,7.8708e+07
53.2,692.79,2477.5,8.8401e+07
53.3,680.43,2475.9,9.8444e+07
53.4,668.29,2474.3,1.0879e+08
53.5,656.36,2472.8,1.1941e+08
53.6,644.65,2471.2,1.3025e+08
53.7,633.15,2469.6,1.4129e+08
53.8,621.86,2468.1,1.525e+08
53.9,610.76,2466.5,1.6385e+08
54,599.87,2464.9,1.7532e+08
54.1,589.16,2463.4,1.8689e+08
54.2,578.65,2461.8,1.9854e+08
54.3,568.33,2460.3,2.1027e+08
54.4,558.19,2458.7,2.2205e+08
54.5,548.23,2457.2,2.3387e+08
54.6,538.45,2455.6,2.4572e+08
54.7,528.84,2454,2.576e+08
54.8,519.41,2452.5,2.6949e+08
54.9,510.14,2450.9,2.8139e+08
55,501.04,2449.4,2.9329e+08
55.1,492.1,2447.8,3.0518e+08
55.2,483.32,2446.3,3.1706e+08
55.3,474.7,2444.7,3.2893e+08
55.4,466.23,2443.2,3.4077e+08
55.5,457.91,2441.6,3.5259e+08
55.6,449.74,2440.1,3.6439e+08
55.7,441.72,2438.6,3.7615e+08
55.8,433.84,2437,3.8787e+08
55.9,426.1,2435.5,3.9956e+08
56,418.49,2433.9,4.1121e+08
56.1,411.03,2432.4,4.2281e+08
56.2,403.69,2430.8,4.3437e+08
56.3,396.49,2429.3,4.4589e+08
56.4,389.42,2427.8,4.5736e+08
56.5,382.47,2426.2,4.6878e+08
56.6,375.65,2424.7,4.8014e+08
56.7,368.95,2423.2,4.9146e+08
56.8,362.36,2421.6,5.0273e+08
56.9,355.9,2420.1,5.1394e+08
57,349.55,2418.6,5.2509e+08
57.1,343.31,2417,5.3619e+08
57.2,337.19,2415.5,5.4723e+08
57.3,331.17,2414,5.5822e+08
57.4,325.26,2412.4,5.6915e+08
57.5,319.46,2410.9,5.8002e+08
57.6,313.76,2409.4,5.9083e+08
57.7,308.16,2407.9,6.0158e+08
57.8,302.67,2406.3,6.1227e+08
57.9,297.27,2404.8,6.229e+08
58,291.96,2403.3,6.3347e+08
58.1,286.75,2401.8,6.4399e+08
58.2,281.64,2400.3,6.5444e+08
58.3,276.61,2398.7,6.6483e+08
58.4,271.68,2397.2,6.7516e+08
58.5,266.83,2395.7,6.8542e+08
58.6,262.07,2394.2,6.9563e+08
58.7,257.4,2392.7,7.0578e+08
58.8,252.8,2391.2,7.1586e+08
58.9,248.29,2389.6,7.2588e+08
59,243.86,2388.1,7.3585e+08
59.1,239.51,2386.6,7.4575e+08
59.2,235.24,2385.1,7.5559e+08
59.3,231.04,2383.6,7.6537e+08
59.4,226.92,2382.1,7.7508e+08
59.5,222.87,2380.6,7.8474e+08
59.6,218.9,2379.1,7.9434e+08
59.7,214.99,2377.6,8.0387e+08
59.8,211.16,2376.1,8.1334e+08
59.9,207.39,2374.6,8.2276e+08
60,203.69,2373.1,8.3211e+08
60.1,200.05,2371.6,8.4141e+08
60.2,196.49,2370.1,8.5064e+08
60.3,192.98,2368.6,8.5982e+08
60.4,189.54,2367.1,8.6893e+08
60.5,186.16,2365.6,8.7799e+08
60.6,182.84,2364.1,8.8698e+08
60.7,179.57,2362.6,8.9592e+08
60.8,176.37,2361.1,9.048e+08
60.9,173.22,2359.6,9.1362e+08
61,170.13,2358.1,9.2238e+08
61.1,167.1,2356.6,9.3109e+08
61.2,164.12,2355.1,9.3973e+08
61.3,161.19,2353.6,9.4832e+08
61.4,158.31,2352.1,9.5686e+08
61.5,155.49,2350.6,9.6533e+08
61.6,152.71,2349.2,9.7375e+08
61.7,149.99,2347.7,9.8212e+08
61.8,147.31,2346.2,9.9042e+08
61.9,144.69,2344.7,9.9867e+08
62,142.11,2343.2,1.0069e+09
62.1,139.57,2341.7,1.015e+09
62.2,137.08,2340.3,1.0231e+09
62.3,134.63,2338.8,1.0311e+09
62.4,132.23,2337.3,1.0391e+09
62.5,129.87,2335.8,1.047e+09
62.6,127.56,2334.3,1.0549e+09
62.7,125.28,2332.9,1.0627e+09
62.8,123.05,2331.4,1.0705e+09
62.9,120.85,2329.9,1.0782e+09
63,118.7,2328.4,1.0858e+09
63.1,116.58,2327,1.0934e+09
63.2,114.5,2325.5,1.101e+09
63.3,112.46,2324,1.1085e+09
63.4,110.45,2322.5,1.1159e+09
63.5,108.48,2321.1,1.1233e+09
63.6,106.54,2319.6,1.1307e+09
63.7,104.64,2318.1,1.138e+09
63.8,102.78,2316.7,1.1452e+09
63.9,100.94,2315.2,1.1524e+09
64,99.142,2313.7,1.1596e+09
64.1,97.374,2312.3,1.1667e+09
64.2,95.637,2310.8,1.1737e+09
64.3,93.931,2309.4,1.1807e+09
64.4,92.255,2307.9,1.1877e+09
64.5,90.609,2306.4,1.1946e+09
64.6,88.993,2305,1.2014e+09
64.7,87.405,2303.5,1.2082e+09
64.8,85.846,2302.1,1.215e+09
64.9,84.315,2300.6,1.2217e+09
65,82.811,2299.2,1.2284e+09
65.1,81.333,2297.7,1.235e+09
65.2,79.882,2296.2,1.2415e+09
65.3,78.457,2294.8,1.2481e+09
65.4,77.058,2293.3,1.2546e+09
65.5,75.683,2291.9,1.261e+09
65.6,74.333,2290.4,1.2674e+09
65.7,73.007,2289,1.2737e+09
65.8,71.705,2287.6,1.28e+09
65.9,70.426,2286.1,1.2863e+09
66,69.169,2284.7,1.2925e+09
66.1,67.936,2283.2,1.2987e+09
66.2,66.724,2281.8,1.3048e+09
66.3,65.534,2280.3,1.3109e+09
66.4,64.365,2278.9,1.3169e+09
66.5,63.216,2277.4,1.3229e+09
66.6,62.089,2276,1.3289e+09
66.7,60.981,2274.6,1.3348e+09
66.8,59.893,2273.1,1.3407e+09
66.9,58.825,2271.7,1.3465e+09
67,57.776,2270.3,1.3523e+09
67.1,56.745,2268.8,1.358e+09
67.2,55.733,2267.4,1.3637e+09
67.3,54.739,2266,1.3694e+09
67.4,53.762,2264.5,1.375e+09
67.5,52.803,2263.1,1.3806e+09
67.6,51.862,2261.7,1.3862e+09
67.7,50.937,2260.2,1.3917e+09
67.8,50.028,2258.8,1.3972e+09
67.9,49.136,2257.4,1.4026e+09
68,48.259,2255.9,1.408e+09
68.1,47.398,2254.5,1.4133e+09
68.2,46.553,2253.1,1.4187e+09
68.3,45.723,2251.7,1.4239e+09
68.4,44.907,2250.2,1.4292e+09
68.5,44.106,2248.8,1.4344e+09
68.6,43.319,2247.4,1.4395e+09
68.7,42.547,2246,1.4447e+09
68.8,41.788,2244.6,1.4498e+09
68.9,41.043,2243.1,1.4548e+09
69,40.31,2241.7,1.4599e+09
69.1,39.592,2240.3,1.4648e+09
69.2,38.885,2238.9,1.4698e+09
69.3,38.192,2237.5,1.4747e+09
69.4,37.511,2236.1,1.4796e+09
69.5,36.842,2234.7,1.4844e+09
69.6,36.185,2233.2,1.4892e+09
69.7,35.539,2231.8,1.494e+09
69.8,34.905,2230.4,1.4988e+09
69.9,34.283,2229,1.5035e+09
70,33.671,2227.6,1.5082e+09
70.1,33.071,2226.2,1.5128e+09
70.2,32.481,2224.8,1.5174e+09
70.3,31.902,2223.4,1.522e+09
70.4,31.333,2222,1.5265e+09
70.5,30.774,2220.6,1.531e+09
70.6,30.225,2219.2,1.5355e+09
70.7,29.686,2217.8,1.54e+09
70.8,29.157,2216.4,1.5444e+09
70.9,28.637,2215,1.5488e+09
71,28.126,2213.6,1.5531e+09
71.1,27.624,2212.2,1.5574e+09
71.2,27.132,2210.8,1.5617e+09
71.3,26.648,2209.4,1.566e+09
71.4,26.173,2208,1.5702e+09
71.5,25.706,2206.6,1.5744e+09
71.6,25.247,2205.2,1.5786e+09
71.7,24.797,2203.8,1.5827e+09
71.8,24.355,2202.4,1.5868e+09
71.9,23.921,2201,1.5909e+09
72,23.494,2199.6,1.595e+09
72.1,23.075,2198.2,1.599e+09
72.2,22.664,2196.8,1.603e+09
72.3,22.26,2195.5,1.6069e+09
72.4,21.863,2194.1,1.6109e+09
72.5,21.473,2192.7,1.6148e+09
72.6,21.09,2191.3,1.6187e+09
72.7,20.714,2189.9,1.6225e+09
72.8,20.345,2188.5,1.6263e+09
72.9,19.982,2187.1,1.6301e+09
73,19.625,2185.8,1.6339e+09
73.1,19.276,2184.4,1.6377e+09
73.2,18.932,2183,1.6414e+09
73.3,18.594,2181.6,1.6451e+09
73.4,18.263,2180.3,1.6487e+09
73.5,17.937,2178.9,1.6524e+09
73.6,17.617,2177.5,1.656e+09
73.7,17.303,2176.1,1.6595e+09
73.8,16.995,2174.7,1.6631e+09
73.9,16.692,2173.4,1.6666e+09
74,16.394,2172,1.6701e+09
74.1,16.102,2170.6,1.6736e+09
74.2,15.815,2169.3,1.6771e+09
74.3,15.533,2167.9,1.6805e+09
74.4,15.256,2166.5,1.6839e+09
74.5,14.984,2165.2,1.6873e+09
74.6,14.717,2163.8,1.6907e+09
74.7,14.454,2162.4,1.694e+09
74.8,14.197,2161.1,1.6973e+09
74.9,13.944,2159.7,1.7006e+09
75,13.695,2158.3,1.7039e+09
75.1,13.451,2157,1.7071e+09
75.2,13.211,2155.6,1.7103e+09
75.3,12.976,2154.2,1.7135e+09
75.4,12.744,2152.9,1.7167e+09
75.5,12.517,2151.5,1.7198e+09
75.6,12.294,2150.2,1.7229e+09
75.7,12.075,2148.8,1.726e+09
75.8,11.86,2147.5,1.7291e+09
75.9,11.648,2146.1,1.7322e+09
76,11.441,2144.7,1.7352e+09
76.1,11.237,2143.4,1.7382e+09
76.2,11.037,2142,1.7412e+09
76.3,10.84,2140.7,1.7442e+09
76.4,10.647,2139.3,1.7471e+09
76.5,10.457,2138,1.7501e+09
76.6,10.271,2136.6,1.753e+09
76.7,10.088,2135.3,1.7559e+09
76.8,9.9079,2133.9,1.7587e+09
76.9,9.7313,2132.6,1.7616e+09
77,9.5579,2131.2,1.7644e+09
77.1,9.3876,2129.9,1.7672e+09
77.2,9.2203,2128.6,1.77e+09
77.3,9.056,2127.2,1.7727e+09
77.4,8.8946,2125.9,1.7755e+09
77.5,8.7362,2124.5,1.7782e+09
77.6,8.5805,2123.2,1.7809e+09
77.7,8.4276,2121.8,1.7836e+09
77.8,8.2775,2120.5,1.7862e+09
77.9,8.13,2119.2,1.7889e+09
78,7.9852,2117.8,1.7915e+09
78.1,7.8429,2116.5,1.7941e+09
78.2,7.7032,2115.2,1.7967e+09
78.3,7.566,2113.8,1.7993e+09
78.4,7.4312,2112.5,1.8018e+09
78.5,7.2988,2111.2,1.8044e+09
78.6,7.1688,2109.8,1.8069e+09
78.7,7.0411,2108.5,1.8094e+09
78.8,6.9157,2107.2,1.8118e+09
78.9,6.7925,2105.8,1.8143e+09
79,6.6715,2104.5,1.8167e+09
79.1,6.5527,2103.2,1.8192e+09
79.2,6.436,2101.9,1.8216e+09
79.3,6.3214,2100.5,1.824e+09
79.4,6.2088,2099.2,1.8263e+09
79.5,6.0982,2097.9,1.8287e+09
79.6,5.9896,2096.6,1.831e+09
79.7,5.883,2095.2,1.8333e+09
79.8,5.7782,2093.9,1.8356e+09
79.9,5.6754,2092.6,1.8379e+09
80,5.5743,2091.3,1.8402e+09
80.1,5.4751,2090,1.8425e+09
80.2,5.3776,2088.6,1.8447e+09
80.3,5.2818,2087.3,1.8469e+09
80.4,5.1878,2086,1.8491e+09
80.5,5.0955,2084.7,1.8513e+09
80.6,5.0048,2083.4,1.8535e+09
80.7,4.9157,2082.1,1.8556e+09
80.8,4.8282,2080.7,1.8578e+09
80.9,4.7422,2079.4,1.8599e+09
81,4.6578,2078.1,1.862e+09
81.1,4.5749,2076.8,1.8641e+09
81.2,4.4935,2075.5,1.8662e+09
81.3,4.4136,2074.2,1.8683e+09
81.4,4.335,2072.9,1.8703e+09
81.5,4.2579,2071.6,1.8723e+09
81.6,4.1821,2070.3,1.8744e+09
81.7,4.1077,2069,1.8764e+09
81.8,4.0346,2067.7,1.8784e+09
81.9,3.9628,2066.4,1.8803e+09
82,3.8923,2065.1,1.8823e+09
82.1,3.8231,2063.7,1.8843e+09
82.2,3.7551,2062.4,1.8862e+09
82.3,3.6883,2061.1,1.8881e+09
82.4,3.6227,2059.8,1.89e+09
82.5,3.5583,2058.5,1.8919e+09
82.6,3.495,2057.3,1.8938e+09
82.7,3.4328,2056,1.8957e+09
82.8,3.3718,2054.7,1.8975e+09
82.9,3.3118,2053.4,1.8993e+09
83,3.253,2052.1,1.9012e+09
83.1,3.1951,2050.8,1.903e+09
83.2,3.1383,2049.5,1.9048e+09
83.3,3.0825,2048.2,1.9066e+09
83.4,3.0277,2046.9,1.9083e+09
83.5,2.9739,2045.6,1.9101e+09
83.6,2.9211,2044.3,1.9118e+09
83.7,2.8692,2043,1.9136e+09
83.8,2.8182,2041.7,1.9153e+09
83.9,2.7681,2040.5,1.917e+09
84,2.7189,2039.2,1.9187e+09
84.1,2.6706,2037.9,1.9204e+09
84.2,2.6231,2036.6,1.9221e+09
84.3,2.5766,2035.3,1.9237e+09
84.4,2.5308,2034,1.9254e+09
84.5,2.4858,2032.8,1.927e+09
84.6,2.4417,2031.5,1.9286e+09
84.7,2.3983,2030.2,1.9302e+09
84.8,2.3557,2028.9,1.9318e+09
84.9,2.3139,2027.6,1.9334e+09
85,2.2728,2026.4,1.935e+09
85.1,2.2325,2025.1,1.9366e+09
85.2,2.1928,2023.8,1.9381e+09
85.3,2.1539,2022.5,1.9397e+09
85.4,2.1157,2021.3,1.9412e+09
85.5,2.0781,2020,1.9427e+09
85.6,2.0413,2018.7,1.9442e+09
85.7,2.005,2017.4,1.9457e+09
85.8,1.9695,2016.2,1.9472e+09
85.9,1.9345,2014.9,1.9487e+09
86,1.9002,2013.6,1.9502e+09
86.1,1.8665,2012.4,1.9516e+09
86.2,1.8334,2011.1,1.9531e+09
86.3,1.8009,2009.8,1.9545e+09
86.4,1.769,2008.6,1.9559e+09
86.5,1.7376,2007.3,1.9573e+09
86.6,1.7068,2006,1.9587e+09
86.7,1.6766,2004.8,1.9601e+09
86.8,1.6468,2003.5,1.9615e+09
86.9,1.6177,2002.2,1.9629e+09
87,1.589,2001,1.9643e+09
87.1,1.5608,1999.7,1.9656e+09
87.2,1.5332,1998.5,1.967e+09
87.3,1.506,1997.2,1.9683e+09
87.4,1.4794,1995.9,1.9696e+09
87.5,1.4532,1994.7,1.9709e+09
87.6,1.4274,1993.4,1.9722e+09
87.7,1.4022,1992.2,1.9735e+09
87.8,1.3773,1990.9,1.9748e+09
87.9,1.353,1989.7,1.9761e+09
88,1.329,1988.4,1.9774e+09
88.1,1.3055,1987.2,1.9786e+09
88.2,1.2824,1985.9,1.9799e+09
88.3,1.2597,1984.7,1.9811e+09
88.4,1.2375,1983.4,1.9823e+09
88.5,1.2156,1982.2,1.9836e+09
88.6,1.1941,1980.9,1.9848e+09
88.7,1.173,1979.7,1.986e+09
88.8,1.1522,1978.4,1.9872e+09
88.9,1.1319,1977.2,1.9884e+09
89,1.1119,1975.9,1.9895e+09
89.1,1.0922,1974.7,1.9907e+09
89.2,1.0729,1973.4,1.9919e+09
89.3,1.054,1972.2,1.993e+09
89.4,1.0354,1970.9,1.9942e+09
89.5,1.0171,1969.7,1.9953e+09
89.6,0.99916,1968.5,1.9964e+09
89.7,0.98153,1967.2,1.9976e+09
89.8,0.96421,1966,1.9987e+09
89.9,0.9472,1964.8,1.9998e+09
90,0.9305,1963.5,2.0009e+09
90.1,0.91409,1962.3,2.002e+09
90.2,0.89798,1961,2.003e+09
90.3,0.88215,1959.8,2.0041e+09
90.4,0.86661,1958.6,2.0052e+09
90.5,0.85134,1957.3,2.0062e+09
90.6,0.83634,1956.1,2.0073e+09
90.7,0.82162,1954.9,2.0083e+09
90.8,0.80715,1953.6,2.0093e+09
90.9,0.79294,1952.4,2.0104e+09
91,0.77899,1951.2,2.0114e+09
91.1,0.76528,1950,2.0124e+09
91.2,0.75182,1948.7,2.0134e+09
91.3,0.7386,1947.5,2.0144e+09
91.4,0.72562,1946.3,2.0154e+09
91.5,0.71287,1945.1,2.0164e+09
91.6,0.70034,1943.8,2.0173e+09
91.7,0.68804,1942.6,2.0183e+09
91.8,0.67595,1941.4,2.0193e+09
91.9,0.66409,1940.2,2.0202e+09
92,0.65243,1938.9,2.0212e+09
92.1,0.64098,1937.7,2.0221e+09
92.2,0.62974,1936.5,2.023e+09
92.3,0.61869,1935.3,2.024e+09
92.4,0.60785,1934.1,2.0249e+09
92.5,0.59719,1932.9,2.0258e+09
92.6,0.58673,1931.6,2.0267e+09
92.7,0.57645,1930.4,2.0276e+09
92.8,0.56636,1929.2,2.0285e+09
92.9,0.55645,1928,2.0294e+09
93,0.54671,1926.8,2.0303e+09
93.1,0.53715,1925.6,2.0311e+09
93.2,0.52775,1924.4,2.032e+09
93.3,0.51853,1923.1,2.0329e+09
93.4,0.50947,1921.9,2.0337e+09
93.5,0.50057,1920.7,2.0346e+09
93.6,0.49183,1919.5,2.0354e+09
93.7,0.48324,1918.3,2.0362e+09
93.8,0.47481,1917.1,2.0371e+09
93.9,0.46653,1915.9,2.0379e+09
94,0.4584,1914.7,2.0387e+09
94.1,0.45041,1913.5,2.0395e+09
94.2,0.44256,1912.3,2.0403e+09
94.3,0.43485,1911.1,2.0411e+09
94.4,0.42729,1909.9,2.0419e+09
94.5,0.41985,1908.7,2.0427e+09
94.6,0.41255,1907.5,2.0435e+09
94.7,0.40538,1906.3,2.0443e+09
94.8,0.39833,1905.1,2.045e+09
94.9,0.39142,1903.9,2.0458e+09
95,0.38462,1902.7,2.0466e+09
95.1,0.37795,1901.5,2.0473e+09
95.2,0.37139,1900.3,2.0481e+09
95.3,0.36495,1899.1,2.0488e+09
95.4,0.35863,1897.9,2.0496e+09
95.5,0.35242,1896.7,2.0503e+09
95.6,0.34632,1895.5,2.051e+09
95.7,0.34033,1894.3,2.0517e+09
95.8,0.33445,1893.1,2.0525e+09
95.9,0.32867,1891.9,2.0532e+09
96,0.32299,1890.8,2.0539e+09
96.1,0.31741,1889.6,2.0546e+09
96.2,0.31194,1888.4,2.0553e+09
96.3,0.30656,1887.2,2.056e+09
96.4,0.30128,1886,2.0566e+09
96.5,0.29609,1884.8,2.0573e+09
96.6,0.29099,1883.6,2.058e+09
96.7,0.28599,1882.4,2.0587e+09
96.8,0.28107,1881.3,2.0593e+09
96.9,0.27624,1880.1,2.06e+09
97,0.2715,1878.9,2.0607e+09
97.1,0.26684,1877.7,2.0613e+09
97.2,0.26227,1876.5,2.062e+09
97.3,0.25778,1875.4,2.0626e+09
97.4,0.25336,1874.2,2.0632e+09
97.5,0.24903,1873,2.0639e+09
97.6,0.24477,1871.8,2.0645e+09
97.7,0.24059,1870.6,2.0651e+09
97.8,0.23648,1869.5,2.0657e+09
97.9,0.23245,1868.3,2.0664e+09
98,0.22849,1867.1,2.067e+09
98.1,0.22459,1865.9,2.0676e+09
98.2,0.22077,1864.8,2.0682e+09
98.3,0.21702,1863.6,2.0688e+09
98.4,0.21333,1862.4,2.0694e+09
98.5,0.20971,1861.3,2.07e+09
98.6,0.20615,1860.1,2.0705e+09
98.7,0.20266,1858.9,2.0711e+09
98.8,0.19923,1857.8,2.0717e+09
98.9,0.19586,1856.6,2.0723e+09
99,0.19255,1855.4,2.0728e+09
99.1,0.18929,1854.3,2.0734e+09
99.2,0.1861,1853.1,2.074e+09
99.3,0.18296,1851.9,2.0745e+09
99.4,0.17988,1850.8,2.0751e+09
99.5,0.17686,1849.6,2.0756e+09
99.6,0.17388,1848.4,2.0761e+09
99.7,0.17097,1847.3,2.0767e+09
99.8,0.1681,1846.1,2.0772e+09
99.9,0.16528,1845,2.0778e+09
100,0.16252,1843.8,2.0783e+09
100.1,0.1598,1842.6,2.0788e+09
100.2,0.15713,1841.5,2.0793e+09
100.3,0.15451,1840.3,2.0798e+09
100.4,0.15193,1839.2,2.0804e+09
100.5,0.14941,1838,2.0809e+09
100.6,0.14692,1836.9,2.0814e+09
100.7,0.14448,1835.7,2.0819e+09
100.8,0.14209,1834.6,2.0824e+09
100.9,0.13973,1833.4,2.0829e+09
101,0.13742,1832.2,2.0833e+09
101.1,0.13515,1831.1,2.0838e+09
101.2,0.13292,1829.9,2.0843e+09
101.3,0.13073,1828.8,2.0848e+09
101.4,0.12858,1827.6,2.0853e+09
101.5,0.12647,1826.5,2.0857e+09
101.6,0.12439,1825.4,2.0862e+09
101.7,0.12235,1824.2,2.0867e+09
101.8,0.12035,1823.1,2.0871e+09
101.9,0.11839,1821.9,2.0876e+09
102,0.11645,1820.8,2.0881e+09
102.1,0.11456,1819.6,2.0885e+09
102.2,0.11269,1818.5,2.089e+09
102.3,0.11086,1817.3,2.0894e+09
102.4,0.10906,1816.2,2.0898e+09
102.5,0.1073,1815.1,2.0903e+09
102.6,0.10556,1813.9,2.0907e+09
102.7,0.10386,1812.8,2.0911e+09
102.8,0.10219,1811.6,2.0916e+09
102.9,0.10054,1810.5,2.092e+09
103,0.098929,1809.4,2.0924e+09
103.1,0.097343,1808.2,2.0928e+09
103.2,0.095785,1807.1,2.0933e+09
103.3,0.094255,1806,2.0937e+09
103.4,0.092753,1804.8,2.0941e+09
103.5,0.091277,1803.7,2.0945e+09
103.6,0.089827,1802.6,2.0949e+09
103.7,0.088403,1801.4,2.0953e+09
103.8,0.087004,1800.3,2.0957e+09
103.9,0.08563,1799.2,2.0961e+09
104,0.08428,1798,2.0965e+09
104.1,0.082955,1796.9,2.0969e+09
104.2,0.081653,1795.8,2.0973e+09
104.3,0.080374,1794.7,2.0977e+09
104.4,0.079118,1793.5,2.098e+09
104.5,0.077884,1792.4,2.0984e+09
104.6,0.076672,1791.3,2.0988e+09
104.7,0.075481,1790.2,2.0992e+09
104.8,0.074312,1789,2.0995e+09
104.9,0.073163,1787.9,2.0999e+09
105,0.072035,1786.8,2.1003e+09
105.1,0.070927,1785.7,2.1006e+09
105.2,0.069839,1784.6,2.101e+09
105.3,0.068769,1783.4,2.1014e+09
105.4,0.067719,1782.3,2.1017e+09
105.5,0.066687,1781.2,2.1021e+09
105.6,0.065674,1780.1,2.1024e+09
105.7,0.064679,1779,2.1028e+09
105.8,0.063701,1777.8,2.1031e+09
105.9,0.062741,1776.7,2.1034e+09
106,0.061797,1775.6,2.1038e+09
106.1,0.060871,1774.5,2.1041e+09
106.2,0.05996,1773.4,2.1045e+09
106.3,0.059066,1772.3,2.1048e+09
106.4,0.058188,1771.2,2.1051e+09
106.5,0.057325,1770.1,2.1054e+09
106.6,0.056478,1768.9,2.1058e+09
106.7,0.055646,1767.8,2.1061e+09
106.8,0.054828,1766.7,2.1064e+09
106.9,0.054025,1765.6,2.1067e+09
107,0.053236,1764.5,2.1071e+09
107.1,0.052461,1763.4,2.1074e+09
107.2,0.0517,1762.3,2.1077e+09
107.3,0.050952,1761.2,2.108e+09
107.4,0.050217,1760.1,2.1083e+09
107.5,0.049496,1759,2.1086e+09
107.6,0.048787,1757.9,2.1089e+09
107.7,0.048091,1756.8,2.1092e+09
107.8,0.047407,1755.7,2.1095e+09
107.9,0.046735,1754.6,2.1098e+09
108,0.046075,1753.5,2.1101e+09
108.1,0.045426,1752.4,2.1104e+09
108.2,0.04479,1751.3,2.1107e+09
108.3,0.044164,1750.2,2.111e+09
108.4,0.043549,1749.1,2.1112e+09
108.5,0.042946,1748,2.1115e+09
108.6,0.042353,1746.9,2.1118e+09
108.7,0.04177,1745.8,2.1121e+09
108.8,0.041198,1744.7,2.1124e+09
108.9,0.040636,1743.6,2.1126e+09
109,0.040083,1742.5,2.1129e+09
109.1,0.039541,1741.4,2.1132e+09
109.2,0.039008,1740.3,2.1134e+09
109.3,0.038484,1739.2,2.1137e+09
109.4,0.03797,1738.1,2.114e+09
109.5,0.037465,1737.1,2.1142e+09
109.6,0.036968,1736,2.1145e+09
109.7,0.036481,1734.9,2.1148e+09
109.8,0.036002,1733.8,2.115e+09
109.9,0.035531,1732.7,2.1153e+09
110,0.035069,1731.6,2.1155e+09
110.1,0.034615,1730.5,2.1158e+09
110.2,0.034169,1729.4,2.116e+09
110.3,0.033731,1728.4,2.1163e+09
110.4,0.0333,1727.3,2.1165e+09
110.5,0.032877,1726.2,2.1168e+09
110.6,0.032461,1725.1,2.117e+09
110.7,0.032053,1724,2.1172e+09
110.8,0.031652,1722.9,2.1175e+09
110.9,0.031258,1721.9,2.1177e+09
111,0.030871,1720.8,2.118e+09
111.1,0.030491,1719.7,2.1182e+09
111.2,0.030117,1718.6,2.1184e+09
111.3,0.02975,1717.6,2.1187e+09
111.4,0.029389,1716.5,2.1189e+09
111.5,0.029035,1715.4,2.1191e+09
111.6,0.028687,1714.3,2.1193e+09
111.7,0.028345,1713.3,2.1196e+09
111.8,0.028009,1712.2,2.1198e+09
111.9,0.027679,1711.1,2.12e+09
112,0.027355,1710,2.1202e+09
112.1,0.027036,1709,2.1204e+09
112.2,0.026723,1707.9,2.1207e+09
112.3,0.026415,1706.8,2.1209e+09
112.4,0.026113,1705.8,2.1211e+09
112.5,0.025816,1704.7,2.1213e+09
112.6,0.025525,1703.6,2.1215e+09
112.7,0.025238,1702.6,2.1217e+09
112.8,0.024956,1701.5,2.1219e+09
112.9,0.02468,1700.4,2.1221e+09
113,0.024408,1699.4,2.1223e+09
113.1,0.024141,1698.3,2.1225e+09
113.2,0.023878,1697.2,2.1227e+09
113.3,0.02362,1696.2,2.1229e+09
113.4,0.023367,1695.1,2.1231e+09
113.5,0.023118,1694,2.1233e+09
113.6,0.022873,1693,2.1235e+09
113.7,0.022633,1691.9,2.1237e+09
113.8,0.022397,1690.9,2.1239e+09
113.9,0.022165,1689.8,2.1241e+09
114,0.021937,1688.7,2.1243e+09
114.1,0.021713,1687.7,2.1245e+09
114.2,0.021493,1686.6,2.1247e+09
114.3,0.021276,1685.6,2.1248e+09
114.4,0.021064,1684.5,2.125e+09
114.5,0.020855,1683.5,2.1252e+09
114.6,0.020649,1682.4,2.1254e+09
114.7,0.020448,1681.4,2.1256e+09
114.8,0.020249,1680.3,2.1257e+09
114.9,0.020055,1679.2,2.1259e+09
115,0.019863,1678.2,2.1261e+09
115.1,0.019675,1677.1,2.1263e+09
115.2,0.01949,1676.1,2.1264e+09
115.3,0.019308,1675,2.1266e+09
115.4,0.01913,1674,2.1268e+09
115.5,0.018954,1672.9,2.127e+09
115.6,0.018782,1671.9,2.1271e+09
115.7,0.018613,1670.9,2.1273e+09
115.8,0.018446,1669.8,2.1275e+09
115.9,0.018282,1668.8,2.1276e+09
116,0.018122,1667.7,2.1278e+09
116.1,0.017963,1666.7,2.128e+09
116.2,0.017808,1665.6,2.1281e+09
116.3,0.017655,1664.6,2.1283e+09
116.4,0.017505,1663.5,2.1284e+09
116.5,0.017358,1662.5,2.1286e+09
116.6,0.017213,1661.5,2.1287e+09
116.7,0.01707,1660.4,2.1289e+09
116.8,0.01693,1659.4,2.1291e+09
116.9,0.016793,1658.3,2.1292e+09
117,0.016657,1657.3,2.1294e+09
117.1,0.016524,1656.3,2.1295e+09
117.2,0.016394,1655.2,2.1297e+09
117.3,0.016265,1654.2,2.1298e+09
117.4,0.016139,1653.2,2.13e+09
117.5,0.016015,1652.1,2.1301e+09
117.6,0.015893,1651.1,2.1302e+09
117.7,0.015773,1650.1,2.1304e+09
117.8,0.015655,1649,2.1305e+09
117.9,0.015539,1648,2.1307e+09
118,0.015425,1647,2.1308e+09
118.1,0.015313,1645.9,2.131e+09
118.2,0.015203,1644.9,2.1311e+09
118.3,0.015094,1643.9,2.1312e+09
118.4,0.014988,1642.9,2.1314e+09
118.5,0.014883,1641.8,2.1315e+09
118.6,0.01478,1640.8,2.1316e+09
118.7,0.014679,1639.8,2.1318e+09
118.8,0.01458,1638.7,2.1319e+09
118.9,0.014482,1637.7,2.132e+09
119,0.014386,1636.7,2.1322e+09
119.1,0.014291,1635.7,2.1323e+09
119.2,0.014198,1634.6,2.1324e+09
119.3,0.014107,1633.6,2.1326e+09
119.4,0.014017,1632.6,2.1327e+09
119.5,0.013929,1631.6,2.1328e+09
119.6,0.013842,1630.6,2.1329e+09
119.7,0.013757,1629.5,2.1331e+09
119.8,0.013673,1628.5,2.1332e+09
119.9,0.01359,1627.5,2.1333e+09
120,0.013509,1626.5,2.1334e+09
120.1,0.013429,1625.5,2.1336e+09
120.2,0.01335,1624.5,2.1337e+09
120.3,0.013273,1623.4,2.1338e+09
120.4,0.013197,1622.4,2.1339e+09
120.5,0.013122,1621.4,2.134e+09
120.6,0.013049,1620.4,2.1341e+09
120.7,0.012977,1619.4,2.1343e+09
120.8,0.012906,1618.4,2.1344e+09
120.9,0.012836,1617.4,2.1345e+09
121,0.012767,1616.3,2.1346e+09
121.1,0.012699,1615.3,2.1347e+09
121.2,0.012633,1614.3,2.1348e+09
121.3,0.012567,1613.3,2.1349e+09
121.4,0.012503,1612.3,2.135e+09
121.5,0.01244,1611.3,2.1352e+09
121.6,0.012377,1610.3,2.1353e+09
121.7,0.012316,1609.3,2.1354e+09
121.8,0.012256,1608.3,2.1355e+09
121.9,0.012196,1607.3,2.1356e+09
122,0.012138,1606.3,2.1357e+09
122.1,0.012081,1605.3,2.1358e+09
122.2,0.012024,1604.3,2.1359e+09
122.3,0.011969,1603.3,2.136e+09
122.4,0.011914,1602.3,2.1361e+09
122.5,0.01186,1601.3,2.1362e+09
122.6,0.011807,1600.3,2.1363e+09
122.7,0.011755,1599.3,2.1364e+09
122.8,0.011704,1598.3,2.1365e+09
122.9,0.011653,1597.3,2.1366e+09
123,0.011604,1596.3,2.1367e+09
123.1,0.011555,1595.3,2.1368e+09
123.2,0.011507,1594.3,2.1369e+09
123.3,0.011459,1593.3,2.137e+09
123.4,0.011413,1592.3,2.1371e+09
123.5,0.011367,1591.3,2.1372e+09
123.6,0.011322,1590.3,2.1373e+09
123.7,0.011277,1589.3,2.1374e+09
123.8,0.011233,1588.3,2.1375e+09
123.9,0.01119,1587.3,2.1376e+09
124,0.011148,1586.3,2.1376e+09
124.1,0.011106,1585.3,2.1377e+09
124.2,0.011065,1584.3,2.1378e+09
124.3,0.011025,1583.3,2.1379e+09
124.4,0.010985,1582.4,2.138e+09
124.5,0.010946,1581.4,2.1381e+09
124.6,0.010907,1580.4,2.1382e+09
124.7,0.010869,1579.4,2.1383e+09
124.8,0.010832,1578.4,2.1383e+09
124.9,0.010795,1577.4,2.1384e+09
125,0.010758,1576.4,2.1385e+09
125.1,0.010723,1575.4,2.1386e+09
125.2,0.010687,1574.5,2.1387e+09
125.3,0.010653,1573.5,2.1388e+09
125.4,0.010619,1572.5,2.1388e+09
125.5,0.010585,1571.5,2.1389e+09
125.6,0.010552,1570.5,2.139e+09
125.7,0.010519,1569.6,2.1391e+09
125.8,0.010487,1568.6,2.1392e+09
125.9,0.010455,1567.6,2.1392e+09
126,0.010424,1566.6,2.1393e+09
126.1,0.010393,1565.6,2.1394e+09
126.2,0.010363,1564.7,2.1395e+09
126.3,0.010333,1563.7,2.1396e+09
126.4,0.010304,1562.7,2.1396e+09
126.5,0.010275,1561.7,2.1397e+09
126.6,0.010246,1560.8,2.1398e+09
126.7,0.010218,1559.8,2.1399e+09
126.8,0.01019,1558.8,2.1399e+09
126.9,0.010163,1557.8,2.14e+09
127,0.010136,1556.9,2.1401e+09
127.1,0.010109,1555.9,2.1402e+09
127.2,0.010083,1554.9,2.1402e+09
127.3,0.010057,1553.9,2.1403e+09
127.4,0.010032,1553,2.1404e+09
127.5,0.010006,1552,2.1404e+09
127.6,0.0099817,1551,2.1405e+09
127.7,0.0099573,1550.1,2.1406e+09
127.8,0.0099332,1549.1,2.1406e+09
127.9,0.0099094,1548.1,2.1407e+09
128,0.009886,1547.2,2.1408e+09
128.1,0.0098629,1546.2,2.1408e+09
128.2,0.0098401,1545.2,2.1409e+09
128.3,0.0098177,1544.3,2.141e+09
128.4,0.0097955,1543.3,2.141e+09
128.5,0.0097736,1542.3,2.1411e+09
128.6,0.0097521,1541.4,2.1412e+09
128.7,0.0097308,1540.4,2.1412e+09
128.8,0.0097098,1539.5,2.1413e+09
128.9,0.0096891,1538.5,2.1414e+09
129,0.0096686,1537.5,2.1414e+09
129.1,0.0096485,1536.6,2.1415e+09
129.2,0.0096285,1535.6,2.1416e+09
129.3,0.0096089,1534.7,2.1416e+09
129.4,0.0095895,1533.7,2.1417e+09
129.5,0.0095704,1532.7,2.1417e+09
129.6,0.0095515,1531.8,2.1418e+09
129.7,0.0095328,1530.8,2.1419e+09
129.8,0.0095144,1529.9,2.1419e+09
129.9,0.0094962,1528.9,2.142e+09
130,0.0094783,1528,2.142e+09
130.1,0.0094606,1527,2.1421e+09
130.2,0.0094431,1526.1,2.1422e+09
130.3,0.0094258,1525.1,2.1422e+09
130.4,0.0094087,1524.2,2.1423e+09
130.5,0.0093918,1523.2,2.1423e+09
130.6,0.0093752,1522.3,2.1424e+09
130.7,0.0093587,1521.3,2.1424e+09
130.8,0.0093425,1520.4,2.1425e+09
130.9,0.0093264,1519.4,2.1425e+09
131,0.0093106,1518.5,2.1426e+09
131.1,0.0092949,1517.5,2.1427e+09
131.2,0.0092794,1516.6,2.1427e+09
131.3,0.0092641,1515.6,2.1428e+09
131.4,0.009249,1514.7,2.1428e+09
131.5,0.009234,1513.7,2.1429e+09
131.6,0.0092193,1512.8,2.1429e+09
131.7,0.0092046,1511.9,2.143e+09
131.8,0.0091902,1510.9,2.143e+09
131.9,0.0091759,1510,2.1431e+09
132,0.0091618,1509,2.1431e+09
132.1,0.0091479,1508.1,2.1432e+09
132.2,0.0091341,1507.1,2.1432e+09
132.3,0.0091204,1506.2,2.1433e+09
132.4,0.0091069,1505.3,2.1433e+09
132.5,0.0090936,1504.3,2.1434e+09
132.6,0.0090804,1503.4,2.1434e+09
132.7,0.0090673,1502.5,2.1435e+09
132.8,0.0090544,1501.5,2.1435e+09
132.9,0.0090416,1500.6,2.1436e+09
133,0.009029,1499.6,2.1436e+09
133.1,0.0090164,1498.7,2.1437e+09
133.2,0.0090041,1497.8,2.1437e+09
133.3,0.0089918,1496.8,2.1437e+09
133.4,0.0089797,1495.9,2.1438e+09
133.5,0.0089677,1495,2.1438e+09
133.6,0.0089558,1494,2.1439e+09
133.7,0.008944,1493.1,2.1439e+09
133.8,0.0089324,1492.2,2.144e+09
133.9,0.0089209,1491.3,2.144e+09
134,0.0089094,1490.3,2.1441e+09
134.1,0.0088981,1489.4,2.1441e+09
134.2,0.0088869,1488.5,2.1441e+09
134.3,0.0088759,1487.5,2.1442e+09
134.4,0.0088649,1486.6,2.1442e+09
134.5,0.008854,1485.7,2.1443e+09
134.6,0.0088432,1484.8,2.1443e+09
134.7,0.0088325,1483.8,2.1444e+09
134.8,0.008822,1482.9,2.1444e+09
134.9,0.0088115,1482,2.1444e+09
135,0.0088011,1481.1,2.1445e+09
135.1,0.0087908,1480.1,2.1445e+09
135.2,0.0087806,1479.2,2.1446e+09
135.3,0.0087705,1478.3,2.1446e+09
135.4,0.0087605,1477.4,2.1446e+09
135.5,0.0087506,1476.5,2.1447e+09
135.6,0.0087407,1475.5,2.1447e+09
135.7,0.008731,1474.6,2.1448e+09
135.8,0.0087213,1473.7,2.1448e+09
135.9,0.0087117,1472.8,2.1448e+09
136,0.0087022,1471.9,2.1449e+09
136.1,0.0086927,1471,2.1449e+09
136.2,0.0086834,1470,2.1449e+09
136.3,0.0086741,1469.1,2.145e+09
136.4,0.0086649,1468.2,2.145e+09
136.5,0.0086558,1467.3,2.1451e+09
136.6,0.0086467,1466.4,2.1451e+09
136.7,0.0086377,1465.5,2.1451e+09
136.8,0.0086288,1464.6,2.1452e+09
136.9,0.0086199,1463.6,2.1452e+09
137,0.0086112,1462.7,2.1452e+09
137.1,0.0086024,1461.8,2.1453e+09
137.2,0.0085938,1460.9,2.1453e+09
137.3,0.0085852,1460,2.1453e+09
137.4,0.0085767,1459.1,2.1454e+09
137.5,0.0085682,1458.2,2.1454e+09
137.6,0.0085598,1457.3,2.1454e+09
137.7,0.0085515,1456.4,2.1455e+09
137.8,0.0085432,1455.5,2.1455e+09
137.9,0.008535,1454.6,2.1455e+09
138,0.0085268,1453.6,2.1456e+09
138.1,0.0085187,1452.7,2.1456e+09
138.2,0.0085106,1451.8,2.1456e+09
138.3,0.0085026,1450.9,2.1457e+09
138.4,0.0084947,1450,2.1457e+09
138.5,0.0084868,1449.1,2.1457e+09
138.6,0.0084789,1448.2,2.1458e+09
138.7,0.0084711,1447.3,2.1458e+09
138.8,0.0084634,1446.4,2.1458e+09
138.9,0.0084557,1445.5,2.1459e+09
139,0.008448,1444.6,2.1459e+09
139.1,0.0084404,1443.7,2.1459e+09
139.2,0.0084329,1442.8,2.1459e+09
139.3,0.0084254,1441.9,2.146e+09
139.4,0.0084179,1441,2.146e+09
139.5,0.0084105,1440.1,2.146e+09
139.6,0.0084031,1439.2,2.1461e+09
139.7,0.0083958,1438.3,2.1461e+09
139.8,0.0083885,1437.4,2.1461e+09
139.9,0.0083812,1436.6,2.1461e+09
140,0.008374,1435.7,2.1462e+09
140.1,0.0083669,1434.8,2.1462e+09
140.2,0.0083597,1433.9,2.1462e+09
140.3,0.0083526,1433,2.1463e+09
140.4,0.0083456,1432.1,2.1463e+09
140.5,0.0083386,1431.2,2.1463e+09
140.6,0.0083316,1430.3,2.1463e+09
140.7,0.0083247,1429.4,2.1464e+09
140.8,0.0083178,1428.5,2.1464e+09
140.9,0.0083109,1427.6,2.1464e+09
141,0.0083041,1426.8,2.1464e+09
141.1,0.0082972,1425.9,2.1465e+09
141.2,0.0082905,1425,2.1465e+09
141.3,0.0082837,1424.1,2.1465e+09
141.4,0.008277,1423.2,2.1465e+09
141.5,0.0082704,1422.3,2.1466e+09
141.6,0.0082637,1421.4,2.1466e+09
141.7,0.0082571,1420.6,2.1466e+09
141.8,0.0082505,1419.7,2.1466e+09
141.9,0.008244,1418.8,2.1467e+09
142,0.0082375,1417.9,2.1467e+09
142.1,0.008231,1417,2.1467e+09
142.2,0.0082245,1416.1,2.1467e+09
142.3,0.0082181,1415.3,2.1468e+09
142.4,0.0082117,1414.4,2.1468e+09
142.5,0.0082053,1413.5,2.1468e+09
142.6,0.0081989,1412.6,2.1468e+09
142.7,0.0081926,1411.7,2.1469e+09
142.8,0.0081863,1410.9,2.1469e+09
142.9,0.00818,1410,2.1469e+09
143,0.0081738,1409.1,2.1469e+09
143.1,0.0081676,1408.2,2.147e+09
143.2,0.0081614,1407.4,2.147e+09
143.3,0.0081552,1406.5,2.147e+09
143.4,0.008149,1405.6,2.147e+09
143.5,0.0081429,1404.7,2.147e+09
143.6,0.0081368,1403.9,2.1471e+09
143.7,0.0081307,1403,2.1471e+09
143.8,0.0081246,1402.1,2.1471e+09
143.9,0.0081186,1401.3,2.1471e+09
144,0.0081126,1400.4,2.1471e+09
144.1,0.0081066,1399.5,2.1472e+09
144.2,0.0081006,1398.6,2.1472e+09
144.3,0.0080946,1397.8,2.1472e+09
144.4,0.0080887,1396.9,2.1472e+09
144.5,0.0080828,1396,2.1472e+09
144.6,0.0080769,1395.2,2.1473e+09
144.7,0.008071,1394.3,2.1473e+09
144.8,0.0080652,1393.4,2.1473e+09
144.9,0.0080593,1392.6,2.1473e+09
145,0.0080535,1391.7,2.1473e+09
145.1,0.0080477,1390.8,2.1474e+09
145.2,0.0080419,1390,2.1474e+09
145.3,0.0080361,1389.1,2.1474e+09
145.4,0.0080304,1388.2,2.1474e+09
145.5,0.0080246,1387.4,2.1474e+09
145.6,0.0080189,1386.5,2.1475e+09
145.7,0.0080132,1385.7,2.1475e+09
145.8,0.0080075,1384.8,2.1475e+09
145.9,0.0080019,1383.9,2.1475e+09
146,0.0079962,1383.1,2.1475e+09
146.1,0.0079906,1382.2,2.1476e+09
146.2,0.007985,1381.4,2.1476e+09
146.3,0.0079794,1380.5,2.1476e+09
146.4,0.0079738,1379.6,2.1476e+09
146.5,0.0079682,1378.8,2.1476e+09
146.6,0.0079626,1377.9,2.1476e+09
146.7,0.0079571,1377.1,2.1477e+09
146.8,0.0079516,1376.2,2.1477e+09
146.9,0.007946,1375.4,2.1477e+09
147,0.0079405,1374.5,2.1477e+09
147.1,0.007935,1373.7,2.1477e+09
147.2,0.0079296,1372.8,2.1477e+09
147.3,0.0079241,1372,2.1478e+09
147.4,0.0079186,1371.1,2.1478e+09
147.5,0.0079132,1370.3,2.1478e+09
147.6,0.0079078,1369.4,2.1478e+09
147.7,0.0079024,1368.6,2.1478e+09
147.8,0.007897,1367.7,2.1478e+09
147.9,0.0078916,1366.9,2.1479e+09
148,0.0078862,1366,2.1479e+09
148.1,0.0078808,1365.2,2.1479e+09
148.2,0.0078755,1364.3,2.1479e+09
148.3,0.0078701,1363.5,2.1479e+09
148.4,0.0078648,1362.6,2.1479e+09
148.5,0.0078595,1361.8,2.1479e+09
148.6,0.0078542,1360.9,2.148e+09
148.7,0.0078489,1360.1,2.148e+09
148.8,0.0078436,1359.2,2.148e+09
148.9,0.0078383,1358.4,2.148e+09
149,0.007833,1357.6,2.148e+09
149.1,0.0078278,1356.7,2.148e+09
149.2,0.0078225,1355.9,2.1481e+09
149.3,0.0078173,1355,2.1481e+09
149.4,0.0078121,1354.2,2.1481e+09
149.5,0.0078069,1353.3,2.1481e+09
149.6,0.0078017,1352.5,2.1481e+09
149.7,0.0077965,1351.7,2.1481e+09
149.8,0.0077913,1350.8,2.1481e+09
149.9,0.0077861,1350,2.1481e+09
150,0.0077809,1349.2,2.1482e+09
150.1,0.0077758,1348.3,2.1482e+09
150.2,0.0077706,1347.5,2.1482e+09
150.3,0.0077655,1346.6,2.1482e+09
150.4,0.0077604,1345.8,2.1482e+09
150.5,0.0077553,1345,2.1482e+09
150.6,0.0077501,1344.1,2.1482e+09
150.7,0.007745,1343.3,2.1483e+09
150.8,0.0077399,1342.5,2.1483e+09
150.9,0.0077348,1341.6,2.1483e+09
151,0.0077298,1340.8,2.1483e+09
151.1,0.0077247,1340,2.1483e+09
151.2,0.0077196,1339.1,2.1483e+09
151.3,0.0077146,1338.3,2.1483e+09
151.4,0.0077095,1337.5,2.1483e+09
151.5,0.0077045,1336.7,2.1484e+09
151.6,0.0076995,1335.8,2.1484e+09
151.7,0.0076944,1335,2.1484e+09
151.8,0.0076894,1334.2,2.1484e+09
151.9,0.0076844,1333.3,2.1484e+09
152,0.0076794,1332.5,2.1484e+09
152.1,0.0076744,1331.7,2.1484e+09
152.2,0.0076694,1330.9,2.1484e+09
152.3,0.0076645,1330,2.1484e+09
152.4,0.0076595,1329.2,2.1485e+09
152.5,0.0076545,1328.4,2.1485e+09
152.6,0.0076496,1327.6,2.1485e+09
152.7,0.0076446,1326.7,2.1485e+09
152.8,0.0076397,1325.9,2.1485e+09
152.9,0.0076347,1325.1,2.1485e+09
153,0.0076298,1324.3,2.1485e+09
153.1,0.0076249,1323.5,2.1485e+09
153.2,0.0076199,1322.6,2.1485e+09
153.3,0.007615,1321.8,2.1486e+09
153.4,0.0076101,1321,2.1486e+09
153.5,0.0076052,1320.2,2.1486e+09
153.6,0.0076003,1319.4,2.1486e+09
153.7,0.0075954,1318.5,2.1486e+09
153.8,0.0075906,1317.7,2.1486e+09
153.9,0.0075857,1316.9,2.1486e+09
154,0.0075808,1316.1,2.1486e+09
154.1,0.007576,1315.3,2.1486e+09
154.2,0.0075711,1314.5,2.1486e+09
154.3,0.0075663,1313.6,2.1487e+09
154.4,0.0075614,1312.8,2.1487e+09
154.5,0.0075566,1312,2.1487e+09
154.6,0.0075517,1311.2,2.1487e+09
154.7,0.0075469,1310.4,2.1487e+09
154.8,0.0075421,1309.6,2.1487e+09
154.9,0.0075373,1308.8,2.1487e+09
155,0.0075325,1308,2.1487e+09
155.1,0.0075277,1307.2,2.1487e+09
155.2,0.0075229,1306.3,2.1487e+09
155.3,0.0075181,1305.5,2.1488e+09
155.4,0.0075133,1304.7,2.1488e+09
155.5,0.0075085,1303.9,2.1488e+09
155.6,0.0075037,1303.1,2.1488e+09
155.7,0.0074989,1302.3,2.1488e+09
155.8,0.0074942,1301.5,2.1488e+09
155.9,0.0074894,1300.7,2.1488e+09
156,0.0074847,1299.9,2.1488e+09
156.1,0.0074799,1299.1,2.1488e+09
156.2,0.0074752,1298.3,2.1488e+09
156.3,0.0074704,1297.5,2.1488e+09
156.4,0.0074657,1296.7,2.1489e+09
156.5,0.0074609,1295.9,2.1489e+09
156.6,0.0074562,1295.1,2.1489e+09
156.7,0.0074515,1294.3,2.1489e+09
156.8,0.0074468,1293.5,2.1489e+09
156.9,0.0074421,1292.7,2.1489e+09
157,0.0074373,1291.9,2.1489e+09
157.1,0.0074326,1291.1,2.1489e+09
157.2,0.0074279,1290.3,2.1489e+09
157.3,0.0074233,1289.5,2.1489e+09
157.4,0.0074186,1288.7,2.1489e+09
157.5,0.0074139,1287.9,2.1489e+09
157.6,0.0074092,1287.1,2.1489e+09
157.7,0.0074045,1286.3,2.149e+09
157.8,0.0073998,1285.5,2.149e+09
157.9,0.0073952,1284.7,2.149e+09
158,0.0073905,1283.9,2.149e+09
158.1,0.0073859,1283.1,2.149e+09
158.2,0.0073812,1282.3,2.149e+09
158.3,0.0073766,1281.5,2.149e+09
158.4,0.0073719,1280.7,2.149e+09
158.5,0.0073673,1279.9,2.149e+09
158.6,0.0073626,1279.1,2.149e+09
158.7,0.007358,1278.3,2.149e+09
158.8,0.0073534,1277.5,2.149e+09
158.9,0.0073488,1276.7,2.149e+09
159,0.0073441,1276,2.149e+09
159.1,0.0073395,1275.2,2.1491e+09
159.2,0.0073349,1274.4,2.1491e+09
159.3,0.0073303,1273.6,2.1491e+09
159.4,0.0073257,1272.8,2.1491e+09
159.5,0.0073211,1272,2.1491e+09
159.6,0.0073165,1271.2,2.1491e+09
159.7,0.0073119,1270.4,2.1491e+09
159.8,0.0073073,1269.7,2.1491e+09
159.9,0.0073027,1268.9,2.1491e+09
160,0.0072982,1268.1,2.1491e+09
160.1,0.0072936,1267.3,2.1491e+09
160.2,0.007289,1266.5,2.1491e+09
160.3,0.0072844,1265.7,2.1491e+09
160.4,0.0072799,1265,2.1491e+09
160.5,0.0072753,1264.2,2.1491e+09
160.6,0.0072708,1263.4,2.1492e+09
160.7,0.0072662,1262.6,2.1492e+09
160.8,0.0072617,1261.8,2.1492e+09
160.9,0.0072571,1261,2.1492e+09
161,0.0072526,1260.3,2.1492e+09
161.1,0.007248,1259.5,2.1492e+09
161.2,0.0072435,1258.7,2.1492e+09
161.3,0.007239,1257.9,2.1492e+09
161.4,0.0072345,1257.2,2.1492e+09
161.5,0.0072299,1256.4,2.1492e+09
161.6,0.0072254,1255.6,2.1492e+09
161.7,0.0072209,1254.8,2.1492e+09
161.8,0.0072164,1254,2.1492e+09
161.9,0.0072119,1253.3,2.1492e+09
162,0.0072074,1252.5,2.1492e+09
162.1,0.0072029,1251.7,2.1492e+09
162.2,0.0071984,1250.9,2.1492e+09
162.3,0.0071939,1250.2,2.1493e+09
162.4,0.0071894,1249.4,2.1493e+09
162.5,0.0071849,1248.6,2.1493e+09
162.6,0.0071804,1247.9,2.1493e+09
162.7,0.007176,1247.1,2.1493e+09
162.8,0.0071715,1246.3,2.1493e+09
162.9,0.007167,1245.5,2.1493e+09
163,0.0071625,1244.8,2.1493e+09
163.1,0.0071581,1244,2.1493e+09
163.2,0.0071536,1243.2,2.1493e+09
163.3,0.0071492,1242.5,2.1493e+09
163.4,0.0071447,1241.7,2.1493e+09
163.5,0.0071402,1240.9,2.1493e+09
163.6,0.0071358,1240.2,2.1493e+09
163.7,0.0071314,1239.4,2.1493e+09
163.8,0.0071269,1238.6,2.1493e+09
163.9,0.0071225,1237.9,2.1493e+09
164,0.007118,1237.1,2.1493e+09
164.1,0.0071136,1236.3,2.1493e+09
164.2,0.0071092,1235.6,2.1494e+09
164.3,0.0071048,1234.8,2.1494e+09
164.4,0.0071003,1234.1,2.1494e+09
164.5,0.0070959,1233.3,2.1494e+09
164.6,0.0070915,1232.5,2.1494e+09
164.7,0.0070871,1231.8,2.1494e+09
164.8,0.0070827,1231,2.1494e+09
164.9,0.0070783,1230.2,2.1494e+09
165,0.0070739,1229.5,2.1494e+09
165.1,0.0070695,1228.7,2.1494e+09
165.2,0.0070651,1228,2.1494e+09
165.3,0.0070607,1227.2,2.1494e+09
165.4,0.0070563,1226.5,2.1494e+09
165.5,0.0070519,1225.7,2.1494e+09
165.6,0.0070475,1224.9,2.1494e+09
165.7,0.0070432,1224.2,2.1494e+09
165.8,0.0070388,1223.4,2.1494e+09
165.9,0.0070344,1222.7,2.1494e+09
166,0.00703,1221.9,2.1494e+09
166.1,0.0070257,1221.2,2.1494e+09
166.2,0.0070213,1220.4,2.1494e+09
166.3,0.007017,1219.7,2.1494e+09
166.4,0.0070126,1218.9,2.1494e+09
166.5,0.0070082,1218.1,2.1495e+09
166.6,0.0070039,1217.4,2.1495e+09
166.7,0.0069995,1216.6,2.1495e+09
166.8,0.0069952,1215.9,2.1495e+09
166.9,0.0069909,1215.1,2.1495e+09
167,0.0069865,1214.4,2.1495e+09
167.1,0.0069822,1213.6,2.1495e+09
167.2,0.0069779,1212.9,2.1495e+09
167.3,0.0069735,1212.1,2.1495e+09
167.4,0.0069692,1211.4,2.1495e+09
167.5,0.0069649,1210.7,2.1495e+09
167.6,0.0069606,1209.9,2.1495e+09
167.7,0.0069562,1209.2,2.1495e+09
167.8,0.0069519,1208.4,2.1495e+09
167.9,0.0069476,1207.7,2.1495e+09
168,0.0069433,1206.9,2.1495e+09
168.1,0.006939,1206.2,2.1495e+09
168.2,0.0069347,1205.4,2.1495e+09
168.3,0.0069304,1204.7,2.1495e+09
168.4,0.0069261,1203.9,2.1495e+09
168.5,0.0069218,1203.2,2.1495e+09
168.6,0.0069175,1202.5,2.1495e+09
168.7,0.0069132,1201.7,2.1495e+09
168.8,0.006909,1201,2.1495e+09
168.9,0.0069047,1200.2,2.1495e+09
169,0.0069004,1199.5,2.1495e+09
169.1,0.0068961,1198.8,2.1495e+09
169.2,0.0068919,1198,2.1496e+09
169.3,0.0068876,1197.3,2.1496e+09
169.4,0.0068833,1196.5,2.1496e+09
169.5,0.0068791,1195.8,2.1496e+09
169.6,0.0068748,1195.1,2.1496e+09
169.7,0.0068705,1194.3,2.1496e+09
169.8,0.0068663,1193.6,2.1496e+09
169.9,0.006862,1192.9,2.1496e+09
170,0.0068578,1192.1,2.1496e+09
170.1,0.0068536,1191.4,2.1496e+09
170.2,0.0068493,1190.6,2.1496e+09
170.3,0.0068451,1189.9,2.1496e+09
170.4,0.0068408,1189.2,2.1496e+09
170.5,0.0068366,1188.4,2.1496e+09
170.6,0.0068324,1187.7,2.1496e+09
170.7,0.0068281,1187,2.1496e+09
170.8,0.0068239,1186.3,2.1496e+09
170.9,0.0068197,1185.5,2.1496e+09
171,0.0068155,1184.8,2.1496e+09
171.1,0.0068113,1184.1,2.1496e+09
171.2,0.0068071,1183.3,2.1496e+09
171.3,0.0068028,1182.6,2.1496e+09
171.4,0.0067986,1181.9,2.1496e+09
171.5,0.0067944,1181.1,2.1496e+09
171.6,0.0067902,1180.4,2.1496e+09
171.7,0.006786,1179.7,2.1496e+09
171.8,0.0067818,1179,2.1496e+09
171.9,0.0067776,1178.2,2.1496e+09
172,0.0067734,1177.5,2.1496e+09
172.1,0.0067693,1176.8,2.1496e+09
172.2,0.0067651,1176.1,2.1496e+09
172.3,0.0067609,1175.3,2.1496e+09
172.4,0.0067567,1174.6,2.1496e+09
172.5,0.0067525,1173.9,2.1496e+09
172.6,0.0067484,1173.2,2.1496e+09
172.7,0.0067442,1172.4,2.1497e+09
172.8,0.00674,1171.7,2.1497e+09
172.9,0.0067359,1171,2.1497e+09
173,0.0067317,1170.3,2.1497e+09
173.1,0.0067275,1169.6,2.1497e+09
173.2,0.0067234,1168.8,2.1497e+09
173.3,0.0067192,1168.1,2.1497e+09
173.4,0.0067151,1167.4,2.1497e+09
173.5,0.0067109,1166.7,2.1497e+09
173.6,0.0067068,1166,2.1497e+09
173.7,0.0067026,1165.2,2.1497e+09
173.8,0.0066985,1164.5,2.1497e+09
173.9,0.0066944,1163.8,2.1497e+09
174,0.0066902,1163.1,2.1497e+09
174.1,0.0066861,1162.4,2.1497e+09
174.2,0.006682,1161.7,2.1497e+09
174.3,0.0066778,1160.9,2.1497e+09
174.4,0.0066737,1160.2,2.1497e+09
174.5,0.0066696,1159.5,2.1497e+09
174.6,0.0066655,1158.8,2.1497e+09
174.7,0.0066614,1158.1,2.1497e+09
174.8,0.0066573,1157.4,2.1497e+09
174.9,0.0066531,1156.7,2.1497e+09
175,0.006649,1155.9,2.1497e+09
175.1,0.0066449,1155.2,2.1497e+09
175.2,0.0066408,1154.5,2.1497e+09
175.3,0.0066367,1153.8,2.1497e+09
175.4,0.0066326,1153.1,2.1497e+09
175.5,0.0066285,1152.4,2.1497e+09
175.6,0.0066245,1151.7,2.1497e+09
175.7,0.0066204,1151,2.1497e+09
175.8,0.0066163,1150.3,2.1497e+09
175.9,0.0066122,1149.6,2.1497e+09
176,0.0066081,1148.9,2.1497e+09
176.1,0.006604,1148.1,2.1497e+09
176.2,0.0066,1147.4,2.1497e+09
176.3,0.0065959,1146.7,2.1497e+09
176.4,0.0065918,1146,2.1497e+09
176.5,0.0065878,1145.3,2.1497e+09
176.6,0.0065837,1144.6,2.1497e+09
176.7,0.0065796,1143.9,2.1497e+09
176.8,0.0065756,1143.2,2.1497e+09
176.9,0.0065715,1142.5,2.1497e+09
177,0.0065675,1141.8,2.1497e+09
177.1,0.0065634,1141.1,2.1497e+09
177.2,0.0065594,1140.4,2.1497e+09
177.3,0.0065553,1139.7,2.1498e+09
177.4,0.0065513,1139,2.1498e+09
177.5,0.0065473,1138.3,2.1498e+09
177.6,0.0065432,1137.6,2.1498e+09
177.7,0.0065392,1136.9,2.1498e+09
177.8,0.0065351,1136.2,2.1498e+09
177.9,0.0065311,1135.5,2.1498e+09
178,0.0065271,1134.8,2.1498e+09
178.1,0.0065231,1134.1,2.1498e+09
178.2,0.0065191,1133.4,2.1498e+09
178.3,0.006515,1132.7,2.1498e+09
178.4,0.006511,1132,2.1498e+09
178.5,0.006507,1131.3,2.1498e+09
178.6,0.006503,1130.6,2.1498e+09
178.7,0.006499,1129.9,2.1498e+09
178.8,0.006495,1129.2,2.1498e+09
178.9,0.006491,1128.5,2.1498e+09
179,0.006487,1127.8,2.1498e+09
179.1,0.006483,1127.1,2.1498e+09
179.2,0.006479,1126.5,2.1498e+09
179.3,0.006475,1125.8,2.1498e+09
179.4,0.006471,1125.1,2.1498e+09
179.5,0.006467,1124.4,2.1498e+09
179.6,0.006463,1123.7,2.1498e+09
179.7,0.0064591,1123,2.1498e+09
179.8,0.0064551,1122.3,2.1498e+09
179.9,0.0064511,1121.6,2.1498e+09
180,0.0064471,1120.9,2.1498e+09
180.1,0.0064432,1120.2,2.1498e+09
180.2,0.0064392,1119.6,2.1498e+09
180.3,0.0064352,1118.9,2.1498e+09
180.4,0.0064313,1118.2,2.1498e+09
180.5,0.0064273,1117.5,2.1498e+09
180.6,0.0064233,1116.8,2.1498e+09
180.7,0.0064194,1116.1,2.1498e+09
180.8,0.0064154,1115.4,2.1498e+09
180.9,0.0064115,1114.7,2.1498e+09
181,0.0064075,1114.1,2.1498e+09
181.1,0.0064036,1113.4,2.1498e+09
181.2,0.0063996,1112.7,2.1498e+09
181.3,0.0063957,1112,2.1498e+09
181.4,0.0063918,1111.3,2.1498e+09
181.5,0.0063878,1110.6,2.1498e+09
181.6,0.0063839,1110,2.1498e+09
181.7,0.00638,1109.3,2.1498e+09
181.8,0.006376,1108.6,2.1498e+09
181.9,0.0063721,1107.9,2.1498e+09
182,0.0063682,1107.2,2.1498e+09
182.1,0.0063643,1106.6,2.1498e+09
182.2,0.0063604,1105.9,2.1498e+09
182.3,0.0063565,1105.2,2.1498e+09
182.4,0.0063525,1104.5,2.1498e+09
182.5,0.0063486,1103.8,2.1498e+09
182.6,0.0063447,1103.2,2.1498e+09
182.7,0.0063408,1102.5,2.1498e+09
182.8,0.0063369,1101.8,2.1498e+09
182.9,0.006333,1101.1,2.1498e+09
183,0.0063291,1100.5,2.1498e+09
183.1,0.0063252,1099.8,2.1498e+09
183.2,0.0063213,1099.1,2.1498e+09
183.3,0.0063175,1098.4,2.1498e+09
183.4,0.0063136,1097.8,2.1498e+09
183.5,0.0063097,1097.1,2.1498e+09
183.6,0.0063058,1096.4,2.1498e+09
183.7,0.0063019,1095.7,2.1498e+09
183.8,0.006298,1095.1,2.1498e+09
183.9,0.0062942,1094.4,2.1498e+09
184,0.0062903,1093.7,2.1498e+09
184.1,0.0062864,1093.1,2.1498e+09
184.2,0.0062826,1092.4,2.1499e+09
184.3,0.0062787,1091.7,2.1499e+09
184.4,0.0062748,1091,2.1499e+09
184.5,0.006271,1090.4,2.1499e+09
184.6,0.0062671,1089.7,2.1499e+09
184.7,0.0062633,1089,2.1499e+09
184.8,0.0062594,1088.4,2.1499e+09
184.9,0.0062556,1087.7,2.1499e+09
185,0.0062517,1087,2.1499e+09
185.1,0.0062479,1086.4,2.1499e+09
185.2,0.006244,1085.7,2.1499e+09
185.3,0.0062402,1085,2.1499e+09
185.4,0.0062364,1084.4,2.1499e+09
185.5,0.0062325,1083.7,2.1499e+09
185.6,0.0062287,1083,2.1499e+09
185.7,0.0062249,1082.4,2.1499e+09
185.8,0.0062211,1081.7,2.1499e+09
185.9,0.0062172,1081,2.1499e+09
186,0.0062134,1080.4,2.1499e+09
186.1,0.0062096,1079.7,2.1499e+09
186.2,0.0062058,1079.1,2.1499e+09
186.3,0.006202,1078.4,2.1499e+09
186.4,0.0061982,1077.7,2.1499e+09
186.5,0.0061943,1077.1,2.1499e+09
186.6,0.0061905,1076.4,2.1499e+09
186.7,0.0061867,1075.8,2.1499e+09
186.8,0.0061829,1075.1,2.1499e+09
186.9,0.0061791,1074.4,2.1499e+09
187,0.0061753,1073.8,2.1499e+09
187.1,0.0061716,1073.1,2.1499e+09
187.2,0.0061678,1072.5,2.1499e+09
187.3,0.006164,1071.8,2.1499e+09
187.4,0.0061602,1071.1,2.1499e+09
187.5,0.0061564,1070.5,2.1499e+09
187.6,0.0061526,1069.8,2.1499e+09
187.7,0.0061488,1069.2,2.1499e+09
187.8,0.0061451,1068.5,2.1499e+09
187.9,0.0061413,1067.9,2.1499e+09
188,0.0061375,1067.2,2.1499e+09
188.1,0.0061338,1066.6,2.1499e+09
188.2,0.00613,1065.9,2.1499e+09
188.3,0.0061262,1065.3,2.1499e+09
188.4,0.0061225,1064.6,2.1499e+09
188.5,0.0061187,1063.9,2.1499e+09
188.6,0.0061149,1063.3,2.1499e+09
188.7,0.0061112,1062.6,2.1499e+09
188.8,0.0061074,1062,2.1499e+09
188.9,0.0061037,1061.3,2.1499e+09
189,0.0060999,1060.7,2.1499e+09
189.1,0.0060962,1060,2.1499e+09
189.2,0.0060925,1059.4,2.1499e+09
189.3,0.0060887,1058.7,2.1499e+09
189.4,0.006085,1058.1,2.1499e+09
189.5,0.0060812,1057.4,2.1499e+09
189.6,0.0060775,1056.8,2.1499e+09
189.7,0.0060738,1056.2,2.1499e+09
189.8,0.0060701,1055.5,2.1499e+09
189.9,0.0060663,1054.9,2.1499e+09
190,0.0060626,1054.2,2.1499e+09
190.1,0.0060589,1053.6,2.1499e+09
190.2,0.0060552,1052.9,2.1499e+09
190.3,0.0060515,1052.3,2.1499e+09
190.4,0.0060477,1051.6,2.1499e+09
190.5,0.006044,1051,2.1499e+09
190.6,0.0060403,1050.3,2.1499e+09
190.7,0.0060366,1049.7,2.1499e+09
190.8,0.0060329,1049.1,2.1499e+09
190.9,0.0060292,1048.4,2.1499e+09
191,0.0060255,1047.8,2.1499e+09
191.1,0.0060218,1047.1,2.1499e+09
191.2,0.0060181,1046.5,2.1499e+09
191.3,0.0060144,1045.9,2.1499e+09
191.4,0.0060107,1045.2,2.1499e+09
191.5,0.0060071,1044.6,2.1499e+09
191.6,0.0060034,1043.9,2.1499e+09
191.7,0.0059997,1043.3,2.1499e+09
191.8,0.005996,1042.7,2.1499e+09
191.9,0.0059923,1042,2.1499e+09
192,0.0059887,1041.4,2.1499e+09
192.1,0.005985,1040.7,2.1499e+09
192.2,0.0059813,1040.1,2.1499e+09
192.3,0.0059777,1039.5,2.1499e+09
192.4,0.005974,1038.8,2.1499e+09
192.5,0.0059703,1038.2,2.1499e+09
192.6,0.0059667,1037.6,2.1499e+09
192.7,0.005963,1036.9,2.1499e+09
192.8,0.0059594,1036.3,2.1499e+09
192.9,0.0059557,1035.7,2.1499e+09
193,0.0059521,1035,2.1499e+09
193.1,0.0059484,1034.4,2.1499e+09
193.2,0.0059448,1033.8,2.1499e+09
193.3,0.0059411,1033.1,2.1499e+09
193.4,0.0059375,1032.5,2.1499e+09
193.5,0.0059338,1031.9,2.1499e+09
193.6,0.0059302,1031.2,2.1499e+09
193.7,0.0059266,1030.6,2.1499e+09
193.8,0.0059229,1030,2.1499e+09
193.9,0.0059193,1029.3,2.1499e+09
194,0.0059157,1028.7,2.1499e+09
194.1,0.0059121,1028.1,2.1499e+09
194.2,0.0059084,1027.5,2.1499e+09
194.3,0.0059048,1026.8,2.1499e+09
194.4,0.0059012,1026.2,2.1499e+09
194.5,0.0058976,1025.6,2.1499e+09
194.6,0.005894,1025,2.1499e+09
194.7,0.0058904,1024.3,2.1499e+09
194.8,0.0058868,1023.7,2.1499e+09
194.9,0.0058831,1023.1,2.1499e+09
195,0.0058795,1022.4,2.1499e+09
195.1,0.0058759,1021.8,2.1499e+09
195.2,0.0058723,1021.2,2.1499e+09
195.3,0.0058687,1020.6,2.1499e+09
195.4,0.0058652,1020,2.1499e+09
195.5,0.0058616,1019.3,2.1499e+09
195.6,0.005858,1018.7,2.1499e+09
195.7,0.0058544,1018.1,2.1499e+09
195.8,0.0058508,1017.5,2.1499e+09
195.9,0.0058472,1016.8,2.1499e+09
196,0.0058436,1016.2,2.1499e+09
196.1,0.0058401,1015.6,2.1499e+09
196.2,0.0058365,1015,2.1499e+09
196.3,0.0058329,1014.4,2.1499e+09
196.4,0.0058293,1013.7,2.1499e+09
196.5,0.0058258,1013.1,2.1499e+09
196.6,0.0058222,1012.5,2.1499e+09
196.7,0.0058186,1011.9,2.1499e+09
196.8,0.0058151,1011.3,2.1499e+09
196.9,0.0058115,1010.6,2.1499e+09
197,0.005808,1010,2.1499e+09
197.1,0.0058044,1009.4,2.1499e+09
197.2,0.0058009,1008.8,2.1499e+09
197.3,0.0057973,1008.2,2.1499e+09
197.4,0.0057938,1007.6,2.1499e+09
197.5,0.0057902,1006.9,2.1499e+09
197.6,0.0057867,1006.3,2.1499e+09
197.7,0.0057831,1005.7,2.1499e+09
197.8,0.0057796,1005.1,2.1499e+09
197.9,0.0057761,1004.5,2.1499e+09
198,0.0057725,1003.9,2.1499e+09
198.1,0.005769,1003.3,2.1499e+09
198.2,0.0057655,1002.7,2.1499e+09
198.3,0.0057619,1002,2.1499e+09
198.4,0.0057584,1001.4,2.1499e+09
198.5,0.0057549,1000.8,2.1499e+09
198.6,0.0057514,1000.2,2.1499e+09
198.7,0.0057479,999.6,2.1499e+09
198.8,0.0057443,998.99,2.1499e+09
198.9,0.0057408,998.38,2.1499e+09
199,0.0057373,997.77,2.1499e+09
199.1,0.0057338,997.16,2.1499e+09
199.2,0.0057303,996.55,2.15e+09
199.3,0.0057268,995.94,2.15e+09
199.4,0.0057233,995.33,2.15e+09
199.5,0.0057198,994.73,2.15e+09
199.6,0.0057163,994.12,2.15e+09
199.7,0.0057128,993.51,2.15e+09
199.8,0.0057093,992.91,2.15e+09
199.9,0.0057058,992.3,2.15e+09
200,0.0057023,991.7,2.15e+09
