0,1e+07,4000,1e+06
0.1,9.8216e+06,4023.2,9.7453e+05
0.2,9.6464e+06,4045.9,9.4956e+05
0.3,9.4742e+06,4068.1,9.251e+05
0.4,9.3052e+06,4089.8,9.0113e+05
0.5,9.1392e+06,4111.2,8.7764e+05
0.6,8.9761e+06,4132,8.5461e+05
0.7,8.816e+06,4152.5,8.3205e+05
0.8,8.6587e+06,4172.5,8.0994e+05
0.9,8.5042e+06,4192.1,7.8827e+05
1,8.3525e+06,4211.3,7.6703e+05
1.1,8.2035e+06,4230,7.4622e+05
1.2,8.0571e+06,4248.4,7.2583e+05
1.3,7.9134e+06,4266.4,7.0585e+05
1.4,7.7722e+06,4284,6.8627e+05
1.5,7.6335e+06,4301.3,6.6709e+05
1.6,7.4973e+06,4318.2,6.483e+05
1.7,7.3635e+06,4334.7,6.2989e+05
1.8,7.2322e+06,4350.8,6.1186e+05
1.9,7.1031e+06,4366.6,5.9421e+05
2,6.9764e+06,4382.1,5.7691e+05
2.1,6.8519e+06,4397.2,5.5998e+05
2.2,6.7297e+06,4412,5.4341e+05
2.3,6.6096e+06,4426.5,5.2718e+05
2.4,6.4917e+06,4440.6,5.113e+05
2.5,6.3759e+06,4454.5,4.9577e+05
2.6,6.2621e+06,4468,4.8057e+05
2.7,6.1504e+06,4481.2,4.6571e+05
2.8,6.0407e+06,4494.2,4.512e+05
2.9,5.9329e+06,4506.8,4.3702e+05
3,5.827e+06,4519.2,4.2316e+05
3.1,5.7231e+06,4531.2,4.096e+05
3.2,5.621e+06,4543,3.9635e+05
3.3,5.5207e+06,4554.6,3.8341e+05
3.4,5.4222e+06,4565.8,3.7078e+05
3.5,5.3254e+06,4576.8,3.5844e+05
3.6,5.2304e+06,4587.6,3.464e+05
3.7,5.1371e+06,4598.1,3.3465e+05
3.8,5.0454e+06,4608.3,3.2319e+05
3.9,4.9554e+06,4618.3,3.1202e+05
4,4.867e+06,4628.1,3.0113e+05
4.1,4.7802e+06,4637.6,2.9052e+05
4.2,4.6949e+06,4646.9,2.8019e+05
4.3,4.6111e+06,4656,2.7013e+05
4.4,4.5289e+06,4664.9,2.6035e+05
4.5,4.4481e+06,4673.5,2.5083e+05
4.6,4.3687e+06,4681.9,2.4157e+05
4.7,4.2908e+06,4690.1,2.3258e+05
4.8,4.2142e+06,4698.1,2.2384e+05
4.9,4.139e+06,4706,2.1535e+05
5,4.0652e+06,4713.6,2.0711e+05
5.1,3.9926e+06,4721,1.9912e+05
5.2,3.9214e+06,4728.2,1.9137e+05
5.3,3.8514e+06,4735.2,1.8387e+05
5.4,3.7827e+06,4742.1,1.7659e+05
5.5,3.7152e+06,4748.7,1.6955e+05
5.6,3.649e+06,4755.2,1.6273e+05
5.7,3.5838e+06,4761.5,1.5612e+05
5.8,3.5199e+06,4767.7,1.4974e+05
5.9,3.4571e+06,4773.6,1.4357e+05
6,3.3954e+06,4779.4,1.376e+05
6.1,3.3348e+06,4785.1,1.3184e+05
6.2,3.2753e+06,4790.6,1.2628e+05
6.3,3.2169e+06,4795.9,1.2092e+05
6.4,3.1595e+06,4801.1,1.1574e+05
6.5,3.1031e+06,4806.1,1.1075e+05
6.6,3.0478e+06,4811,1.0594e+05
6.7,2.9934e+06,4815.7,1.0131e+05
6.8,2.94e+06,4820.3,96857
6.9,2.8875e+06,4824.7,92567
7,2.836e+06,4829,88442
7.1,2.7854e+06,4833.2,84475
7.2,2.7357e+06,4837.2,80663
7.3,2.6869e+06,4841.1,77002
7.4,2.639e+06,4844.9,73486
7.5,2.5919e+06,4848.5,70112
7.6,2.5457e+06,4852.1,66874
7.7,2.5002e+06,4855.5,63770
7.8,2.4556e+06,4858.8,60795
7.9,2.4118e+06,4861.9,57944
8,2.3688e+06,4865,55213
8.1,2.3265e+06,4867.9,52598
8.2,2.285e+06,4870.8,50095
8.3,2.2442e+06,4873.5,47700
8.4,2.2042e+06,4876.1,45410
8.5,2.1649e+06,4878.6,43220
8.6,2.1263e+06,4881,41127
8.7,2.0883e+06,4883.3,39127
8.8,2.0511e+06,4885.5,37217
8.9,2.0145e+06,4887.6,35394
9,1.9785e+06,4889.7,33653
9.1,1.9432e+06,4891.6,31992
9.2,1.9086e+06,4893.4,30407
9.3,1.8745e+06,4895.1,28896
9.4,1.8411e+06,4896.8,27455
9.5,1.8082e+06,4898.4,26082
9.6,1.776e+06,4899.8,24774
9.7,1.7443e+06,4901.2,23528
9.8,1.7131e+06,4902.5,22341
9.9,1.6826e+06,4903.8,21211
10,1.6526e+06,4904.9,20135
10.1,1.6231e+06,4906,19111
10.2,1.5941e+06,4907,18137
10.3,1.5657e+06,4907.9,17210
10.4,1.5377e+06,4908.7,16329
10.5,1.5103e+06,4909.5,15491
10.6,1.4834e+06,4910.2,14695
10.7,1.4569e+06,4910.8,13938
10.8,1.4309e+06,4911.4,13218
10.9,1.4054e+06,4911.9,12535
11,1.3803e+06,4912.3,11885
11.1,1.3557e+06,4912.7,11269
11.2,1.3315e+06,4913,10683
11.3,1.3077e+06,4913.2,10127
11.4,1.2844e+06,4913.4,9599.1
11.5,1.2615e+06,4913.5,9098
11.6,1.239e+06,4913.6,8622.5
11.7,1.2169e+06,4913.6,8171.2
11.8,1.1952e+06,4913.5,7743.1
11.9,1.1738e+06,4913.4,7336.9
12,1.1529e+06,4913.2,6951.6
12.1,1.1323e+06,4913,6586.2
12.2,1.1121e+06,4912.7,6239.6
12.3,1.0923e+06,4912.4,5911
12.4,1.0728e+06,4912,5599.5
12.5,1.0536e+06,4911.6,5304.1
12.6,1.0349e+06,4911.1,5024.1
12.7,1.0164e+06,4910.6,4758.7
12.8,9.9825e+05,4910,4507.1
12.9,9.8044e+05,4909.4,4268.7
13,9.6295e+05,4908.7,4042.8
13.1,9.4577e+05,4908,3828.7
13.2,9.289e+05,4907.3,3625.9
13.3,9.1232e+05,4906.5,3433.7
13.4,8.9605e+05,4905.7,3251.6
13.5,8.8006e+05,4904.8,3079.2
13.6,8.6436e+05,4903.9,2915.8
13.7,8.4894e+05,4902.9,2761.1
13.8,8.3379e+05,4901.9,2614.5
13.9,8.1891e+05,4900.9,2475.7
14,8.043e+05,4899.8,2344.2
14.1,7.8995e+05,4898.7,2219.7
14.2,7.7586e+05,4897.5,2101.9
14.3,7.6202e+05,4896.3,1990.2
14.4,7.4842e+05,4895.1,1884.5
14.5,7.3507e+05,4893.9,1784.4
14.6,7.2195e+05,4892.6,1689.6
14.7,7.0907e+05,4891.3,1599.9
14.8,6.9642e+05,4889.9,1515
14.9,6.84e+05,4888.5,1434.5
15,6.7179e+05,4887.1,1358.4
15.1,6.5981e+05,4885.7,1286.3
15.2,6.4804e+05,4884.2,1218
15.3,6.3647e+05,4882.7,1153.4
15.4,6.2512e+05,4881.2,1092.3
15.5,6.1396e+05,4879.6,1034.4
15.6,6.0301e+05,4878,979.54
15.7,5.9225e+05,4876.4,927.64
15.8,5.8169e+05,4874.8,878.52
15.9,5.7131e+05,4873.1,832.02
16,5.6111e+05,4871.4,788
16.1,5.511e+05,4869.7,746.33
16.2,5.4127e+05,4867.9,706.89
16.3,5.3161e+05,4866.2,669.55
16.4,5.2213e+05,4864.4,634.2
16.5,5.1281e+05,4862.6,600.74
16.6,5.0366e+05,4860.7,569.06
16.7,4.9468e+05,4858.9,539.07
16.8,4.8585e+05,4857,510.68
16.9,4.7718e+05,4855.1,483.81
17,4.6867e+05,4853.1,458.37
17.1,4.6031e+05,4851.2,434.28
17.2,4.521e+05,4849.2,411.48
17.3,4.4403e+05,4847.2,389.89
17.4,4.3611e+05,4845.2,369.45
17.5,4.2833e+05,4843.2,350.1
17.6,4.2068e+05,4841.2,331.78
17.7,4.1318e+05,4839.1,314.44
17.8,4.0581e+05,4837,298.01
17.9,3.9857e+05,4834.9,282.46
18,3.9146e+05,4832.8,267.74
18.1,3.8447e+05,4830.7,253.79
18.2,3.7761e+05,4828.5,240.59
18.3,3.7087e+05,4826.4,228.09
18.4,3.6426e+05,4824.2,216.25
18.5,3.5776e+05,4822,205.03
18.6,3.5138e+05,4819.8,194.41
18.7,3.4511e+05,4817.6,184.36
18.8,3.3895e+05,4815.3,174.83
18.9,3.329e+05,4813.1,165.81
19,3.2696e+05,4810.8,157.26
19.1,3.2113e+05,4808.5,149.17
19.2,3.154e+05,4806.2,141.5
19.3,3.0977e+05,4803.9,134.24
19.4,3.0425e+05,4801.6,127.36
19.5,2.9882e+05,4799.2,120.84
19.6,2.9349e+05,4796.9,114.66
19.7,2.8825e+05,4794.5,108.81
19.8,2.8311e+05,4792.2,103.27
19.9,2.7806e+05,4789.8,98.011
20,2.731e+05,4787.4,93.032
20.1,2.6822e+05,4785,88.314
20.2,2.6344e+05,4782.6,83.842
20.3,2.5874e+05,4780.1,79.604
20.4,2.5412e+05,4777.7,75.587
20.5,2.4959e+05,4775.2,71.78
20.6,2.4513e+05,4772.8,68.171
20.7,2.4076e+05,4770.3,64.75
20.8,2.3646e+05,4767.8,61.506
20.9,2.3225e+05,4765.3,58.431
21,2.281e+05,4762.8,55.515
21.1,2.2403e+05,4760.3,52.751
21.2,2.2004e+05,4757.8,50.129
21.3,2.1611e+05,4755.3,47.643
21.4,2.1225e+05,4752.8,45.285
21.5,2.0847e+05,4750.2,43.049
21.6,2.0475e+05,4747.7,40.928
21.7,2.0109e+05,4745.1,38.916
21.8,1.9751e+05,4742.6,37.007
21.9,1.9398e+05,4740,35.196
22,1.9052e+05,4737.4,33.478
22.1,1.8712e+05,4734.8,31.848
22.2,1.8378e+05,4732.2,30.301
22.3,1.8051e+05,4729.6,28.832
22.4,1.7728e+05,4727,27.439
22.5,1.7412e+05,4724.4,26.117
22.6,1.7102e+05,4721.8,24.861
22.7,1.6796e+05,4719.1,23.669
22.8,1.6497e+05,4716.5,22.538
22.9,1.6202e+05,4713.9,21.464
23,1.5913e+05,4711.2,20.444
23.1,1.5629e+05,4708.6,19.475
23.2,1.5351e+05,4705.9,18.555
23.3,1.5077e+05,4703.3,17.681
23.4,1.4808e+05,4700.6,16.851
23.5,1.4544e+05,4697.9,16.063
23.6,1.4284e+05,4695.2,15.314
23.7,1.4029e+05,4692.6,14.602
23.8,1.3779e+05,4689.9,13.926
23.9,1.3533e+05,4687.2,13.283
24,1.3292e+05,4684.5,12.672
24.1,1.3054e+05,4681.8,12.092
24.2,1.2822e+05,4679.1,11.54
24.3,1.2593e+05,4676.4,11.015
24.4,1.2368e+05,4673.7,10.516
24.5,1.2147e+05,4670.9,10.042
24.6,1.1931e+05,4668.2,9.5903
24.7,1.1718e+05,4665.5,9.1612
24.8,1.1509e+05,4662.8,8.753
24.9,1.1303e+05,4660,8.3646
25,1.1102e+05,4657.3,7.9952
25.1,1.0904e+05,4654.6,7.6436
25.2,1.0709e+05,4651.8,7.3091
25.3,1.0518e+05,4649.1,6.9907
25.4,1.033e+05,4646.3,6.6876
25.5,1.0146e+05,4643.6,6.3991
25.6,99651,4640.8,6.1244
25.7,97873,4638,5.8629
25.8,96127,4635.3,5.6138
25.9,94412,4632.5,5.3766
26,92727,4629.8,5.1507
26.1,91073,4627,4.9354
26.2,89448,4624.2,4.7304
26.3,87852,4621.4,4.535
26.4,86285,4618.7,4.3488
26.5,84745,4615.9,4.1713
26.6,83233,4613.1,4.0021
26.7,81748,4610.3,3.8409
26.8,80290,4607.5,3.6871
26.9,78857,4604.7,3.5405
27,77450,4602,3.4007
27.1,76069,4599.2,3.2673
27.2,74711,4596.4,3.1401
27.3,73378,4593.6,3.0187
27.4,72069,4590.8,2.9029
27.5,70783,4588,2.7924
27.6,69521,4585.2,2.6869
27.7,68280,4582.4,2.5863
27.8,67062,4579.6,2.4902
27.9,65866,4576.8,2.3984
28,64690,4574,2.3108
28.1,63536,4571.2,2.2272
28.2,62403,4568.4,2.1473
28.3,61289,4565.6,2.071
28.4,60196,4562.8,1.9981
28.5,59122,4559.9,1.9285
28.6,58067,4557.1,1.8619
28.7,57031,4554.3,1.7984
28.8,56013,4551.5,1.7376
28.9,55014,4548.7,1.6796
29,54033,4545.9,1.6241
29.1,53069,4543.1,1.571
29.2,52122,4540.3,1.5203
29.3,51192,4537.4,1.4718
29.4,50278,4534.6,1.4255
29.5,49381,4531.8,1.3812
29.6,48500,4529,1.3388
29.7,47635,4526.2,1.2983
29.8,46785,4523.4,1.2596
29.9,45950,4520.5,1.2225
30,45131,4517.7,1.1871
30.1,44325,4514.9,1.1533
30.2,43535,4512.1,1.1209
30.3,42758,4509.3,1.0899
30.4,41995,4506.4,1.0603
30.5,41246,4503.6,1.032
30.6,40510,4500.8,1.005
30.7,39787,4498,0.97933
30.8,39077,4495.2,0.95488
30.9,38380,4492.3,0.93152
31,37695,4489.5,0.9092
31.1,37023,4486.7,0.88787
31.2,36362,4483.9,0.86751
31.3,35713,4481.1,0.84808
31.4,35076,4478.3,0.82953
31.5,34450,4475.4,0.81184
31.6,33836,4472.6,0.79497
31.7,33232,4469.8,0.77891
31.8,32639,4467,0.76361
31.9,32057,4464.2,0.74905
32,31485,4461.4,0.7352
32.1,30923,4458.5,0.72205
32.2,30371,4455.7,0.70957
32.3,29830,4452.9,0.69774
32.4,29297,4450.1,0.68654
32.5,28775,4447.3,0.67596
32.6,28261,4444.5,0.66597
32.7,27757,4441.6,0.65655
32.8,27262,4438.8,0.64771
32.9,26775,4436,0.63941
33,26298,4433.2,0.63165
33.1,25829,4430.4,0.62443
33.2,25368,4427.6,0.61771
33.3,24915,4424.8,0.61151
33.4,24471,4422,0.60581
33.5,24034,4419.2,0.6006
33.6,23605,4416.4,0.59588
33.7,23184,4413.5,0.59163
33.8,22770,4410.7,0.58787
33.9,22364,4407.9,0.58458
34,21965,4405.1,0.58177
34.1,21573,4402.3,0.57942
34.2,21188,4399.5,0.57755
34.3,20810,4396.7,0.57616
34.4,20439,4393.9,0.57524
34.5,20074,4391.1,0.5748
34.6,19716,4388.3,0.57484
34.7,19364,4385.5,0.57538
34.8,19019,4382.7,0.57641
34.9,18680,4379.9,0.57795
35,18346,4377.1,0.58001
35.1,18019,4374.3,0.5826
35.2,17698,4371.5,0.58573
35.3,17382,4368.7,0.58942
35.4,17072,4365.9,0.59368
35.5,16767,4363.2,0.59854
35.6,16468,4360.4,0.60401
35.7,16174,4357.6,0.61012
35.8,15886,4354.8,0.61689
35.9,15602,4352,0.62435
36,15324,4349.2,0.63253
36.1,15050,4346.4,0.64146
36.2,14782,4343.6,0.65118
36.3,14518,4340.9,0.66173
36.4,14259,4338.1,0.67316
36.5,14005,4335.3,0.6855
36.6,13755,4332.5,0.69882
36.7,13509,4329.7,0.71316
36.8,13268,4327,0.72859
36.9,13032,4324.2,0.74517
37,12799,4321.4,0.76298
37.1,12571,4318.6,0.78209
37.2,12347,4315.9,0.80259
37.3,12126,4313.1,0.82458
37.4,11910,4310.3,0.84816
37.5,11697,4307.6,0.87343
37.6,11489,4304.8,0.90053
37.7,11284,4302,0.92958
37.8,11082,4299.3,0.96073
37.9,10885,4296.5,0.99414
38,10690,4293.7,1.0294
38.1,10500,4291,1.0671
38.2,10312,4288.2,1.1075
38.3,10128,4285.4,1.1509
38.4,9947.7,4282.7,1.1974
38.5,9770.2,4279.9,1.2475
38.6,9595.9,4277.2,1.3012
38.7,9424.7,4274.4,1.3591
38.8,9256.6,4271.7,1.4213
38.9,9091.4,4268.9,1.4883
39,8929.2,4266.2,1.5606
39.1,8769.9,4263.4,1.6385
39.2,8613.4,4260.7,1.7226
39.3,8459.7,4257.9,1.8135
39.4,8308.8,4255.2,1.9118
39.5,8160.6,4252.4,2.0181
39.6,8015,4249.7,2.1333
39.7,7872,4247,2.2582
39.8,7731.5,4244.2,2.3937
39.9,7593.6,4241.5,2.541
40,7458.1,4238.7,2.7011
40.1,7325,4236,2.8754
40.2,7194.3,4233.3,3.0653
40.3,7066,4230.5,3.2726
40.4,6939.9,4227.8,3.4989
40.5,6816.1,4225.1,3.7463
40.6,6694.5,4222.4,4.0172
40.7,6575.1,4219.6,4.314
40.8,6457.7,4216.9,4.6397
40.9,6342.5,4214.2,4.9974
41,6229.4,4211.5,5.3909
41.1,6118.2,4208.7,5.8242
41.2,6009.1,4206,6.3019
41.3,5901.9,4203.3,6.8293
41.4,5796.6,4200.6,7.4122
41.5,5693.1,4197.9,8.0574
41.6,5591.6,4195.2,8.7725
41.7,5491.8,4192.5,9.566
41.8,5393.8,4189.7,10.448
41.9,5297.6,4187,11.429
42,5203.1,4184.3,12.523
42.1,5110.2,4181.6,13.743
42.2,5019.1,4178.9,15.106
42.3,4929.5,4176.2,16.632
42.4,4841.6,4173.5,18.342
42.5,4755.2,4170.8,20.261
42.6,4670.3,4168.1,22.419
42.7,4587,4165.4,24.847
42.8,4505.2,4162.7,27.586
42.9,4424.8,4160,30.678
43,4345.9,4157.3,34.176
43.1,4268.3,4154.7,38.138
43.2,4192.2,4152,42.636
43.3,4117.4,4149.3,47.748
43.4,4043.9,4146.6,53.57
43.5,3971.8,4143.9,60.212
43.6,3900.9,4141.2,67.803
43.7,3831.3,4138.6,76.497
43.8,3762.9,4135.9,86.473
43.9,3695.8,4133.2,97.943
44,3629.9,4130.5,111.16
44.1,3565.1,4127.8,126.43
44.2,3501.5,4125.2,144.1
44.3,3439,4122.5,164.62
44.4,3377.7,4119.8,188.49
44.5,3317.4,4117.2,216.37
44.6,3258.2,4114.5,249.01
44.7,3200.1,4111.8,287.38
44.8,3143,4109.2,332.64
44.9,3086.9,4106.5,386.27
45,3031.8,4103.9,450.09
45.1,2977.7,4101.2,526.46
45.2,2924.6,4098.6,618.4
45.3,2872.4,4095.9,729.89
45.4,2821.2,4093.3,866.17
45.5,2770.9,4090.6,1034.2
45.6,2721.4,4088,1243.9
45.7,2672.9,4085.3,1508.8
45.8,2625.2,4082.7,1849.1
45.9,2578.3,4080,2294.6
46,2532.3,4077.4,2891.2
46.1,2487.2,4074.8,3714.4
46.2,2442.8,4072.2,4890.4
46.3,2399.2,4069.6,6628.4
46.4,2356.4,4067,9131.5
46.5,2314.4,4064.4,12600
46.6,2273.1,4061.8,17391
46.7,2232.5,4059.2,24005
46.8,2192.7,4056.6,33132
46.9,2153.6,4054,45728
47,2115.1,4051.4,63107
47.1,2077.4,4048.8,87079
47.2,2040.3,4046.2,1.2014e+05
47.3,2003.9,4043.7,1.657e+05
47.4,1968.2,4041.1,2.2846e+05
47.5,1933.1,4038.5,3.1484e+05
47.6,1898.6,4035.9,4.336e+05
47.7,1864.7,4033.3,5.9661e+05
47.8,1831.4,4030.8,8.1989e+05
47.9,1798.8,4028.2,1.1248e+06
48,1766.7,4025.6,1.5398e+06
48.1,1735.2,4023,2.1014e+06
48.2,1704.2,4020.5,2.8566e+06
48.3,1673.8,4017.9,3.8631e+06
48.4,1643.9,4015.3,5.19e+06
48.5,1614.6,4012.8,6.9158e+06
48.6,1585.8,4010.2,9.1242e+06
48.7,1557.5,4007.6,1.1898e+07
48.8,1529.7,4005.1,1.5311e+07
48.9,1502.4,4002.5,1.942e+07
49,1475.6,4000,2.4258e+07
49.1,1449.3,3997.4,2.9835e+07
49.2,1423.4,3994.9,3.6135e+07
49.3,1398,3992.3,4.3123e+07
49.4,1373.1,3989.8,5.0752e+07
49.5,1348.6,3987.2,5.8965e+07
49.6,1324.5,3984.7,6.7705e+07
49.7,1300.9,3982.1,7.6912e+07
49.8,1277.7,3979.6,8.6532e+07
49.9,1254.9,3977,9.6513e+07
50,1232.5,3974.5,1.0681e+08
50.1,1210.5,3971.9,1.1738e+08
50.2,1188.9,3969.4,1.2818e+08
50.3,1167.7,3966.9,1.3918e+08
50.4,1146.9,3964.3,1.5036e+08
50.5,1126.4,3961.8,1.6168e+08
50.6,1106.3,3959.3,1.7313e+08
50.7,1086.6,3956.7,1.8469e+08
50.8,1067.2,3954.2,1.9633e+08
50.9,1048.2,3951.7,2.0804e+08
51,1029.5,3949.2,2.1981e+08
51.1,1011.1,3946.6,2.3162e+08
51.2,993.05,3944.1,2.4347e+08
51.3,975.33,3941.6,2.5534e+08
51.4,957.93,3939.1,2.6723e+08
51.5,940.84,3936.6,2.7913e+08
51.6,924.05,3934,2.9103e+08
51.7,907.57,3931.5,3.0293e+08
51.8,891.37,3929,3.1481e+08
51.9,875.47,3926.5,3.2668e+08
52,859.85,3924,3.3853e+08
52.1,844.51,3921.5,3.5035e+08
52.2,829.44,3919,3.6215e+08
52.3,814.65,3916.5,3.7392e+08
52.4,800.11,3914,3.8565e+08
52.5,785.84,3911.5,3.9734e+08
52.6,771.82,3909,4.09e+08
52.7,758.05,3906.5,4.2061e+08
52.8,744.52,3904,4.3218e+08
52.9,731.24,3901.5,4.4371e+08
53,718.19,3899,4.5518e+08
53.1,705.38,3896.5,4.6661e+08
53.2,692.8,3894,4.7799e+08
53.3,680.44,3891.5,4.8932e+08
53.4,668.3,3889,5.0059e+08
53.5,656.37,3886.5,5.1181e+08
53.6,644.66,3884.1,5.2298e+08
53.7,633.16,3881.6,5.3409e+08
53.8,621.87,3879.1,5.4514e+08
53.9,610.77,3876.6,5.5614e+08
54,599.87,3874.1,5.6708e+08
54.1,589.17,3871.7,5.7796e+08
54.2,578.66,3869.2,5.8878e+08
54.3,568.34,3866.7,5.9954e+08
54.4,558.2,3864.2,6.1025e+08
54.5,548.24,3861.8,6.2089e+08
54.6,538.46,3859.3,6.3147e+08
54.7,528.85,3856.8,6.42e+08
54.8,519.42,3854.4,6.5246e+08
54.9,510.15,3851.9,6.6286e+08
55,501.05,3849.5,6.732e+08
55.1,492.11,3847,6.8348e+08
55.2,483.33,3844.5,6.937e+08
55.3,474.71,3842.1,7.0386e+08
55.4,466.24,3839.6,7.1395e+08
55.5,457.92,3837.2,7.2399e+08
55.6,449.75,3834.7,7.3396e+08
55.7,441.73,3832.3,7.4387e+08
55.8,433.84,3829.8,7.5372e+08
55.9,426.1,3827.4,7.6351e+08
56,418.5,3824.9,7.7324e+08
56.1,411.04,3822.5,7.8291e+08
56.2,403.7,3820,7.9252e+08
56.3,396.5,3817.6,8.0207e+08
56.4,389.43,3815.2,8.1155e+08
56.5,382.48,3812.7,8.2098e+08
56.6,375.66,3810.3,8.3034e+08
56.7,368.95,3807.8,8.3965e+08
56.8,362.37,3805.4,8.4889e+08
56.9,355.91,3803,8.5808e+08
57,349.56,3800.5,8.672e+08
57.1,343.32,3798.1,8.7627e+08
57.2,337.2,3795.7,8.8528e+08
57.3,331.18,3793.3,8.9423e+08
57.4,325.27,3790.8,9.0312e+08
57.5,319.47,3788.4,9.1195e+08
57.6,313.77,3786,9.2072e+08
57.7,308.17,3783.6,9.2944e+08
57.8,302.67,3781.2,9.381e+08
57.9,297.27,3778.7,9.467e+08
58,291.97,3776.3,9.5524e+08
58.1,286.76,3773.9,9.6373e+08
58.2,281.65,3771.5,9.7216e+08
58.3,276.62,3769.1,9.8053e+08
58.4,271.69,3766.7,9.8885e+08
58.5,266.84,3764.3,9.9711e+08
58.6,262.08,3761.9,1.0053e+09
58.7,257.4,3759.5,1.0135e+09
58.8,252.81,3757.1,1.0216e+09
58.9,248.3,3754.7,1.0296e+09
59,243.87,3752.3,1.0376e+09
59.1,239.52,3749.9,1.0455e+09
59.2,235.25,3747.5,1.0534e+09
59.3,231.05,3745.1,1.0612e+09
59.4,226.93,3742.7,1.069e+09
59.5,222.88,3740.3,1.0767e+09
59.6,218.9,3737.9,1.0844e+09
59.7,215,3735.5,1.092e+09
59.8,211.16,3733.1,1.0996e+09
59.9,207.4,3730.7,1.1071e+09
60,203.7,3728.4,1.1145e+09
60.1,200.06,3726,1.1219e+09
60.2,196.49,3723.6,1.1293e+09
60.3,192.99,3721.2,1.1366e+09
60.4,189.55,3718.8,1.1439e+09
60.5,186.16,3716.5,1.1511e+09
60.6,182.84,3714.1,1.1582e+09
60.7,179.58,3711.7,1.1653e+09
60.8,176.38,3709.3,1.1724e+09
60.9,173.23,3707,1.1794e+09
61,170.14,3704.6,1.1863e+09
61.1,167.11,3702.2,1.1933e+09
61.2,164.12,3699.9,1.2001e+09
61.3,161.2,3697.5,1.2069e+09
61.4,158.32,3695.1,1.2137e+09
61.5,155.5,3692.8,1.2204e+09
61.6,152.72,3690.4,1.2271e+09
61.7,150,3688.1,1.2337e+09
61.8,147.32,3685.7,1.2403e+09
61.9,144.69,3683.4,1.2468e+09
62,142.11,3681,1.2533e+09
62.1,139.58,3678.7,1.2598e+09
62.2,137.09,3676.3,1.2662e+09
62.3,134.64,3674,1.2725e+09
62.4,132.24,3671.6,1.2788e+09
62.5,129.88,3669.3,1.2851e+09
62.6,127.56,3666.9,1.2913e+09
62.7,125.29,3664.6,1.2975e+09
62.8,123.05,3662.2,1.3036e+09
62.9,120.86,3659.9,1.3097e+09
63,118.7,3657.6,1.3158e+09
63.1,116.59,3655.2,1.3218e+09
63.2,114.51,3652.9,1.3277e+09
63.3,112.46,3650.5,1.3337e+09
63.4,110.46,3648.2,1.3396e+09
63.5,108.49,3645.9,1.3454e+09
63.6,106.55,3643.6,1.3512e+09
63.7,104.65,3641.2,1.3569e+09
63.8,102.78,3638.9,1.3627e+09
63.9,100.95,3636.6,1.3683e+09
64,99.15,3634.3,1.374e+09
64.1,97.381,3631.9,1.3796e+09
64.2,95.644,3629.6,1.3851e+09
64.3,93.938,3627.3,1.3906e+09
64.4,92.263,3625,1.3961e+09
64.5,90.617,3622.7,1.4016e+09
64.6,89,3620.3,1.407e+09
64.7,87.413,3618,1.4123e+09
64.8,85.854,3615.7,1.4176e+09
64.9,84.322,3613.4,1.4229e+09
65,82.818,3611.1,1.4282e+09
65.1,81.341,3608.8,1.4334e+09
65.2,79.89,3606.5,1.4386e+09
65.3,78.465,3604.2,1.4437e+09
65.4,77.065,3601.9,1.4488e+09
65.5,75.691,3599.6,1.4539e+09
65.6,74.341,3597.3,1.4589e+09
65.7,73.015,3595,1.4639e+09
65.8,71.712,3592.7,1.4689e+09
65.9,70.433,3590.4,1.4738e+09
66,69.177,3588.1,1.4787e+09
66.1,67.943,3585.8,1.4835e+09
66.2,66.731,3583.5,1.4883e+09
66.3,65.541,3581.2,1.4931e+09
66.4,64.372,3579,1.4979e+09
66.5,63.224,3576.7,1.5026e+09
66.6,62.096,3574.4,1.5073e+09
66.7,60.989,3572.1,1.5119e+09
66.8,59.901,3569.8,1.5165e+09
66.9,58.833,3567.5,1.5211e+09
67,57.783,3565.3,1.5257e+09
67.1,56.753,3563,1.5302e+09
67.2,55.741,3560.7,1.5347e+09
67.3,54.746,3558.4,1.5391e+09
67.4,53.77,3556.2,1.5435e+09
67.5,52.811,3553.9,1.5479e+09
67.6,51.869,3551.6,1.5523e+09
67.7,50.944,3549.4,1.5566e+09
67.8,50.035,3547.1,1.5609e+09
67.9,49.143,3544.8,1.5652e+09
68,48.267,3542.6,1.5694e+09
68.1,47.406,3540.3,1.5736e+09
68.2,46.56,3538,1.5778e+09
68.3,45.73,3535.8,1.5819e+09
68.4,44.915,3533.5,1.5861e+09
68.5,44.114,3531.3,1.5901e+09
68.6,43.327,3529,1.5942e+09
68.7,42.554,3526.8,1.5982e+09
68.8,41.795,3524.5,1.6022e+09
68.9,41.05,3522.3,1.6062e+09
69,40.318,3520,1.6101e+09
69.1,39.599,3517.8,1.6141e+09
69.2,38.893,3515.5,1.6179e+09
69.3,38.199,3513.3,1.6218e+09
69.4,37.518,3511,1.6256e+09
69.5,36.849,3508.8,1.6294e+09
69.6,36.192,3506.5,1.6332e+09
69.7,35.547,3504.3,1.6369e+09
69.8,34.913,3502.1,1.6407e+09
69.9,34.29,3499.8,1.6444e+09
70,33.679,3497.6,1.648e+09
70.1,33.078,3495.4,1.6517e+09
70.2,32.488,3493.1,1.6553e+09
70.3,31.909,3490.9,1.6589e+09
70.4,31.34,3488.7,1.6624e+09
70.5,30.781,3486.5,1.666e+09
70.6,30.232,3484.2,1.6695e+09
70.7,29.693,3482,1.673e+09
70.8,29.164,3479.8,1.6764e+09
70.9,28.644,3477.6,1.6799e+09
71,28.133,3475.3,1.6833e+09
71.1,27.632,3473.1,1.6867e+09
71.2,27.139,3470.9,1.69e+09
71.3,26.655,3468.7,1.6934e+09
71.4,26.18,3466.5,1.6967e+09
71.5,25.713,3464.3,1.7e+09
71.6,25.255,3462,1.7032e+09
71.7,24.805,3459.8,1.7065e+09
71.8,24.362,3457.6,1.7097e+09
71.9,23.928,3455.4,1.7129e+09
72,23.501,3453.2,1.7161e+09
72.1,23.082,3451,1.7192e+09
72.2,22.671,3448.8,1.7224e+09
72.3,22.267,3446.6,1.7255e+09
72.4,21.87,3444.4,1.7285e+09
72.5,21.48,3442.2,1.7316e+09
72.6,21.097,3440,1.7346e+09
72.7,20.721,3437.8,1.7377e+09
72.8,20.352,3435.6,1.7407e+09
72.9,19.989,3433.4,1.7436e+09
73,19.633,3431.2,1.7466e+09
73.1,19.283,3429.1,1.7495e+09
73.2,18.939,3426.9,1.7524e+09
73.3,18.601,3424.7,1.7553e+09
73.4,18.27,3422.5,1.7582e+09
73.5,17.944,3420.3,1.761e+09
73.6,17.625,3418.1,1.7638e+09
73.7,17.31,3415.9,1.7667e+09
73.8,17.002,3413.8,1.7694e+09
73.9,16.699,3411.6,1.7722e+09
74,16.401,3409.4,1.775e+09
74.1,16.109,3407.2,1.7777e+09
74.2,15.822,3405.1,1.7804e+09
74.3,15.54,3402.9,1.7831e+09
74.4,15.263,3400.7,1.7857e+09
74.5,14.991,3398.5,1.7884e+09
74.6,14.724,3396.4,1.791e+09
74.7,14.462,3394.2,1.7936e+09
74.8,14.204,3392,1.7962e+09
74.9,13.951,3389.9,1.7988e+09
75,13.702,3387.7,1.8013e+09
75.1,13.458,3385.6,1.8039e+09
75.2,13.218,3383.4,1.8064e+09
75.3,12.983,3381.2,1.8089e+09
75.4,12.752,3379.1,1.8114e+09
75.5,12.524,3376.9,1.8138e+09
75.6,12.301,3374.8,1.8163e+09
75.7,12.082,3372.6,1.8187e+09
75.8,11.867,3370.5,1.8211e+09
75.9,11.656,3368.3,1.8235e+09
76,11.448,3366.2,1.8259e+09
76.1,11.244,3364,1.8282e+09
76.2,11.044,3361.9,1.8306e+09
76.3,10.847,3359.7,1.8329e+09
76.4,10.654,3357.6,1.8352e+09
76.5,10.464,3355.4,1.8375e+09
76.6,10.278,3353.3,1.8398e+09
76.7,10.095,3351.2,1.842e+09
76.8,9.9149,3349,1.8443e+09
76.9,9.7383,3346.9,1.8465e+09
77,9.5649,3344.8,1.8487e+09
77.1,9.3946,3342.6,1.8509e+09
77.2,9.2273,3340.5,1.8531e+09
77.3,9.063,3338.4,1.8552e+09
77.4,8.9016,3336.2,1.8574e+09
77.5,8.7431,3334.1,1.8595e+09
77.6,8.5875,3332,1.8616e+09
77.7,8.4346,3329.8,1.8637e+09
77.8,8.2844,3327.7,1.8658e+09
77.9,8.137,3325.6,1.8679e+09
78,7.9921,3323.5,1.8699e+09
78.1,7.8499,3321.4,1.872e+09
78.2,7.7101,3319.2,1.874e+09
78.3,7.5729,3317.1,1.876e+09
78.4,7.4381,3315,1.878e+09
78.5,7.3057,3312.9,1.88e+09
78.6,7.1757,3310.8,1.8819e+09
78.7,7.048,3308.7,1.8839e+09
78.8,6.9226,3306.6,1.8858e+09
78.9,6.7994,3304.5,1.8877e+09
79,6.6784,3302.3,1.8897e+09
79.1,6.5596,3300.2,1.8916e+09
79.2,6.4429,3298.1,1.8934e+09
79.3,6.3283,3296,1.8953e+09
79.4,6.2157,3293.9,1.8972e+09
79.5,6.1051,3291.8,1.899e+09
79.6,5.9965,3289.7,1.9008e+09
79.7,5.8899,3287.6,1.9026e+09
79.8,5.7851,3285.5,1.9044e+09
79.9,5.6822,3283.4,1.9062e+09
80,5.5812,3281.3,1.908e+09
80.1,5.4819,3279.3,1.9098e+09
80.2,5.3844,3277.2,1.9115e+09
80.3,5.2887,3275.1,1.9133e+09
80.4,5.1947,3273,1.915e+09
80.5,5.1023,3270.9,1.9167e+09
80.6,5.0116,3268.8,1.9184e+09
80.7,4.9225,3266.7,1.9201e+09
80.8,4.835,3264.6,1.9217e+09
80.9,4.7491,3262.6,1.9234e+09
81,4.6647,3260.5,1.9251e+09
81.1,4.5818,3258.4,1.9267e+09
81.2,4.5003,3256.3,1.9283e+09
81.3,4.4204,3254.3,1.9299e+09
81.4,4.3418,3252.2,1.9315e+09
81.5,4.2647,3250.1,1.9331e+09
81.6,4.1889,3248,1.9347e+09
81.7,4.1145,3246,1.9363e+09
81.8,4.0414,3243.9,1.9378e+09
81.9,3.9696,3241.8,1.9394e+09
82,3.8991,3239.8,1.9409e+09
82.1,3.8299,3237.7,1.9424e+09
82.2,3.7619,3235.6,1.944e+09
82.3,3.6951,3233.6,1.9455e+09
82.4,3.6295,3231.5,1.9469e+09
82.5,3.565,3229.4,1.9484e+09
82.6,3.5017,3227.4,1.9499e+09
82.7,3.4396,3225.3,1.9514e+09
82.8,3.3785,3223.3,1.9528e+09
82.9,3.3186,3221.2,1.9542e+09
83,3.2597,3219.2,1.9557e+09
83.1,3.2019,3217.1,1.9571e+09
83.2,3.145,3215.1,1.9585e+09
83.3,3.0892,3213,1.9599e+09
83.4,3.0345,3211,1.9613e+09
83.5,2.9806,3208.9,1.9626e+09
83.6,2.9278,3206.9,1.964e+09
83.7,2.8759,3204.8,1.9654e+09
83.8,2.8249,3202.8,1.9667e+09
83.9,2.7748,3200.7,1.968e+09
84,2.7256,3198.7,1.9694e+09
84.1,2.6773,3196.7,1.9707e+09
84.2,2.6298,3194.6,1.972e+09
84.3,2.5832,3192.6,1.9733e+09
84.4,2.5374,3190.6,1.9746e+09
84.5,2.4925,3188.5,1.9759e+09
84.6,2.4483,3186.5,1.9771e+09
84.7,2.405,3184.5,1.9784e+09
84.8,2.3624,3182.4,1.9796e+09
84.9,2.3205,3180.4,1.9809e+09
85,2.2795,3178.4,1.9821e+09
85.1,2.2391,3176.4,1.9833e+09
85.2,2.1995,3174.3,1.9845e+09
85.3,2.1605,3172.3,1.9858e+09
85.4,2.1223,3170.3,1.987e+09
85.5,2.0848,3168.3,1.9881e+09
85.6,2.0479,3166.2,1.9893e+09
85.7,2.0117,3164.2,1.9905e+09
85.8,1.9761,3162.2,1.9917e+09
85.9,1.9411,3160.2,1.9928e+09
86,1.9068,3158.2,1.994e+09
86.1,1.8731,3156.2,1.9951e+09
86.2,1.84,3154.2,1.9962e+09
86.3,1.8075,3152.1,1.9973e+09
86.4,1.7755,3150.1,1.9985e+09
86.5,1.7442,3148.1,1.9996e+09
86.6,1.7134,3146.1,2.0007e+09
86.7,1.6831,3144.1,2.0017e+09
86.8,1.6534,3142.1,2.0028e+09
86.9,1.6242,3140.1,2.0039e+09
87,1.5955,3138.1,2.005e+09
87.1,1.5674,3136.1,2.006e+09
87.2,1.5397,3134.1,2.0071e+09
87.3,1.5126,3132.1,2.0081e+09
87.4,1.4859,3130.1,2.0091e+09
87.5,1.4597,3128.1,2.0102e+09
87.6,1.434,3126.1,2.0112e+09
87.7,1.4087,3124.1,2.0122e+09
87.8,1.3839,3122.2,2.0132e+09
87.9,1.3595,3120.2,2.0142e+09
88,1.3355,3118.2,2.0152e+09
88.1,1.312,3116.2,2.0162e+09
88.2,1.2889,3114.2,2.0172e+09
88.3,1.2662,3112.2,2.0181e+09
88.4,1.2439,3110.2,2.0191e+09
88.5,1.2221,3108.3,2.02e+09
88.6,1.2006,3106.3,2.021e+09
88.7,1.1795,3104.3,2.0219e+09
88.8,1.1587,3102.3,2.0229e+09
88.9,1.1384,3100.4,2.0238e+09
89,1.1184,3098.4,2.0247e+09
89.1,1.0987,3096.4,2.0256e+09
89.2,1.0794,3094.4,2.0265e+09
89.3,1.0605,3092.5,2.0274e+09
89.4,1.0418,3090.5,2.0283e+09
89.5,1.0236,3088.5,2.0292e+09
89.6,1.0056,3086.6,2.0301e+09
89.7,0.98797,3084.6,2.031e+09
89.8,0.97065,3082.6,2.0318e+09
89.9,0.95364,3080.7,2.0327e+09
90,0.93693,3078.7,2.0336e+09
90.1,0.92052,3076.7,2.0344e+09
90.2,0.9044,3074.8,2.0352e+09
90.3,0.88857,3072.8,2.0361e+09
90.4,0.87302,3070.9,2.0369e+09
90.5,0.85775,3068.9,2.0377e+09
90.6,0.84275,3067,2.0386e+09
90.7,0.82801,3065,2.0394e+09
90.8,0.81355,3063.1,2.0402e+09
90.9,0.79933,3061.1,2.041e+09
91,0.78538,3059.2,2.0418e+09
91.1,0.77167,3057.2,2.0426e+09
91.2,0.7582,3055.3,2.0433e+09
91.3,0.74498,3053.3,2.0441e+09
91.4,0.73199,3051.4,2.0449e+09
91.5,0.71923,3049.4,2.0457e+09
91.6,0.7067,3047.5,2.0464e+09
91.7,0.69439,3045.5,2.0472e+09
91.8,0.68231,3043.6,2.0479e+09
91.9,0.67043,3041.7,2.0487e+09
92,0.65877,3039.7,2.0494e+09
92.1,0.64732,3037.8,2.0501e+09
92.2,0.63607,3035.9,2.0509e+09
92.3,0.62503,3033.9,2.0516e+09
92.4,0.61417,3032,2.0523e+09
92.5,0.60352,3030.1,2.053e+09
92.6,0.59305,3028.1,2.0537e+09
92.7,0.58277,3026.2,2.0544e+09
92.8,0.57267,3024.3,2.0551e+09
92.9,0.56275,3022.4,2.0558e+09
93,0.55301,3020.4,2.0565e+09
93.1,0.54345,3018.5,2.0572e+09
93.2,0.53405,3016.6,2.0579e+09
93.3,0.52482,3014.7,2.0585e+09
93.4,0.51575,3012.7,2.0592e+09
93.5,0.50685,3010.8,2.0599e+09
93.6,0.49811,3008.9,2.0605e+09
93.7,0.48952,3007,2.0612e+09
93.8,0.48108,3005.1,2.0618e+09
93.9,0.4728,3003.2,2.0625e+09
94,0.46466,3001.3,2.0631e+09
94.1,0.45667,2999.3,2.0638e+09
94.2,0.44881,2997.4,2.0644e+09
94.3,0.4411,2995.5,2.065e+09
94.4,0.43353,2993.6,2.0656e+09
94.5,0.42609,2991.7,2.0662e+09
94.6,0.41879,2989.8,2.0669e+09
94.7,0.41161,2987.9,2.0675e+09
94.8,0.40456,2986,2.0681e+09
94.9,0.39764,2984.1,2.0687e+09
95,0.39084,2982.2,2.0693e+09
95.1,0.38416,2980.3,2.0698e+09
95.2,0.37761,2978.4,2.0704e+09
95.3,0.37116,2976.5,2.071e+09
95.4,0.36484,2974.6,2.0716e+09
95.5,0.35862,2972.7,2.0722e+09
95.6,0.35252,2970.8,2.0727e+09
95.7,0.34652,2969,2.0733e+09
95.8,0.34064,2967.1,2.0738e+09
95.9,0.33485,2965.2,2.0744e+09
96,0.32917,2963.3,2.075e+09
96.1,0.32359,2961.4,2.0755e+09
96.2,0.31811,2959.5,2.076e+09
96.3,0.31273,2957.6,2.0766e+09
96.4,0.30744,2955.8,2.0771e+09
96.5,0.30225,2953.9,2.0777e+09
96.6,0.29715,2952,2.0782e+09
96.7,0.29214,2950.1,2.0787e+09
96.8,0.28722,2948.2,2.0792e+09
96.9,0.28239,2946.4,2.0797e+09
97,0.27764,2944.5,2.0803e+09
97.1,0.27298,2942.6,2.0808e+09
97.2,0.2684,2940.7,2.0813e+09
97.3,0.2639,2938.9,2.0818e+09
97.4,0.25949,2937,2.0823e+09
97.5,0.25515,2935.1,2.0828e+09
97.6,0.25089,2933.3,2.0833e+09
97.7,0.2467,2931.4,2.0837e+09
97.8,0.24259,2929.5,2.0842e+09
97.9,0.23855,2927.7,2.0847e+09
98,0.23459,2925.8,2.0852e+09
98.1,0.23069,2923.9,2.0857e+09
98.2,0.22686,2922.1,2.0861e+09
98.3,0.22311,2920.2,2.0866e+09
98.4,0.21942,2918.4,2.0871e+09
98.5,0.21579,2916.5,2.0875e+09
98.6,0.21223,2914.7,2.088e+09
98.7,0.20873,2912.8,2.0884e+09
98.8,0.2053,2910.9,2.0889e+09
98.9,0.20192,2909.1,2.0893e+09
99,0.19861,2907.2,2.0898e+09
99.1,0.19535,2905.4,2.0902e+09
99.2,0.19215,2903.5,2.0906e+09
99.3,0.18901,2901.7,2.0911e+09
99.4,0.18593,2899.9,2.0915e+09
99.5,0.1829,2898,2.0919e+09
99.6,0.17992,2896.2,2.0923e+09
99.7,0.177,2894.3,2.0928e+09
99.8,0.17413,2892.5,2.0932e+09
99.9,0.17131,2890.6,2.0936e+09
100,0.16854,2888.8,2.094e+09
100.1,0.16582,2887,2.0944e+09
100.2,0.16314,2885.1,2.0948e+09
100.3,0.16052,2883.3,2.0952e+09
100.4,0.15794,2881.5,2.0956e+09
100.5,0.15541,2879.6,2.096e+09
100.6,0.15292,2877.8,2.0964e+09
100.7,0.15048,2876,2.0968e+09
100.8,0.14808,2874.1,2.0972e+09
100.9,0.14572,2872.3,2.0976e+09
101,0.14341,2870.5,2.098e+09
101.1,0.14113,2868.7,2.0983e+09
101.2,0.1389,2866.8,2.0987e+09
101.3,0.1367,2865,2.0991e+09
101.4,0.13455,2863.2,2.0995e+09
101.5,0.13243,2861.4,2.0998e+09
101.6,0.13035,2859.6,2.1002e+09
101.7,0.12831,2857.7,2.1006e+09
101.8,0.1263,2855.9,2.1009e+09
101.9,0.12433,2854.1,2.1013e+09
102,0.1224,2852.3,2.1016e+09
102.1,0.1205,2850.5,2.102e+09
102.2,0.11863,2848.7,2.1023e+09
102.3,0.1168,2846.8,2.1027e+09
102.4,0.11499,2845,2.103e+09
102.5,0.11322,2843.2,2.1034e+09
102.6,0.11149,2841.4,2.1037e+09
102.7,0.10978,2839.6,2.1041e+09
102.8,0.1081,2837.8,2.1044e+09
102.9,0.10645,2836,2.1047e+09
103,0.10483,2834.2,2.1051e+09
103.1,0.10324,2832.4,2.1054e+09
103.2,0.10168,2830.6,2.1057e+09
103.3,0.10015,2828.8,2.106e+09
103.4,0.098643,2827,2.1064e+09
103.5,0.097163,2825.2,2.1067e+09
103.6,0.09571,2823.4,2.107e+09
103.7,0.094282,2821.6,2.1073e+09
103.8,0.092879,2819.8,2.1076e+09
103.9,0.091501,2818,2.1079e+09
104,0.090148,2816.2,2.1082e+09
104.1,0.088819,2814.4,2.1085e+09
104.2,0.087513,2812.7,2.1088e+09
104.3,0.08623,2810.9,2.1091e+09
104.4,0.08497,2809.1,2.1094e+09
104.5,0.083733,2807.3,2.1097e+09
104.6,0.082517,2805.5,2.11e+09
104.7,0.081323,2803.7,2.1103e+09
104.8,0.080149,2801.9,2.1106e+09
104.9,0.078997,2800.2,2.1109e+09
105,0.077865,2798.4,2.1112e+09
105.1,0.076753,2796.6,2.1115e+09
105.2,0.075661,2794.8,2.1117e+09
105.3,0.074588,2793.1,2.112e+09
105.4,0.073534,2791.3,2.1123e+09
105.5,0.072498,2789.5,2.1126e+09
105.6,0.071481,2787.7,2.1129e+09
105.7,0.070482,2786,2.1131e+09
105.8,0.0695,2784.2,2.1134e+09
105.9,0.068536,2782.4,2.1137e+09
106,0.067589,2780.7,2.1139e+09
106.1,0.066659,2778.9,2.1142e+09
106.2,0.065745,2777.1,2.1145e+09
106.3,0.064847,2775.4,2.1147e+09
106.4,0.063965,2773.6,2.115e+09
106.5,0.063099,2771.8,2.1152e+09
106.6,0.062247,2770.1,2.1155e+09
106.7,0.061411,2768.3,2.1157e+09
106.8,0.06059,2766.6,2.116e+09
106.9,0.059783,2764.8,2.1162e+09
107,0.05899,2763,2.1165e+09
107.1,0.058211,2761.3,2.1167e+09
107.2,0.057446,2759.5,2.117e+09
107.3,0.056695,2757.8,2.1172e+09
107.4,0.055957,2756,2.1174e+09
107.5,0.055231,2754.3,2.1177e+09
107.6,0.054519,2752.5,2.1179e+09
107.7,0.053819,2750.8,2.1182e+09
107.8,0.053131,2749,2.1184e+09
107.9,0.052456,2747.3,2.1186e+09
108,0.051792,2745.5,2.1188e+09
108.1,0.05114,2743.8,2.1191e+09
108.2,0.050499,2742,2.1193e+09
108.3,0.04987,2740.3,2.1195e+09
108.4,0.049252,2738.6,2.1197e+09
108.5,0.048644,2736.8,2.12e+09
108.6,0.048047,2735.1,2.1202e+09
108.7,0.047461,2733.3,2.1204e+09
108.8,0.046885,2731.6,2.1206e+09
108.9,0.046319,2729.9,2.1208e+09
109,0.045763,2728.1,2.121e+09
109.1,0.045217,2726.4,2.1213e+09
109.2,0.044681,2724.7,2.1215e+09
109.3,0.044153,2722.9,2.1217e+09
109.4,0.043635,2721.2,2.1219e+09
109.5,0.043126,2719.5,2.1221e+09
109.6,0.042626,2717.8,2.1223e+09
109.7,0.042135,2716,2.1225e+09
109.8,0.041653,2714.3,2.1227e+09
109.9,0.041178,2712.6,2.1229e+09
110,0.040712,2710.9,2.1231e+09
110.1,0.040255,2709.1,2.1233e+09
110.2,0.039805,2707.4,2.1235e+09
110.3,0.039363,2705.7,2.1237e+09
110.4,0.038929,2704,2.1239e+09
110.5,0.038502,2702.3,2.1241e+09
110.6,0.038083,2700.5,2.1242e+09
110.7,0.037671,2698.8,2.1244e+09
110.8,0.037266,2697.1,2.1246e+09
110.9,0.036868,2695.4,2.1248e+09
111,0.036478,2693.7,2.125e+09
111.1,0.036094,2692,2.1252e+09
111.2,0.035716,2690.3,2.1254e+09
111.3,0.035346,2688.6,2.1255e+09
111.4,0.034982,2686.9,2.1257e+09
111.5,0.034624,2685.2,2.1259e+09
111.6,0.034272,2683.4,2.1261e+09
111.7,0.033926,2681.7,2.1262e+09
111.8,0.033587,2680,2.1264e+09
111.9,0.033253,2678.3,2.1266e+09
112,0.032925,2676.6,2.1268e+09
112.1,0.032603,2674.9,2.1269e+09
112.2,0.032286,2673.2,2.1271e+09
112.3,0.031975,2671.5,2.1273e+09
112.4,0.031669,2669.8,2.1274e+09
112.5,0.031369,2668.2,2.1276e+09
112.6,0.031073,2666.5,2.1278e+09
112.7,0.030783,2664.8,2.1279e+09
112.8,0.030498,2663.1,2.1281e+09
112.9,0.030218,2661.4,2.1282e+09
113,0.029942,2659.7,2.1284e+09
113.1,0.029671,2658,2.1286e+09
113.2,0.029405,2656.3,2.1287e+09
113.3,0.029144,2654.6,2.1289e+09
113.4,0.028887,2652.9,2.129e+09
113.5,0.028634,2651.3,2.1292e+09
113.6,0.028386,2649.6,2.1293e+09
113.7,0.028142,2647.9,2.1295e+09
113.8,0.027902,2646.2,2.1296e+09
113.9,0.027667,2644.5,2.1298e+09
114,0.027435,2642.9,2.1299e+09
114.1,0.027208,2641.2,2.1301e+09
114.2,0.026984,2639.5,2.1302e+09
114.3,0.026764,2637.8,2.1304e+09
114.4,0.026548,2636.2,2.1305e+09
114.5,0.026335,2634.5,2.1306e+09
114.6,0.026126,2632.8,2.1308e+09
114.7,0.025921,2631.1,2.1309e+09
114.8,0.025719,2629.5,2.1311e+09
114.9,0.025521,2627.8,2.1312e+09
115,0.025326,2626.1,2.1313e+09
115.1,0.025134,2624.5,2.1315e+09
115.2,0.024946,2622.8,2.1316e+09
115.3,0.024761,2621.1,2.1318e+09
115.4,0.024579,2619.5,2.1319e+09
115.5,0.0244,2617.8,2.132e+09
115.6,0.024224,2616.2,2.1321e+09
115.7,0.024051,2614.5,2.1323e+09
115.8,0.023881,2612.8,2.1324e+09
115.9,0.023713,2611.2,2.1325e+09
116,0.023549,2609.5,2.1327e+09
116.1,0.023387,2607.9,2.1328e+09
116.2,0.023228,2606.2,2.1329e+09
116.3,0.023072,2604.6,2.133e+09
116.4,0.022919,2602.9,2.1332e+09
116.5,0.022768,2601.2,2.1333e+09
116.6,0.022619,2599.6,2.1334e+09
116.7,0.022473,2597.9,2.1335e+09
116.8,0.02233,2596.3,2.1337e+09
116.9,0.022188,2594.7,2.1338e+09
117,0.02205,2593,2.1339e+09
117.1,0.021913,2591.4,2.134e+09
117.2,0.021779,2589.7,2.1341e+09
117.3,0.021647,2588.1,2.1342e+09
117.4,0.021517,2586.4,2.1344e+09
117.5,0.021389,2584.8,2.1345e+09
117.6,0.021264,2583.2,2.1346e+09
117.7,0.02114,2581.5,2.1347e+09
117.8,0.021019,2579.9,2.1348e+09
117.9,0.0209,2578.2,2.1349e+09
118,0.020782,2576.6,2.135e+09
118.1,0.020667,2575,2.1351e+09
118.2,0.020553,2573.3,2.1352e+09
118.3,0.020441,2571.7,2.1354e+09
118.4,0.020331,2570.1,2.1355e+09
118.5,0.020223,2568.4,2.1356e+09
118.6,0.020117,2566.8,2.1357e+09
118.7,0.020012,2565.2,2.1358e+09
118.8,0.019909,2563.6,2.1359e+09
118.9,0.019808,2561.9,2.136e+09
119,0.019709,2560.3,2.1361e+09
119.1,0.019611,2558.7,2.1362e+09
119.2,0.019514,2557.1,2.1363e+09
119.3,0.019419,2555.4,2.1364e+09
119.4,0.019326,2553.8,2.1365e+09
119.5,0.019234,2552.2,2.1366e+09
119.6,0.019144,2550.6,2.1367e+09
119.7,0.019055,2549,2.1368e+09
119.8,0.018968,2547.3,2.1369e+09
119.9,0.018882,2545.7,2.137e+09
120,0.018797,2544.1,2.1371e+09
120.1,0.018714,2542.5,2.1372e+09
120.2,0.018632,2540.9,2.1373e+09
120.3,0.018551,2539.3,2.1373e+09
120.4,0.018472,2537.7,2.1374e+09
120.5,0.018393,2536.1,2.1375e+09
120.6,0.018317,2534.5,2.1376e+09
120.7,0.018241,2532.8,2.1377e+09
120.8,0.018166,2531.2,2.1378e+09
120.9,0.018093,2529.6,2.1379e+09
121,0.018021,2528,2.138e+09
121.1,0.01795,2526.4,2.1381e+09
121.2,0.01788,2524.8,2.1382e+09
121.3,0.017811,2523.2,2.1382e+09
121.4,0.017743,2521.6,2.1383e+09
121.5,0.017676,2520,2.1384e+09
121.6,0.017611,2518.4,2.1385e+09
121.7,0.017546,2516.8,2.1386e+09
121.8,0.017482,2515.2,2.1387e+09
121.9,0.01742,2513.6,2.1387e+09
122,0.017358,2512,2.1388e+09
122.1,0.017297,2510.5,2.1389e+09
122.2,0.017237,2508.9,2.139e+09
122.3,0.017178,2507.3,2.1391e+09
122.4,0.01712,2505.7,2.1392e+09
122.5,0.017063,2504.1,2.1392e+09
122.6,0.017007,2502.5,2.1393e+09
122.7,0.016951,2500.9,2.1394e+09
122.8,0.016896,2499.3,2.1395e+09
122.9,0.016843,2497.8,2.1395e+09
123,0.01679,2496.2,2.1396e+09
123.1,0.016737,2494.6,2.1397e+09
123.2,0.016686,2493,2.1398e+09
123.3,0.016635,2491.4,2.1398e+09
123.4,0.016585,2489.8,2.1399e+09
123.5,0.016536,2488.3,2.14e+09
123.6,0.016487,2486.7,2.1401e+09
123.7,0.01644,2485.1,2.1401e+09
123.8,0.016393,2483.5,2.1402e+09
123.9,0.016346,2482,2.1403e+09
124,0.0163,2480.4,2.1404e+09
124.1,0.016255,2478.8,2.1404e+09
124.2,0.016211,2477.3,2.1405e+09
124.3,0.016167,2475.7,2.1406e+09
124.4,0.016124,2474.1,2.1406e+09
124.5,0.016081,2472.5,2.1407e+09
124.6,0.016039,2471,2.1408e+09
124.7,0.015998,2469.4,2.1408e+09
124.8,0.015957,2467.8,2.1409e+09
124.9,0.015917,2466.3,2.141e+09
125,0.015877,2464.7,2.141e+09
125.1,0.015838,2463.2,2.1411e+09
125.2,0.0158,2461.6,2.1412e+09
125.3,0.015762,2460,2.1412e+09
125.4,0.015724,2458.5,2.1413e+09
125.5,0.015687,2456.9,2.1414e+09
125.6,0.015651,2455.4,2.1414e+09
125.7,0.015615,2453.8,2.1415e+09
125.8,0.015579,2452.3,2.1415e+09
125.9,0.015544,2450.7,2.1416e+09
126,0.01551,2449.2,2.1417e+09
126.1,0.015476,2447.6,2.1417e+09
126.2,0.015442,2446,2.1418e+09
126.3,0.015409,2444.5,2.1419e+09
126.4,0.015376,2442.9,2.1419e+09
126.5,0.015344,2441.4,2.142e+09
126.6,0.015312,2439.9,2.142e+09
126.7,0.015281,2438.3,2.1421e+09
126.8,0.01525,2436.8,2.1421e+09
126.9,0.015219,2435.2,2.1422e+09
127,0.015189,2433.7,2.1423e+09
127.1,0.015159,2432.1,2.1423e+09
127.2,0.015129,2430.6,2.1424e+09
127.3,0.0151,2429.1,2.1424e+09
127.4,0.015071,2427.5,2.1425e+09
127.5,0.015043,2426,2.1425e+09
127.6,0.015015,2424.4,2.1426e+09
127.7,0.014987,2422.9,2.1426e+09
127.8,0.01496,2421.4,2.1427e+09
127.9,0.014933,2419.8,2.1428e+09
128,0.014906,2418.3,2.1428e+09
128.1,0.01488,2416.8,2.1429e+09
128.2,0.014854,2415.2,2.1429e+09
128.3,0.014828,2413.7,2.143e+09
128.4,0.014803,2412.2,2.143e+09
128.5,0.014778,2410.7,2.1431e+09
128.6,0.014753,2409.1,2.1431e+09
128.7,0.014728,2407.6,2.1432e+09
128.8,0.014704,2406.1,2.1432e+09
128.9,0.01468,2404.6,2.1433e+09
129,0.014656,2403,2.1433e+09
129.1,0.014633,2401.5,2.1434e+09
129.2,0.01461,2400,2.1434e+09
129.3,0.014587,2398.5,2.1435e+09
129.4,0.014564,2397,2.1435e+09
129.5,0.014542,2395.4,2.1436e+09
129.6,0.01452,2393.9,2.1436e+09
129.7,0.014498,2392.4,2.1436e+09
129.8,0.014476,2390.9,2.1437e+09
129.9,0.014455,2389.4,2.1437e+09
130,0.014434,2387.9,2.1438e+09
130.1,0.014413,2386.4,2.1438e+09
130.2,0.014392,2384.8,2.1439e+09
130.3,0.014371,2383.3,2.1439e+09
130.4,0.014351,2381.8,2.144e+09
130.5,0.014331,2380.3,2.144e+09
130.6,0.014311,2378.8,2.1441e+09
130.7,0.014292,2377.3,2.1441e+09
130.8,0.014272,2375.8,2.1441e+09
130.9,0.014253,2374.3,2.1442e+09
131,0.014234,2372.8,2.1442e+09
131.1,0.014215,2371.3,2.1443e+09
131.2,0.014196,2369.8,2.1443e+09
131.3,0.014178,2368.3,2.1444e+09
131.4,0.014159,2366.8,2.1444e+09
131.5,0.014141,2365.3,2.1444e+09
131.6,0.014123,2363.8,2.1445e+09
131.7,0.014106,2362.3,2.1445e+09
131.8,0.014088,2360.8,2.1446e+09
131.9,0.01407,2359.3,2.1446e+09
132,0.014053,2357.8,2.1446e+09
132.1,0.014036,2356.3,2.1447e+09
132.2,0.014019,2354.8,2.1447e+09
132.3,0.014002,2353.3,2.1447e+09
132.4,0.013986,2351.9,2.1448e+09
132.5,0.013969,2350.4,2.1448e+09
132.6,0.013953,2348.9,2.1449e+09
132.7,0.013936,2347.4,2.1449e+09
132.8,0.01392,2345.9,2.1449e+09
132.9,0.013904,2344.4,2.145e+09
133,0.013889,2342.9,2.145e+09
133.1,0.013873,2341.5,2.145e+09
133.2,0.013857,2340,2.1451e+09
133.3,0.013842,2338.5,2.1451e+09
133.4,0.013827,2337,2.1452e+09
133.5,0.013812,2335.5,2.1452e+09
133.6,0.013797,2334.1,2.1452e+09
133.7,0.013782,2332.6,2.1453e+09
133.8,0.013767,2331.1,2.1453e+09
133.9,0.013752,2329.6,2.1453e+09
134,0.013738,2328.2,2.1454e+09
134.1,0.013723,2326.7,2.1454e+09
134.2,0.013709,2325.2,2.1454e+09
134.3,0.013695,2323.7,2.1455e+09
134.4,0.013681,2322.3,2.1455e+09
134.5,0.013667,2320.8,2.1455e+09
134.6,0.013653,2319.3,2.1456e+09
134.7,0.013639,2317.9,2.1456e+09
134.8,0.013625,2316.4,2.1456e+09
134.9,0.013612,2314.9,2.1457e+09
135,0.013598,2313.5,2.1457e+09
135.1,0.013585,2312,2.1457e+09
135.2,0.013571,2310.5,2.1458e+09
135.3,0.013558,2309.1,2.1458e+09
135.4,0.013545,2307.6,2.1458e+09
135.5,0.013532,2306.2,2.1458e+09
135.6,0.013519,2304.7,2.1459e+09
135.7,0.013506,2303.2,2.1459e+09
135.8,0.013493,2301.8,2.1459e+09
135.9,0.013481,2300.3,2.146e+09
136,0.013468,2298.9,2.146e+09
136.1,0.013456,2297.4,2.146e+09
136.2,0.013443,2296,2.1461e+09
136.3,0.013431,2294.5,2.1461e+09
136.4,0.013418,2293.1,2.1461e+09
136.5,0.013406,2291.6,2.1461e+09
136.6,0.013394,2290.2,2.1462e+09
136.7,0.013382,2288.7,2.1462e+09
136.8,0.01337,2287.3,2.1462e+09
136.9,0.013358,2285.8,2.1463e+09
137,0.013346,2284.4,2.1463e+09
137.1,0.013334,2282.9,2.1463e+09
137.2,0.013323,2281.5,2.1463e+09
137.3,0.013311,2280,2.1464e+09
137.4,0.013299,2278.6,2.1464e+09
137.5,0.013288,2277.2,2.1464e+09
137.6,0.013276,2275.7,2.1464e+09
137.7,0.013265,2274.3,2.1465e+09
137.8,0.013254,2272.8,2.1465e+09
137.9,0.013242,2271.4,2.1465e+09
138,0.013231,2270,2.1465e+09
138.1,0.01322,2268.5,2.1466e+09
138.2,0.013209,2267.1,2.1466e+09
138.3,0.013198,2265.7,2.1466e+09
138.4,0.013187,2264.2,2.1466e+09
138.5,0.013176,2262.8,2.1467e+09
138.6,0.013165,2261.4,2.1467e+09
138.7,0.013154,2259.9,2.1467e+09
138.8,0.013143,2258.5,2.1467e+09
138.9,0.013133,2257.1,2.1468e+09
139,0.013122,2255.7,2.1468e+09
139.1,0.013111,2254.2,2.1468e+09
139.2,0.013101,2252.8,2.1468e+09
139.3,0.01309,2251.4,2.1469e+09
139.4,0.01308,2250,2.1469e+09
139.5,0.013069,2248.5,2.1469e+09
139.6,0.013059,2247.1,2.1469e+09
139.7,0.013048,2245.7,2.1469e+09
139.8,0.013038,2244.3,2.147e+09
139.9,0.013028,2242.9,2.147e+09
140,0.013018,2241.4,2.147e+09
140.1,0.013007,2240,2.147e+09
140.2,0.012997,2238.6,2.1471e+09
140.3,0.012987,2237.2,2.1471e+09
140.4,0.012977,2235.8,2.1471e+09
140.5,0.012967,2234.4,2.1471e+09
140.6,0.012957,2233,2.1471e+09
140.7,0.012947,2231.5,2.1472e+09
140.8,0.012937,2230.1,2.1472e+09
140.9,0.012927,2228.7,2.1472e+09
141,0.012918,2227.3,2.1472e+09
141.1,0.012908,2225.9,2.1472e+09
141.2,0.012898,2224.5,2.1473e+09
141.3,0.012888,2223.1,2.1473e+09
141.4,0.012879,2221.7,2.1473e+09
141.5,0.012869,2220.3,2.1473e+09
141.6,0.012859,2218.9,2.1473e+09
141.7,0.01285,2217.5,2.1474e+09
141.8,0.01284,2216.1,2.1474e+09
141.9,0.012831,2214.7,2.1474e+09
142,0.012821,2213.3,2.1474e+09
142.1,0.012812,2211.9,2.1474e+09
142.2,0.012802,2210.5,2.1475e+09
142.3,0.012793,2209.1,2.1475e+09
142.4,0.012783,2207.7,2.1475e+09
142.5,0.012774,2206.3,2.1475e+09
142.6,0.012765,2204.9,2.1475e+09
142.7,0.012755,2203.5,2.1476e+09
142.8,0.012746,2202.1,2.1476e+09
142.9,0.012737,2200.7,2.1476e+09
143,0.012728,2199.3,2.1476e+09
143.1,0.012719,2198,2.1476e+09
143.2,0.012709,2196.6,2.1476e+09
143.3,0.0127,2195.2,2.1477e+09
143.4,0.012691,2193.8,2.1477e+09
143.5,0.012682,2192.4,2.1477e+09
143.6,0.012673,2191,2.1477e+09
143.7,0.012664,2189.6,2.1477e+09
143.8,0.012655,2188.3,2.1477e+09
143.9,0.012646,2186.9,2.1478e+09
144,0.012637,2185.5,2.1478e+09
144.1,0.012628,2184.1,2.1478e+09
144.2,0.012619,2182.7,2.1478e+09
144.3,0.01261,2181.4,2.1478e+09
144.4,0.012601,2180,2.1478e+09
144.5,0.012593,2178.6,2.1479e+09
144.6,0.012584,2177.2,2.1479e+09
144.7,0.012575,2175.8,2.1479e+09
144.8,0.012566,2174.5,2.1479e+09
144.9,0.012557,2173.1,2.1479e+09
145,0.012549,2171.7,2.1479e+09
145.1,0.01254,2170.4,2.1479e+09
145.2,0.012531,2169,2.148e+09
145.3,0.012522,2167.6,2.148e+09
145.4,0.012514,2166.2,2.148e+09
145.5,0.012505,2164.9,2.148e+09
145.6,0.012497,2163.5,2.148e+09
145.7,0.012488,2162.1,2.148e+09
145.8,0.012479,2160.8,2.148e+09
145.9,0.012471,2159.4,2.1481e+09
146,0.012462,2158.1,2.1481e+09
146.1,0.012454,2156.7,2.1481e+09
146.2,0.012445,2155.3,2.1481e+09
146.3,0.012437,2154,2.1481e+09
146.4,0.012428,2152.6,2.1481e+09
146.5,0.01242,2151.3,2.1481e+09
146.6,0.012411,2149.9,2.1482e+09
146.7,0.012403,2148.5,2.1482e+09
146.8,0.012394,2147.2,2.1482e+09
146.9,0.012386,2145.8,2.1482e+09
147,0.012378,2144.5,2.1482e+09
147.1,0.012369,2143.1,2.1482e+09
147.2,0.012361,2141.8,2.1482e+09
147.3,0.012353,2140.4,2.1483e+09
147.4,0.012344,2139.1,2.1483e+09
147.5,0.012336,2137.7,2.1483e+09
147.6,0.012328,2136.4,2.1483e+09
147.7,0.012319,2135,2.1483e+09
147.8,0.012311,2133.7,2.1483e+09
147.9,0.012303,2132.3,2.1483e+09
148,0.012295,2131,2.1483e+09
148.1,0.012286,2129.6,2.1484e+09
148.2,0.012278,2128.3,2.1484e+09
148.3,0.01227,2126.9,2.1484e+09
148.4,0.012262,2125.6,2.1484e+09
148.5,0.012254,2124.3,2.1484e+09
148.6,0.012245,2122.9,2.1484e+09
148.7,0.012237,2121.6,2.1484e+09
148.8,0.012229,2120.2,2.1484e+09
148.9,0.012221,2118.9,2.1484e+09
149,0.012213,2117.6,2.1485e+09
149.1,0.012205,2116.2,2.1485e+09
149.2,0.012197,2114.9,2.1485e+09
149.3,0.012189,2113.6,2.1485e+09
149.4,0.01218,2112.2,2.1485e+09
149.5,0.012172,2110.9,2.1485e+09
149.6,0.012164,2109.6,2.1485e+09
149.7,0.012156,2108.2,2.1485e+09
149.8,0.012148,2106.9,2.1485e+09
149.9,0.01214,2105.6,2.1486e+09
150,0.012132,2104.2,2.1486e+09
150.1,0.012124,2102.9,2.1486e+09
150.2,0.012116,2101.6,2.1486e+09
150.3,0.012108,2100.3,2.1486e+09
150.4,0.0121,2098.9,2.1486e+09
150.5,0.012093,2097.6,2.1486e+09
150.6,0.012085,2096.3,2.1486e+09
150.7,0.012077,2095,2.1486e+09
150.8,0.012069,2093.6,2.1486e+09
150.9,0.012061,2092.3,2.1487e+09
151,0.012053,2091,2.1487e+09
151.1,0.012045,2089.7,2.1487e+09
151.2,0.012037,2088.4,2.1487e+09
151.3,0.012029,2087.1,2.1487e+09
151.4,0.012022,2085.7,2.1487e+09
151.5,0.012014,2084.4,2.1487e+09
151.6,0.012006,2083.1,2.1487e+09
151.7,0.011998,2081.8,2.1487e+09
151.8,0.01199,2080.5,2.1487e+09
151.9,0.011982,2079.2,2.1488e+09
152,0.011975,2077.9,2.1488e+09
152.1,0.011967,2076.5,2.1488e+09
152.2,0.011959,2075.2,2.1488e+09
152.3,0.011951,2073.9,2.1488e+09
152.4,0.011944,2072.6,2.1488e+09
152.5,0.011936,2071.3,2.1488e+09
152.6,0.011928,2070,2.1488e+09
152.7,0.01192,2068.7,2.1488e+09
152.8,0.011913,2067.4,2.1488e+09
152.9,0.011905,2066.1,2.1488e+09
153,0.011897,2064.8,2.1488e+09
153.1,0.011889,2063.5,2.1489e+09
153.2,0.011882,2062.2,2.1489e+09
153.3,0.011874,2060.9,2.1489e+09
153.4,0.011866,2059.6,2.1489e+09
153.5,0.011859,2058.3,2.1489e+09
153.6,0.011851,2057,2.1489e+09
153.7,0.011843,2055.7,2.1489e+09
153.8,0.011836,2054.4,2.1489e+09
153.9,0.011828,2053.1,2.1489e+09
154,0.011821,2051.8,2.1489e+09
154.1,0.011813,2050.5,2.1489e+09
154.2,0.011805,2049.2,2.1489e+09
154.3,0.011798,2047.9,2.149e+09
154.4,0.01179,2046.6,2.149e+09
154.5,0.011783,2045.3,2.149e+09
154.6,0.011775,2044.1,2.149e+09
154.7,0.011767,2042.8,2.149e+09
154.8,0.01176,2041.5,2.149e+09
154.9,0.011752,2040.2,2.149e+09
155,0.011745,2038.9,2.149e+09
155.1,0.011737,2037.6,2.149e+09
155.2,0.01173,2036.3,2.149e+09
155.3,0.011722,2035.1,2.149e+09
155.4,0.011715,2033.8,2.149e+09
155.5,0.011707,2032.5,2.149e+09
155.6,0.0117,2031.2,2.149e+09
155.7,0.011692,2029.9,2.1491e+09
155.8,0.011685,2028.7,2.1491e+09
155.9,0.011677,2027.4,2.1491e+09
156,0.01167,2026.1,2.1491e+09
156.1,0.011662,2024.8,2.1491e+09
156.2,0.011655,2023.5,2.1491e+09
156.3,0.011647,2022.3,2.1491e+09
156.4,0.01164,2021,2.1491e+09
156.5,0.011632,2019.7,2.1491e+09
156.6,0.011625,2018.4,2.1491e+09
156.7,0.011618,2017.2,2.1491e+09
156.8,0.01161,2015.9,2.1491e+09
156.9,0.011603,2014.6,2.1491e+09
157,0.011595,2013.4,2.1491e+09
157.1,0.011588,2012.1,2.1491e+09
157.2,0.01158,2010.8,2.1492e+09
157.3,0.011573,2009.6,2.1492e+09
157.4,0.011566,2008.3,2.1492e+09
157.5,0.011558,2007,2.1492e+09
157.6,0.011551,2005.8,2.1492e+09
157.7,0.011544,2004.5,2.1492e+09
157.8,0.011536,2003.2,2.1492e+09
157.9,0.011529,2002,2.1492e+09
158,0.011521,2000.7,2.1492e+09
158.1,0.011514,1999.5,2.1492e+09
158.2,0.011507,1998.2,2.1492e+09
158.3,0.011499,1996.9,2.1492e+09
158.4,0.011492,1995.7,2.1492e+09
158.5,0.011485,1994.4,2.1492e+09
158.6,0.011478,1993.2,2.1492e+09
158.7,0.01147,1991.9,2.1492e+09
158.8,0.011463,1990.7,2.1492e+09
158.9,0.011456,1989.4,2.1493e+09
159,0.011448,1988.2,2.1493e+09
159.1,0.011441,1986.9,2.1493e+09
159.2,0.011434,1985.7,2.1493e+09
159.3,0.011427,1984.4,2.1493e+09
159.4,0.011419,1983.1,2.1493e+09
159.5,0.011412,1981.9,2.1493e+09
159.6,0.011405,1980.7,2.1493e+09
159.7,0.011397,1979.4,2.1493e+09
159.8,0.01139,1978.2,2.1493e+09
159.9,0.011383,1976.9,2.1493e+09
160,0.011376,1975.7,2.1493e+09
160.1,0.011369,1974.4,2.1493e+09
160.2,0.011361,1973.2,2.1493e+09
160.3,0.011354,1971.9,2.1493e+09
160.4,0.011347,1970.7,2.1493e+09
160.5,0.01134,1969.5,2.1493e+09
160.6,0.011333,1968.2,2.1493e+09
160.7,0.011325,1967,2.1493e+09
160.8,0.011318,1965.7,2.1493e+09
160.9,0.011311,1964.5,2.1494e+09
161,0.011304,1963.3,2.1494e+09
161.1,0.011297,1962,2.1494e+09
161.2,0.011289,1960.8,2.1494e+09
161.3,0.011282,1959.6,2.1494e+09
161.4,0.011275,1958.3,2.1494e+09
161.5,0.011268,1957.1,2.1494e+09
161.6,0.011261,1955.9,2.1494e+09
161.7,0.011254,1954.6,2.1494e+09
161.8,0.011247,1953.4,2.1494e+09
161.9,0.011239,1952.2,2.1494e+09
162,0.011232,1950.9,2.1494e+09
162.1,0.011225,1949.7,2.1494e+09
162.2,0.011218,1948.5,2.1494e+09
162.3,0.011211,1947.3,2.1494e+09
162.4,0.011204,1946,2.1494e+09
162.5,0.011197,1944.8,2.1494e+09
162.6,0.01119,1943.6,2.1494e+09
162.7,0.011183,1942.4,2.1494e+09
162.8,0.011176,1941.1,2.1494e+09
162.9,0.011169,1939.9,2.1494e+09
163,0.011161,1938.7,2.1494e+09
163.1,0.011154,1937.5,2.1495e+09
163.2,0.011147,1936.3,2.1495e+09
163.3,0.01114,1935,2.1495e+09
163.4,0.011133,1933.8,2.1495e+09
163.5,0.011126,1932.6,2.1495e+09
163.6,0.011119,1931.4,2.1495e+09
163.7,0.011112,1930.2,2.1495e+09
163.8,0.011105,1929,2.1495e+09
163.9,0.011098,1927.7,2.1495e+09
164,0.011091,1926.5,2.1495e+09
164.1,0.011084,1925.3,2.1495e+09
164.2,0.011077,1924.1,2.1495e+09
164.3,0.01107,1922.9,2.1495e+09
164.4,0.011063,1921.7,2.1495e+09
164.5,0.011056,1920.5,2.1495e+09
164.6,0.011049,1919.3,2.1495e+09
164.7,0.011042,1918.1,2.1495e+09
164.8,0.011035,1916.9,2.1495e+09
164.9,0.011028,1915.7,2.1495e+09
165,0.011021,1914.4,2.1495e+09
165.1,0.011014,1913.2,2.1495e+09
165.2,0.011007,1912,2.1495e+09
165.3,0.011,1910.8,2.1495e+09
165.4,0.010993,1909.6,2.1495e+09
165.5,0.010986,1908.4,2.1495e+09
165.6,0.010979,1907.2,2.1495e+09
165.7,0.010973,1906,2.1495e+09
165.8,0.010966,1904.8,2.1495e+09
165.9,0.010959,1903.6,2.1496e+09
166,0.010952,1902.4,2.1496e+09
166.1,0.010945,1901.2,2.1496e+09
166.2,0.010938,1900.1,2.1496e+09
166.3,0.010931,1898.9,2.1496e+09
166.4,0.010924,1897.7,2.1496e+09
166.5,0.010917,1896.5,2.1496e+09
166.6,0.01091,1895.3,2.1496e+09
166.7,0.010903,1894.1,2.1496e+09
166.8,0.010897,1892.9,2.1496e+09
166.9,0.01089,1891.7,2.1496e+09
167,0.010883,1890.5,2.1496e+09
167.1,0.010876,1889.3,2.1496e+09
167.2,0.010869,1888.1,2.1496e+09
167.3,0.010862,1886.9,2.1496e+09
167.4,0.010855,1885.8,2.1496e+09
167.5,0.010849,1884.6,2.1496e+09
167.6,0.010842,1883.4,2.1496e+09
167.7,0.010835,1882.2,2.1496e+09
167.8,0.010828,1881,2.1496e+09
167.9,0.010821,1879.8,2.1496e+09
168,0.010814,1878.7,2.1496e+09
168.1,0.010808,1877.5,2.1496e+09
168.2,0.010801,1876.3,2.1496e+09
168.3,0.010794,1875.1,2.1496e+09
168.4,0.010787,1873.9,2.1496e+09
168.5,0.01078,1872.8,2.1496e+09
168.6,0.010774,1871.6,2.1496e+09
168.7,0.010767,1870.4,2.1496e+09
168.8,0.01076,1869.2,2.1496e+09
168.9,0.010753,1868.1,2.1496e+09
169,0.010746,1866.9,2.1496e+09
169.1,0.01074,1865.7,2.1496e+09
169.2,0.010733,1864.5,2.1496e+09
169.3,0.010726,1863.4,2.1497e+09
169.4,0.010719,1862.2,2.1497e+09
169.5,0.010713,1861,2.1497e+09
169.6,0.010706,1859.9,2.1497e+09
169.7,0.010699,1858.7,2.1497e+09
169.8,0.010692,1857.5,2.1497e+09
169.9,0.010686,1856.4,2.1497e+09
170,0.010679,1855.2,2.1497e+09
170.1,0.010672,1854,2.1497e+09
170.2,0.010665,1852.9,2.1497e+09
170.3,0.010659,1851.7,2.1497e+09
170.4,0.010652,1850.5,2.1497e+09
170.5,0.010645,1849.4,2.1497e+09
170.6,0.010639,1848.2,2.1497e+09
170.7,0.010632,1847,2.1497e+09
170.8,0.010625,1845.9,2.1497e+09
170.9,0.010619,1844.7,2.1497e+09
171,0.010612,1843.6,2.1497e+09
171.1,0.010605,1842.4,2.1497e+09
171.2,0.010598,1841.2,2.1497e+09
171.3,0.010592,1840.1,2.1497e+09
171.4,0.010585,1838.9,2.1497e+09
171.5,0.010578,1837.8,2.1497e+09
171.6,0.010572,1836.6,2.1497e+09
171.7,0.010565,1835.5,2.1497e+09
171.8,0.010558,1834.3,2.1497e+09
171.9,0.010552,1833.2,2.1497e+09
172,0.010545,1832,2.1497e+09
172.1,0.010539,1830.9,2.1497e+09
172.2,0.010532,1829.7,2.1497e+09
172.3,0.010525,1828.6,2.1497e+09
172.4,0.010519,1827.4,2.1497e+09
172.5,0.010512,1826.3,2.1497e+09
172.6,0.010505,1825.1,2.1497e+09
172.7,0.010499,1824,2.1497e+09
172.8,0.010492,1822.8,2.1497e+09
172.9,0.010486,1821.7,2.1497e+09
173,0.010479,1820.5,2.1497e+09
173.1,0.010472,1819.4,2.1497e+09
173.2,0.010466,1818.3,2.1497e+09
173.3,0.010459,1817.1,2.1497e+09
173.4,0.010453,1816,2.1497e+09
173.5,0.010446,1814.8,2.1497e+09
173.6,0.01044,1813.7,2.1497e+09
173.7,0.010433,1812.6,2.1497e+09
173.8,0.010426,1811.4,2.1497e+09
173.9,0.01042,1810.3,2.1498e+09
174,0.010413,1809.1,2.1498e+09
174.1,0.010407,1808,2.1498e+09
174.2,0.0104,1806.9,2.1498e+09
174.3,0.010394,1805.7,2.1498e+09
174.4,0.010387,1804.6,2.1498e+09
174.5,0.010381,1803.5,2.1498e+09
174.6,0.010374,1802.3,2.1498e+09
174.7,0.010368,1801.2,2.1498e+09
174.8,0.010361,1800.1,2.1498e+09
174.9,0.010355,1798.9,2.1498e+09
175,0.010348,1797.8,2.1498e+09
175.1,0.010341,1796.7,2.1498e+09
175.2,0.010335,1795.6,2.1498e+09
175.3,0.010328,1794.4,2.1498e+09
175.4,0.010322,1793.3,2.1498e+09
175.5,0.010316,1792.2,2.1498e+09
175.6,0.010309,1791.1,2.1498e+09
175.7,0.010303,1789.9,2.1498e+09
175.8,0.010296,1788.8,2.1498e+09
175.9,0.01029,1787.7,2.1498e+09
176,0.010283,1786.6,2.1498e+09
176.1,0.010277,1785.4,2.1498e+09
176.2,0.01027,1784.3,2.1498e+09
176.3,0.010264,1783.2,2.1498e+09
176.4,0.010257,1782.1,2.1498e+09
176.5,0.010251,1781,2.1498e+09
176.6,0.010244,1779.9,2.1498e+09
176.7,0.010238,1778.7,2.1498e+09
176.8,0.010232,1777.6,2.1498e+09
176.9,0.010225,1776.5,2.1498e+09
177,0.010219,1775.4,2.1498e+09
177.1,0.010212,1774.3,2.1498e+09
177.2,0.010206,1773.2,2.1498e+09
177.3,0.010199,1772.1,2.1498e+09
177.4,0.010193,1770.9,2.1498e+09
177.5,0.010187,1769.8,2.1498e+09
177.6,0.01018,1768.7,2.1498e+09
177.7,0.010174,1767.6,2.1498e+09
177.8,0.010167,1766.5,2.1498e+09
177.9,0.010161,1765.4,2.1498e+09
178,0.010155,1764.3,2.1498e+09
178.1,0.010148,1763.2,2.1498e+09
178.2,0.010142,1762.1,2.1498e+09
178.3,0.010136,1761,2.1498e+09
178.4,0.010129,1759.9,2.1498e+09
178.5,0.010123,1758.8,2.1498e+09
178.6,0.010116,1757.7,2.1498e+09
178.7,0.01011,1756.6,2.1498e+09
178.8,0.010104,1755.5,2.1498e+09
178.9,0.010097,1754.3,2.1498e+09
179,0.010091,1753.2,2.1498e+09
179.1,0.010085,1752.1,2.1498e+09
179.2,0.010078,1751.1,2.1498e+09
179.3,0.010072,1750,2.1498e+09
179.4,0.010066,1748.9,2.1498e+09
179.5,0.010059,1747.8,2.1498e+09
179.6,0.010053,1746.7,2.1498e+09
179.7,0.010047,1745.6,2.1498e+09
179.8,0.01004,1744.5,2.1498e+09
179.9,0.010034,1743.4,2.1498e+09
180,0.010028,1742.3,2.1498e+09
180.1,0.010022,1741.2,2.1498e+09
180.2,0.010015,1740.1,2.1498e+09
180.3,0.010009,1739,2.1498e+09
180.4,0.010003,1737.9,2.1498e+09
180.5,0.0099964,1736.8,2.1498e+09
180.6,0.0099901,1735.7,2.1498e+09
180.7,0.0099839,1734.7,2.1498e+09
180.8,0.0099776,1733.6,2.1498e+09
180.9,0.0099713,1732.5,2.1499e+09
181,0.0099651,1731.4,2.1499e+09
181.1,0.0099588,1730.3,2.1499e+09
181.2,0.0099526,1729.2,2.1499e+09
181.3,0.0099463,1728.1,2.1499e+09
181.4,0.0099401,1727.1,2.1499e+09
181.5,0.0099338,1726,2.1499e+09
181.6,0.0099276,1724.9,2.1499e+09
181.7,0.0099214,1723.8,2.1499e+09
181.8,0.0099151,1722.7,2.1499e+09
181.9,0.0099089,1721.7,2.1499e+09
182,0.0099027,1720.6,2.1499e+09
182.1,0.0098965,1719.5,2.1499e+09
182.2,0.0098903,1718.4,2.1499e+09
182.3,0.0098841,1717.3,2.1499e+09
182.4,0.0098779,1716.3,2.1499e+09
182.5,0.0098717,1715.2,2.1499e+09
182.6,0.0098655,1714.1,2.1499e+09
182.7,0.0098593,1713,2.1499e+09
182.8,0.0098531,1712,2.1499e+09
182.9,0.0098469,1710.9,2.1499e+09
183,0.0098407,1709.8,2.1499e+09
183.1,0.0098346,1708.8,2.1499e+09
183.2,0.0098284,1707.7,2.1499e+09
183.3,0.0098222,1706.6,2.1499e+09
183.4,0.0098161,1705.5,2.1499e+09
183.5,0.0098099,1704.5,2.1499e+09
183.6,0.0098037,1703.4,2.1499e+09
183.7,0.0097976,1702.3,2.1499e+09
183.8,0.0097914,1701.3,2.1499e+09
183.9,0.0097853,1700.2,2.1499e+09
184,0.0097792,1699.1,2.1499e+09
184.1,0.009773,1698.1,2.1499e+09
184.2,0.0097669,1697,2.1499e+09
184.3,0.0097608,1695.9,2.1499e+09
184.4,0.0097546,1694.9,2.1499e+09
184.5,0.0097485,1693.8,2.1499e+09
184.6,0.0097424,1692.8,2.1499e+09
184.7,0.0097363,1691.7,2.1499e+09
184.8,0.0097302,1690.6,2.1499e+09
184.9,0.0097241,1689.6,2.1499e+09
185,0.009718,1688.5,2.1499e+09
185.1,0.0097119,1687.5,2.1499e+09
185.2,0.0097058,1686.4,2.1499e+09
185.3,0.0096997,1685.4,2.1499e+09
185.4,0.0096936,1684.3,2.1499e+09
185.5,0.0096876,1683.2,2.1499e+09
185.6,0.0096815,1682.2,2.1499e+09
185.7,0.0096754,1681.1,2.1499e+09
185.8,0.0096694,1680.1,2.1499e+09
185.9,0.0096633,1679,2.1499e+09
186,0.0096572,1678,2.1499e+09
186.1,0.0096512,1676.9,2.1499e+09
186.2,0.0096451,1675.9,2.1499e+09
186.3,0.0096391,1674.8,2.1499e+09
186.4,0.009633,1673.8,2.1499e+09
186.5,0.009627,1672.7,2.1499e+09
186.6,0.009621,1671.7,2.1499e+09
186.7,0.0096149,1670.6,2.1499e+09
186.8,0.0096089,1669.6,2.1499e+09
186.9,0.0096029,1668.6,2.1499e+09
187,0.0095969,1667.5,2.1499e+09
187.1,0.0095908,1666.5,2.1499e+09
187.2,0.0095848,1665.4,2.1499e+09
187.3,0.0095788,1664.4,2.1499e+09
187.4,0.0095728,1663.3,2.1499e+09
187.5,0.0095668,1662.3,2.1499e+09
187.6,0.0095608,1661.3,2.1499e+09
187.7,0.0095548,1660.2,2.1499e+09
187.8,0.0095488,1659.2,2.1499e+09
187.9,0.0095429,1658.1,2.1499e+09
188,0.0095369,1657.1,2.1499e+09
188.1,0.0095309,1656.1,2.1499e+09
188.2,0.0095249,1655,2.1499e+09
188.3,0.009519,1654,2.1499e+09
188.4,0.009513,1653,2.1499e+09
188.5,0.009507,1651.9,2.1499e+09
188.6,0.0095011,1650.9,2.1499e+09
188.7,0.0094951,1649.9,2.1499e+09
188.8,0.0094892,1648.8,2.1499e+09
188.9,0.0094832,1647.8,2.1499e+09
189,0.0094773,1646.8,2.1499e+09
189.1,0.0094714,1645.7,2.1499e+09
189.2,0.0094654,1644.7,2.1499e+09
189.3,0.0094595,1643.7,2.1499e+09
189.4,0.0094536,1642.6,2.1499e+09
189.5,0.0094476,1641.6,2.1499e+09
189.6,0.0094417,1640.6,2.1499e+09
189.7,0.0094358,1639.6,2.1499e+09
189.8,0.0094299,1638.5,2.1499e+09
189.9,0.009424,1637.5,2.1499e+09
190,0.0094181,1636.5,2.1499e+09
190.1,0.0094122,1635.5,2.1499e+09
190.2,0.0094063,1634.4,2.1499e+09
190.3,0.0094004,1633.4,2.1499e+09
190.4,0.0093945,1632.4,2.1499e+09
190.5,0.0093886,1631.4,2.1499e+09
190.6,0.0093827,1630.4,2.1499e+09
190.7,0.0093769,1629.3,2.1499e+09
190.8,0.009371,1628.3,2.1499e+09
190.9,0.0093651,1627.3,2.1499e+09
191,0.0093593,1626.3,2.1499e+09
191.1,0.0093534,1625.3,2.1499e+09
191.2,0.0093475,1624.2,2.1499e+09
191.3,0.0093417,1623.2,2.1499e+09
191.4,0.0093358,1622.2,2.1499e+09
191.5,0.00933,1621.2,2.1499e+09
191.6,0.0093242,1620.2,2.1499e+09
191.7,0.0093183,1619.2,2.1499e+09
191.8,0.0093125,1618.2,2.1499e+09
191.9,0.0093067,1617.2,2.1499e+09
192,0.0093008,1616.1,2.1499e+09
192.1,0.009295,1615.1,2.1499e+09
192.2,0.0092892,1614.1,2.1499e+09
192.3,0.0092834,1613.1,2.1499e+09
192.4,0.0092776,1612.1,2.1499e+09
192.5,0.0092717,1611.1,2.1499e+09
192.6,0.0092659,1610.1,2.1499e+09
192.7,0.0092601,1609.1,2.1499e+09
192.8,0.0092543,1608.1,2.1499e+09
192.9,0.0092486,1607.1,2.1499e+09
193,0.0092428,1606.1,2.1499e+09
193.1,0.009237,1605.1,2.1499e+09
193.2,0.0092312,1604.1,2.1499e+09
193.3,0.0092254,1603.1,2.1499e+09
193.4,0.0092196,1602.1,2.1499e+09
193.5,0.0092139,1601.1,2.1499e+09
193.6,0.0092081,1600.1,2.1499e+09
193.7,0.0092023,1599.1,2.1499e+09
193.8,0.0091966,1598.1,2.1499e+09
193.9,0.0091908,1597.1,2.1499e+09
194,0.0091851,1596.1,2.1499e+09
194.1,0.0091793,1595.1,2.1499e+09
194.2,0.0091736,1594.1,2.1499e+09
194.3,0.0091679,1593.1,2.1499e+09
194.4,0.0091621,1592.1,2.1499e+09
194.5,0.0091564,1591.1,2.1499e+09
194.6,0.0091507,1590.1,2.1499e+09
194.7,0.0091449,1589.1,2.1499e+09
194.8,0.0091392,1588.1,2.1499e+09
194.9,0.0091335,1587.1,2.1499e+09
195,0.0091278,1586.1,2.1499e+09
195.1,0.0091221,1585.1,2.1499e+09
195.2,0.0091164,1584.1,2.1499e+09
195.3,0.0091107,1583.1,2.1499e+09
195.4,0.009105,1582.2,2.1499e+09
195.5,0.0090993,1581.2,2.1499e+09
195.6,0.0090936,1580.2,2.1499e+09
195.7,0.0090879,1579.2,2.1499e+09
195.8,0.0090822,1578.2,2.15e+09
195.9,0.0090765,1577.2,2.15e+09
196,0.0090708,1576.2,2.15e+09
196.1,0.0090652,1575.2,2.15e+09
196.2,0.0090595,1574.3,2.15e+09
196.3,0.0090538,1573.3,2.15e+09
196.4,0.0090482,1572.3,2.15e+09
196.5,0.0090425,1571.3,2.15e+09
196.6,0.0090368,1570.3,2.15e+09
196.7,0.0090312,1569.4,2.15e+09
196.8,0.0090255,1568.4,2.15e+09
196.9,0.0090199,1567.4,2.15e+09
197,0.0090143,1566.4,2.15e+09
197.1,0.0090086,1565.4,2.15e+09
197.2,0.009003,1564.5,2.15e+09
197.3,0.0089974,1563.5,2.15e+09
197.4,0.0089917,1562.5,2.15e+09
197.5,0.0089861,1561.5,2.15e+09
197.6,0.0089805,1560.6,2.15e+09
197.7,0.0089749,1559.6,2.15e+09
197.8,0.0089693,1558.6,2.15e+09
197.9,0.0089637,1557.6,2.15e+09
198,0.0089581,1556.7,2.15e+09
198.1,0.0089525,1555.7,2.15e+09
198.2,0.0089469,1554.7,2.15e+09
198.3,0.0089413,1553.8,2.15e+09
198.4,0.0089357,1552.8,2.15e+09
198.5,0.0089301,1551.8,2.15e+09
198.6,0.0089245,1550.8,2.15e+09
198.7,0.0089189,1549.9,2.15e+09
198.8,0.0089134,1548.9,2.15e+09
198.9,0.0089078,1547.9,2.15e+09
199,0.0089022,1547,2.15e+09
199.1,0.0088967,1546,2.15e+09
199.2,0.0088911,1545,2.15e+09
199.3,0.0088855,1544.1,2.15e+09
199.4,0.00888,1543.1,2.15e+09
199.5,0.0088744,1542.2,2.15e+09
199.6,0.0088689,1541.2,2.15e+09
199.7,0.0088634,1540.2,2.15e+09
199.8,0.0088578,1539.3,2.15e+09
199.9,0.0088523,1538.3,2.15e+09
200,0.0088467,1537.3,2.15e+09
