0,1e+07,6000,1e+06
0.1,9.8216e+06,6021.9,9.7458e+05
0.2,9.6464e+06,6043.3,9.4966e+05
0.3,9.4742e+06,6064.2,9.2525e+05
0.4,9.3052e+06,6084.6,9.0133e+05
0.5,9.1392e+06,6104.7,8.7788e+05
0.6,8.9761e+06,6124.2,8.5491e+05
0.7,8.816e+06,6143.4,8.324e+05
0.8,8.6587e+06,6162.1,8.1033e+05
0.9,8.5042e+06,6180.4,7.8871e+05
1,8.3525e+06,6198.3,7.6752e+05
1.1,8.2035e+06,6215.8,7.4676e+05
1.2,8.0571e+06,6232.9,7.2642e+05
1.3,7.9134e+06,6249.6,7.0648e+05
1.4,7.7722e+06,6265.9,6.8695e+05
1.5,7.6335e+06,6281.9,6.6781e+05
1.6,7.4973e+06,6297.5,6.4907e+05
1.7,7.3635e+06,6312.7,6.307e+05
1.8,7.2322e+06,6327.6,6.1271e+05
1.9,7.1031e+06,6342.1,5.951e+05
2,6.9764e+06,6356.3,5.7785e+05
2.1,6.8519e+06,6370.1,5.6096e+05
2.2,6.7297e+06,6383.6,5.4442e+05
2.3,6.6096e+06,6396.8,5.2823e+05
2.4,6.4917e+06,6409.7,5.1239e+05
2.5,6.3759e+06,6422.2,4.9689e+05
2.6,6.2621e+06,6434.5,4.8172e+05
2.7,6.1504e+06,6446.4,4.6689e+05
2.8,6.0407e+06,6458.1,4.5242e+05
2.9,5.9329e+06,6469.5,4.3827e+05
3,5.827e+06,6480.5,4.2443e+05
3.1,5.7231e+06,6491.3,4.109e+05
3.2,5.621e+06,6501.9,3.9768e+05
3.3,5.5207e+06,6512.1,3.8477e+05
3.4,5.4222e+06,6522.1,3.7215e+05
3.5,5.3254e+06,6531.9,3.5984e+05
3.6,5.2304e+06,6541.3,3.4781e+05
3.7,5.1371e+06,6550.6,3.3608e+05
3.8,5.0454e+06,6559.5,3.2464e+05
3.9,4.9554e+06,6568.3,3.1348e+05
4,4.867e+06,6576.8,3.0261e+05
4.1,4.7802e+06,6585,2.9201e+05
4.2,4.6949e+06,6593.1,2.8169e+05
4.3,4.6111e+06,6600.9,2.7164e+05
4.4,4.5289e+06,6608.5,2.6186e+05
4.5,4.4481e+06,6615.8,2.5235e+05
4.6,4.3687e+06,6623,2.4309e+05
4.7,4.2908e+06,6630,2.341e+05
4.8,4.2142e+06,6636.7,2.2536e+05
4.9,4.139e+06,6643.3,2.1687e+05
5,4.0652e+06,6649.6,2.0863e+05
5.1,3.9926e+06,6655.8,2.0063e+05
5.2,3.9214e+06,6661.7,1.9287e+05
5.3,3.8514e+06,6667.5,1.8536e+05
5.4,3.7827e+06,6673.1,1.7808e+05
5.5,3.7152e+06,6678.5,1.7102e+05
5.6,3.649e+06,6683.7,1.6419e+05
5.7,3.5838e+06,6688.8,1.5757e+05
5.8,3.5199e+06,6693.7,1.5117e+05
5.9,3.4571e+06,6698.4,1.4499e+05
6,3.3954e+06,6702.9,1.3901e+05
6.1,3.3348e+06,6707.3,1.3323e+05
6.2,3.2753e+06,6711.6,1.2765e+05
6.3,3.2169e+06,6715.6,1.2226e+05
6.4,3.1595e+06,6719.6,1.1707e+05
6.5,3.1031e+06,6723.3,1.1206e+05
6.6,3.0478e+06,6727,1.0723e+05
6.7,2.9934e+06,6730.4,1.0258e+05
6.8,2.94e+06,6733.8,98096
6.9,2.8875e+06,6737,93783
7,2.836e+06,6740,89634
7.1,2.7854e+06,6743,85644
7.2,2.7357e+06,6745.8,81808
7.3,2.6869e+06,6748.4,78122
7.4,2.639e+06,6751,74581
7.5,2.5919e+06,6753.4,71182
7.6,2.5457e+06,6755.7,67920
7.7,2.5002e+06,6757.8,64791
7.8,2.4556e+06,6759.9,61791
7.9,2.4118e+06,6761.8,58915
8,2.3688e+06,6763.6,56160
8.1,2.3265e+06,6765.4,53520
8.2,2.285e+06,6767,50993
8.3,2.2442e+06,6768.4,48574
8.4,2.2042e+06,6769.8,46260
8.5,2.1649e+06,6771.1,44046
8.6,2.1263e+06,6772.3,41930
8.7,2.0883e+06,6773.4,39907
8.8,2.0511e+06,6774.3,37974
8.9,2.0145e+06,6775.2,36128
9,1.9785e+06,6776,34365
9.1,1.9432e+06,6776.7,32682
9.2,1.9086e+06,6777.3,31076
9.3,1.8745e+06,6777.8,29545
9.4,1.8411e+06,6778.2,28083
9.5,1.8082e+06,6778.6,26690
9.6,1.776e+06,6778.8,25362
9.7,1.7443e+06,6779,24097
9.8,1.7131e+06,6779.1,22891
9.9,1.6826e+06,6779.1,21743
10,1.6526e+06,6779,20649
10.1,1.6231e+06,6778.9,19608
10.2,1.5941e+06,6778.7,18617
10.3,1.5657e+06,6778.4,17674
10.4,1.5377e+06,6778,16777
10.5,1.5103e+06,6777.6,15924
10.6,1.4834e+06,6777,15112
10.7,1.4569e+06,6776.5,14341
10.8,1.4309e+06,6775.8,13607
10.9,1.4054e+06,6775.1,12910
11,1.3803e+06,6774.3,12247
11.1,1.3557e+06,6773.5,11617
11.2,1.3315e+06,6772.6,11019
11.3,1.3077e+06,6771.6,10451
11.4,1.2844e+06,6770.6,9911.2
11.5,1.2615e+06,6769.5,9398.8
11.6,1.239e+06,6768.3,8912.2
11.7,1.2169e+06,6767.1,8450.3
11.8,1.1952e+06,6765.9,8011.9
11.9,1.1738e+06,6764.5,7595.8
12,1.1529e+06,6763.2,7200.9
12.1,1.1323e+06,6761.7,6826.2
12.2,1.1121e+06,6760.3,6470.7
12.3,1.0923e+06,6758.7,6133.5
12.4,1.0728e+06,6757.2,5813.6
12.5,1.0536e+06,6755.5,5510.2
12.6,1.0349e+06,6753.9,5222.4
12.7,1.0164e+06,6752.1,4949.5
12.8,9.9825e+05,6750.4,4690.7
12.9,9.8044e+05,6748.6,4445.4
13,9.6295e+05,6746.7,4212.8
13.1,9.4577e+05,6744.8,3992.2
13.2,9.289e+05,6742.8,3783.2
13.3,9.1232e+05,6740.9,3585.1
13.4,8.9605e+05,6738.8,3397.2
13.5,8.8006e+05,6736.8,3219.2
13.6,8.6436e+05,6734.6,3050.5
13.7,8.4894e+05,6732.5,2890.6
13.8,8.3379e+05,6730.3,2739.1
13.9,8.1891e+05,6728.1,2595.6
14,8.043e+05,6725.8,2459.5
14.1,7.8995e+05,6723.5,2330.6
14.2,7.7586e+05,6721.2,2208.5
14.3,7.6202e+05,6718.8,2092.8
14.4,7.4842e+05,6716.4,1983.2
14.5,7.3507e+05,6714,1879.3
14.6,7.2195e+05,6711.5,1780.9
14.7,7.0907e+05,6709,1687.7
14.8,6.9642e+05,6706.5,1599.4
14.9,6.84e+05,6703.9,1515.7
15,6.7179e+05,6701.3,1436.5
15.1,6.5981e+05,6698.7,1361.4
15.2,6.4804e+05,6696,1290.3
15.3,6.3647e+05,6693.4,1222.9
15.4,6.2512e+05,6690.7,1159.1
15.5,6.1396e+05,6687.9,1098.7
15.6,6.0301e+05,6685.2,1041.4
15.7,5.9225e+05,6682.4,987.16
15.8,5.8169e+05,6679.6,935.78
15.9,5.7131e+05,6676.7,887.11
16,5.6111e+05,6673.8,841
16.1,5.511e+05,6671,797.33
16.2,5.4127e+05,6668,755.95
16.3,5.3161e+05,6665.1,716.76
16.4,5.2213e+05,6662.1,679.63
16.5,5.1281e+05,6659.2,644.46
16.6,5.0366e+05,6656.2,611.14
16.7,4.9468e+05,6653.1,579.57
16.8,4.8585e+05,6650.1,549.67
16.9,4.7718e+05,6647,521.33
17,4.6867e+05,6643.9,494.49
17.1,4.6031e+05,6640.8,469.06
17.2,4.521e+05,6637.7,444.96
17.3,4.4403e+05,6634.5,422.13
17.4,4.3611e+05,6631.4,400.49
17.5,4.2833e+05,6628.2,379.99
17.6,4.2068e+05,6625,360.57
17.7,4.1318e+05,6621.8,342.16
17.8,4.0581e+05,6618.5,324.71
17.9,3.9857e+05,6615.3,308.18
18,3.9146e+05,6612,292.51
18.1,3.8447e+05,6608.7,277.66
18.2,3.7761e+05,6605.4,263.59
18.3,3.7087e+05,6602.1,250.25
18.4,3.6426e+05,6598.7,237.6
18.5,3.5776e+05,6595.4,225.62
18.6,3.5138e+05,6592,214.25
18.7,3.4511e+05,6588.7,203.48
18.8,3.3895e+05,6585.3,193.27
18.9,3.329e+05,6581.9,183.58
19,3.2696e+05,6578.4,174.4
19.1,3.2113e+05,6575,165.69
19.2,3.154e+05,6571.6,157.44
19.3,3.0977e+05,6568.1,149.61
19.4,3.0425e+05,6564.6,142.18
19.5,2.9882e+05,6561.2,135.14
19.6,2.9349e+05,6557.7,128.46
19.7,2.8825e+05,6554.2,122.12
19.8,2.8311e+05,6550.6,116.11
19.9,2.7806e+05,6547.1,110.41
20,2.731e+05,6543.6,105
20.1,2.6822e+05,6540,99.864
20.2,2.6344e+05,6536.5,94.993
20.3,2.5874e+05,6532.9,90.371
20.4,2.5412e+05,6529.3,85.984
20.5,2.4959e+05,6525.7,81.821
20.6,2.4513e+05,6522.1,77.869
20.7,2.4076e+05,6518.5,74.118
20.8,2.3646e+05,6514.9,70.557
20.9,2.3225e+05,6511.3,67.177
21,2.281e+05,6507.7,63.967
21.1,2.2403e+05,6504,60.92
21.2,2.2004e+05,6500.4,58.026
21.3,2.1611e+05,6496.7,55.277
21.4,2.1225e+05,6493,52.667
21.5,2.0847e+05,6489.4,50.188
21.6,2.0475e+05,6485.7,47.832
21.7,2.0109e+05,6482,45.595
21.8,1.9751e+05,6478.3,43.469
21.9,1.9398e+05,6474.6,41.449
22,1.9052e+05,6470.9,39.529
22.1,1.8712e+05,6467.2,37.705
22.2,1.8378e+05,6463.5,35.971
22.3,1.8051e+05,6459.8,34.323
22.4,1.7728e+05,6456,32.756
22.5,1.7412e+05,6452.3,31.266
22.6,1.7102e+05,6448.5,29.85
22.7,1.6796e+05,6444.8,28.503
22.8,1.6497e+05,6441,27.222
22.9,1.6202e+05,6437.3,26.003
23,1.5913e+05,6433.5,24.844
23.1,1.5629e+05,6429.7,23.742
23.2,1.5351e+05,6426,22.693
23.3,1.5077e+05,6422.2,21.695
23.4,1.4808e+05,6418.4,20.745
23.5,1.4544e+05,6414.6,19.841
23.6,1.4284e+05,6410.8,18.98
23.7,1.4029e+05,6407,18.161
23.8,1.3779e+05,6403.2,17.381
23.9,1.3533e+05,6399.4,16.638
24,1.3292e+05,6395.6,15.931
24.1,1.3054e+05,6391.8,15.257
24.2,1.2822e+05,6388,14.616
24.3,1.2593e+05,6384.2,14.005
24.4,1.2368e+05,6380.3,13.422
24.5,1.2147e+05,6376.5,12.867
24.6,1.1931e+05,6372.7,12.339
24.7,1.1718e+05,6368.8,11.835
24.8,1.1509e+05,6365,11.354
24.9,1.1303e+05,6361.2,10.896
25,1.1102e+05,6357.3,10.46
25.1,1.0904e+05,6353.5,10.043
25.2,1.0709e+05,6349.6,9.6463
25.3,1.0518e+05,6345.8,9.2676
25.4,1.033e+05,6341.9,8.9063
25.5,1.0146e+05,6338.1,8.5617
25.6,99651,6334.2,8.2329
25.7,97873,6330.4,7.9191
25.8,96127,6326.5,7.6196
25.9,94412,6322.6,7.3337
26,92727,6318.8,7.0609
26.1,91073,6314.9,6.8004
26.2,89448,6311,6.5516
26.3,87852,6307.2,6.3141
26.4,86285,6303.3,6.0873
26.5,84745,6299.4,5.8706
26.6,83233,6295.5,5.6636
26.7,81748,6291.7,5.4659
26.8,80290,6287.8,5.277
26.9,78857,6283.9,5.0965
27,77450,6280,4.924
27.1,76069,6276.2,4.7591
27.2,74711,6272.3,4.6016
27.3,73378,6268.4,4.451
27.4,72069,6264.5,4.307
27.5,70783,6260.6,4.1693
27.6,69521,6256.7,4.0378
27.7,68280,6252.9,3.9119
27.8,67062,6249,3.7916
27.9,65866,6245.1,3.6766
28,64690,6241.2,3.5666
28.1,63536,6237.3,3.4615
28.2,62403,6233.4,3.3609
28.3,61289,6229.5,3.2647
28.4,60196,6225.6,3.1728
28.5,59122,6221.7,3.0849
28.6,58067,6217.9,3.0008
28.7,57031,6214,2.9204
28.8,56013,6210.1,2.8436
28.9,55014,6206.2,2.7702
29,54033,6202.3,2.7
29.1,53069,6198.4,2.6329
29.2,52122,6194.5,2.5689
29.3,51192,6190.6,2.5077
29.4,50278,6186.7,2.4493
29.5,49381,6182.8,2.3935
29.6,48500,6178.9,2.3403
29.7,47635,6175.1,2.2895
29.8,46785,6171.2,2.2411
29.9,45950,6167.3,2.195
30,45131,6163.4,2.1511
30.1,44325,6159.5,2.1093
30.2,43535,6155.6,2.0695
30.3,42758,6151.7,2.0317
30.4,41995,6147.8,1.9959
30.5,41246,6144,1.9619
30.6,40510,6140.1,1.9296
30.7,39787,6136.2,1.8992
30.8,39077,6132.3,1.8704
30.9,38380,6128.4,1.8432
31,37695,6124.5,1.8177
31.1,37023,6120.7,1.7937
31.2,36362,6116.8,1.7713
31.3,35713,6112.9,1.7503
31.4,35076,6109,1.7308
31.5,34450,6105.1,1.7128
31.6,33836,6101.3,1.6961
31.7,33232,6097.4,1.6808
31.8,32639,6093.5,1.6669
31.9,32057,6089.6,1.6544
32,31485,6085.8,1.6432
32.1,30923,6081.9,1.6333
32.2,30371,6078,1.6248
32.3,29830,6074.1,1.6175
32.4,29297,6070.3,1.6116
32.5,28775,6066.4,1.607
32.6,28261,6062.5,1.6037
32.7,27757,6058.7,1.6018
32.8,27262,6054.8,1.6012
32.9,26775,6050.9,1.602
33,26298,6047.1,1.6041
33.1,25829,6043.2,1.6076
33.2,25368,6039.4,1.6126
33.3,24915,6035.5,1.619
33.4,24471,6031.6,1.6269
33.5,24034,6027.8,1.6364
33.6,23605,6023.9,1.6474
33.7,23184,6020.1,1.66
33.8,22770,6016.2,1.6743
33.9,22364,6012.4,1.6903
34,21965,6008.5,1.7082
34.1,21573,6004.7,1.7279
34.2,21188,6000.8,1.7495
34.3,20810,5997,1.7732
34.4,20439,5993.1,1.799
34.5,20074,5989.3,1.8271
34.6,19716,5985.5,1.8575
34.7,19364,5981.6,1.8904
34.8,19019,5977.8,1.9259
34.9,18680,5974,1.9642
35,18346,5970.1,2.0053
35.1,18019,5966.3,2.0496
35.2,17698,5962.5,2.0971
35.3,17382,5958.6,2.1481
35.4,17072,5954.8,2.2028
35.5,16767,5951,2.2614
35.6,16468,5947.2,2.3243
35.7,16174,5943.3,2.3916
35.8,15886,5939.5,2.4638
35.9,15602,5935.7,2.5411
36,15324,5931.9,2.624
36.1,15050,5928.1,2.7128
36.2,14782,5924.2,2.8079
36.3,14518,5920.4,2.91
36.4,14259,5916.6,3.0195
36.5,14005,5912.8,3.137
36.6,13755,5909,3.2631
36.7,13509,5905.2,3.3986
36.8,13268,5901.4,3.5443
36.9,13032,5897.6,3.7009
37,12799,5893.8,3.8694
37.1,12571,5890,4.0509
37.2,12347,5886.2,4.2465
37.3,12126,5882.4,4.4574
37.4,11910,5878.6,4.685
37.5,11697,5874.8,4.9309
37.6,11489,5871.1,5.1968
37.7,11284,5867.3,5.4845
37.8,11082,5863.5,5.7961
37.9,10885,5859.7,6.1339
38,10690,5855.9,6.5005
38.1,10500,5852.2,6.8986
38.2,10312,5848.4,7.3316
38.3,10128,5844.6,7.8029
38.4,9947.7,5840.8,8.3164
38.5,9770.2,5837.1,8.8765
38.6,9595.9,5833.3,9.4882
38.7,9424.7,5829.5,10.157
38.8,9256.6,5825.8,10.889
38.9,9091.4,5822,11.691
39,8929.2,5818.3,12.571
39.1,8769.9,5814.5,13.538
39.2,8613.4,5810.7,14.601
39.3,8459.7,5807,15.771
39.4,8308.8,5803.2,17.062
39.5,8160.6,5799.5,18.487
39.6,8015,5795.7,20.062
39.7,7872,5792,21.806
39.8,7731.5,5788.3,23.738
39.9,7593.6,5784.5,25.883
40,7458.1,5780.8,28.268
40.1,7325,5777,30.921
40.2,7194.3,5773.3,33.879
40.3,7066,5769.6,37.181
40.4,6939.9,5765.8,40.873
40.5,6816.1,5762.1,45.006
40.6,6694.5,5758.4,49.641
40.7,6575,5754.7,54.846
40.8,6457.7,5750.9,60.702
40.9,6342.5,5747.2,67.3
41,6229.4,5743.5,74.747
41.1,6118.2,5739.8,83.168
41.2,6009.1,5736.1,92.706
41.3,5901.9,5732.4,103.53
41.4,5796.6,5728.7,115.83
41.5,5693.1,5724.9,129.85
41.6,5591.6,5721.2,145.85
41.7,5491.8,5717.5,164.15
41.8,5393.8,5713.8,185.14
41.9,5297.6,5710.1,209.26
42,5203.1,5706.4,237.05
42.1,5110.2,5702.8,269.16
42.2,5019.1,5699.1,306.36
42.3,4929.5,5695.4,349.6
42.4,4841.6,5691.7,400.03
42.5,4755.2,5688,459.06
42.6,4670.3,5684.3,528.44
42.7,4587,5680.6,610.34
42.8,4505.2,5677,707.52
42.9,4424.8,5673.3,823.5
43,4345.9,5669.6,962.85
43.1,4268.3,5666,1131.5
43.2,4192.2,5662.3,1337.3
43.3,4117.4,5658.6,1591.2
43.4,4043.9,5655,1907.9
43.5,3971.8,5651.3,2308.9
43.6,3900.9,5647.7,2825.3
43.7,3831.3,5644,3504.7
43.8,3762.9,5640.4,4421
43.9,3695.8,5636.7,5698.3
44,3629.9,5633.1,7547.2
44.1,3565.1,5629.5,10304
44.2,3501.5,5625.9,14211
44.3,3439,5622.3,19613
44.4,3377.7,5618.7,27070
44.5,3317.4,5615.1,37362
44.6,3258.2,5611.5,51564
44.7,3200.1,5607.9,71157
44.8,3143,5604.3,98180
44.9,3086.9,5600.7,1.3544e+05
45,3031.8,5597.1,1.8678e+05
45.1,2977.8,5593.5,2.5749e+05
45.2,2924.6,5589.9,3.5477e+05
45.3,2872.4,5586.3,4.8843e+05
45.4,2821.2,5582.7,6.7178e+05
45.5,2770.9,5579.2,9.2267e+05
45.6,2721.4,5575.6,1.2649e+06
45.7,2672.9,5572,1.7297e+06
45.8,2625.2,5568.4,2.3574e+06
45.9,2578.4,5564.9,3.1989e+06
46,2532.4,5561.3,4.3163e+06
46.1,2487.2,5557.7,5.7823e+06
46.2,2442.8,5554.2,7.6781e+06
46.3,2399.2,5550.6,1.0088e+07
46.4,2356.4,5547,1.3092e+07
46.5,2314.4,5543.5,1.6759e+07
46.6,2273.1,5539.9,2.1137e+07
46.7,2232.5,5536.4,2.6251e+07
46.8,2192.7,5532.8,3.21e+07
46.9,2153.6,5529.3,3.8661e+07
47,2115.1,5525.7,4.5895e+07
47.1,2077.4,5522.2,5.3748e+07
47.2,2040.3,5518.6,6.2165e+07
47.3,2003.9,5515.1,7.1086e+07
47.4,1968.2,5511.5,8.0453e+07
47.5,1933.1,5508,9.0213e+07
47.6,1898.6,5504.5,1.0032e+08
47.7,1864.7,5500.9,1.1072e+08
47.8,1831.4,5497.4,1.2138e+08
47.9,1798.8,5493.9,1.3226e+08
48,1766.7,5490.4,1.4333e+08
48.1,1735.2,5486.8,1.5456e+08
48.2,1704.2,5483.3,1.6594e+08
48.3,1673.8,5479.8,1.7743e+08
48.4,1643.9,5476.3,1.8902e+08
48.5,1614.6,5472.8,2.0068e+08
48.6,1585.8,5469.3,2.1242e+08
48.7,1557.5,5465.7,2.2421e+08
48.8,1529.7,5462.2,2.3603e+08
48.9,1502.4,5458.7,2.4789e+08
49,1475.6,5455.2,2.5977e+08
49.1,1449.3,5451.7,2.7167e+08
49.2,1423.4,5448.2,2.8357e+08
49.3,1398,5444.7,2.9547e+08
49.4,1373.1,5441.2,3.0736e+08
49.5,1348.6,5437.7,3.1924e+08
49.6,1324.5,5434.3,3.311e+08
49.7,1300.9,5430.8,3.4294e+08
49.8,1277.7,5427.3,3.5475e+08
49.9,1254.9,5423.8,3.6654e+08
50,1232.5,5420.3,3.7829e+08
50.1,1210.5,5416.8,3.9001e+08
50.2,1188.9,5413.4,4.0169e+08
50.3,1167.7,5409.9,4.1333e+08
50.4,1146.9,5406.4,4.2493e+08
50.5,1126.4,5402.9,4.3648e+08
50.6,1106.3,5399.5,4.4799e+08
50.7,1086.6,5396,4.5945e+08
50.8,1067.2,5392.5,4.7086e+08
50.9,1048.2,5389.1,4.8222e+08
51,1029.5,5385.6,4.9353e+08
51.1,1011.1,5382.2,5.0478e+08
51.2,993.06,5378.7,5.1598e+08
51.3,975.34,5375.3,5.2712e+08
51.4,957.94,5371.8,5.3821e+08
51.5,940.85,5368.4,5.4925e+08
51.6,924.06,5364.9,5.6022e+08
51.7,907.58,5361.5,5.7114e+08
51.8,891.38,5358,5.82e+08
51.9,875.48,5354.6,5.928e+08
52,859.86,5351.1,6.0354e+08
52.1,844.52,5347.7,6.1422e+08
52.2,829.45,5344.3,6.2484e+08
52.3,814.66,5340.9,6.354e+08
52.4,800.12,5337.4,6.459e+08
52.5,785.85,5334,6.5634e+08
52.6,771.83,5330.6,6.6672e+08
52.7,758.06,5327.1,6.7704e+08
52.8,744.53,5323.7,6.873e+08
52.9,731.25,5320.3,6.9749e+08
53,718.2,5316.9,7.0763e+08
53.1,705.39,5313.5,7.177e+08
53.2,692.8,5310.1,7.2771e+08
53.3,680.44,5306.7,7.3766e+08
53.4,668.3,5303.3,7.4755e+08
53.5,656.38,5299.9,7.5738e+08
53.6,644.67,5296.4,7.6715e+08
53.7,633.17,5293,7.7685e+08
53.8,621.87,5289.7,7.865e+08
53.9,610.78,5286.3,7.9608e+08
54,599.88,5282.9,8.0561e+08
54.1,589.18,5279.5,8.1507e+08
54.2,578.67,5276.1,8.2447e+08
54.3,568.35,5272.7,8.3382e+08
54.4,558.21,5269.3,8.431e+08
54.5,548.25,5265.9,8.5232e+08
54.6,538.47,5262.5,8.6149e+08
54.7,528.86,5259.2,8.7059e+08
54.8,519.42,5255.8,8.7964e+08
54.9,510.16,5252.4,8.8862e+08
55,501.06,5249,8.9755e+08
55.1,492.12,5245.7,9.0642e+08
55.2,483.34,5242.3,9.1523e+08
55.3,474.71,5238.9,9.2398e+08
55.4,466.25,5235.6,9.3267e+08
55.5,457.93,5232.2,9.4131e+08
55.6,449.76,5228.9,9.4989e+08
55.7,441.73,5225.5,9.5841e+08
55.8,433.85,5222.1,9.6688e+08
55.9,426.11,5218.8,9.7529e+08
56,418.51,5215.4,9.8364e+08
56.1,411.04,5212.1,9.9194e+08
56.2,403.71,5208.7,1.0002e+09
56.3,396.51,5205.4,1.0084e+09
56.4,389.44,5202.1,1.0165e+09
56.5,382.49,5198.7,1.0246e+09
56.6,375.66,5195.4,1.0326e+09
56.7,368.96,5192.1,1.0406e+09
56.8,362.38,5188.7,1.0485e+09
56.9,355.91,5185.4,1.0563e+09
57,349.57,5182.1,1.0641e+09
57.1,343.33,5178.7,1.0719e+09
57.2,337.2,5175.4,1.0796e+09
57.3,331.19,5172.1,1.0872e+09
57.4,325.28,5168.8,1.0948e+09
57.5,319.48,5165.4,1.1024e+09
57.6,313.78,5162.1,1.1099e+09
57.7,308.18,5158.8,1.1173e+09
57.8,302.68,5155.5,1.1247e+09
57.9,297.28,5152.2,1.132e+09
58,291.98,5148.9,1.1393e+09
58.1,286.77,5145.6,1.1465e+09
58.2,281.65,5142.3,1.1537e+09
58.3,276.63,5139,1.1609e+09
58.4,271.69,5135.7,1.168e+09
58.5,266.85,5132.4,1.175e+09
58.6,262.09,5129.1,1.182e+09
58.7,257.41,5125.8,1.1889e+09
58.8,252.82,5122.5,1.1958e+09
58.9,248.31,5119.2,1.2027e+09
59,243.88,5115.9,1.2095e+09
59.1,239.53,5112.6,1.2162e+09
59.2,235.26,5109.4,1.2229e+09
59.3,231.06,5106.1,1.2296e+09
59.4,226.94,5102.8,1.2362e+09
59.5,222.89,5099.5,1.2427e+09
59.6,218.91,5096.3,1.2493e+09
59.7,215.01,5093,1.2557e+09
59.8,211.17,5089.7,1.2622e+09
59.9,207.4,5086.5,1.2685e+09
60,203.7,5083.2,1.2749e+09
60.1,200.07,5079.9,1.2812e+09
60.2,196.5,5076.7,1.2874e+09
60.3,193,5073.4,1.2936e+09
60.4,189.55,5070.2,1.2998e+09
60.5,186.17,5066.9,1.3059e+09
60.6,182.85,5063.6,1.312e+09
60.7,179.59,5060.4,1.318e+09
60.8,176.39,5057.1,1.324e+09
60.9,173.24,5053.9,1.33e+09
61,170.15,5050.7,1.3359e+09
61.1,167.11,5047.4,1.3417e+09
61.2,164.13,5044.2,1.3476e+09
61.3,161.2,5040.9,1.3533e+09
61.4,158.33,5037.7,1.3591e+09
61.5,155.5,5034.5,1.3648e+09
61.6,152.73,5031.2,1.3704e+09
61.7,150.01,5028,1.3761e+09
61.8,147.33,5024.8,1.3816e+09
61.9,144.7,5021.6,1.3872e+09
62,142.12,5018.3,1.3927e+09
62.1,139.59,5015.1,1.3982e+09
62.2,137.1,5011.9,1.4036e+09
62.3,134.65,5008.7,1.409e+09
62.4,132.25,5005.5,1.4143e+09
62.5,129.89,5002.3,1.4196e+09
62.6,127.57,4999,1.4249e+09
62.7,125.3,4995.8,1.4301e+09
62.8,123.06,4992.6,1.4353e+09
62.9,120.87,4989.4,1.4405e+09
63,118.71,4986.2,1.4456e+09
63.1,116.59,4983,1.4507e+09
63.2,114.51,4979.8,1.4558e+09
63.3,112.47,4976.6,1.4608e+09
63.4,110.46,4973.4,1.4658e+09
63.5,108.49,4970.2,1.4707e+09
63.6,106.56,4967.1,1.4756e+09
63.7,104.66,4963.9,1.4805e+09
63.8,102.79,4960.7,1.4853e+09
63.9,100.96,4957.5,1.4901e+09
64,99.158,4954.3,1.4949e+09
64.1,97.389,4951.1,1.4996e+09
64.2,95.652,4948,1.5043e+09
64.3,93.946,4944.8,1.509e+09
64.4,92.27,4941.6,1.5136e+09
64.5,90.624,4938.4,1.5182e+09
64.6,89.008,4935.3,1.5228e+09
64.7,87.421,4932.1,1.5274e+09
64.8,85.861,4928.9,1.5319e+09
64.9,84.33,4925.8,1.5363e+09
65,82.826,4922.6,1.5408e+09
65.1,81.349,4919.5,1.5452e+09
65.2,79.898,4916.3,1.5496e+09
65.3,78.473,4913.1,1.5539e+09
65.4,77.073,4910,1.5582e+09
65.5,75.698,4906.8,1.5625e+09
65.6,74.348,4903.7,1.5668e+09
65.7,73.022,4900.5,1.571e+09
65.8,71.72,4897.4,1.5752e+09
65.9,70.441,4894.3,1.5793e+09
66,69.185,4891.1,1.5835e+09
66.1,67.951,4888,1.5876e+09
66.2,66.739,4884.8,1.5917e+09
66.3,65.549,4881.7,1.5957e+09
66.4,64.38,4878.6,1.5997e+09
66.5,63.231,4875.4,1.6037e+09
66.6,62.104,4872.3,1.6077e+09
66.7,60.996,4869.2,1.6116e+09
66.8,59.908,4866.1,1.6155e+09
66.9,58.84,4862.9,1.6194e+09
67,57.791,4859.8,1.6232e+09
67.1,56.76,4856.7,1.627e+09
67.2,55.748,4853.6,1.6308e+09
67.3,54.754,4850.5,1.6346e+09
67.4,53.777,4847.4,1.6383e+09
67.5,52.818,4844.3,1.642e+09
67.6,51.877,4841.1,1.6457e+09
67.7,50.951,4838,1.6494e+09
67.8,50.043,4834.9,1.653e+09
67.9,49.151,4831.8,1.6566e+09
68,48.274,4828.7,1.6602e+09
68.1,47.413,4825.6,1.6638e+09
68.2,46.568,4822.5,1.6673e+09
68.3,45.738,4819.5,1.6708e+09
68.4,44.922,4816.4,1.6743e+09
68.5,44.121,4813.3,1.6777e+09
68.6,43.334,4810.2,1.6811e+09
68.7,42.562,4807.1,1.6845e+09
68.8,41.803,4804,1.6879e+09
68.9,41.057,4800.9,1.6913e+09
69,40.325,4797.9,1.6946e+09
69.1,39.606,4794.8,1.6979e+09
69.2,38.9,4791.7,1.7012e+09
69.3,38.207,4788.6,1.7045e+09
69.4,37.525,4785.6,1.7077e+09
69.5,36.856,4782.5,1.7109e+09
69.6,36.199,4779.4,1.7141e+09
69.7,35.554,4776.3,1.7173e+09
69.8,34.92,4773.3,1.7204e+09
69.9,34.297,4770.2,1.7235e+09
70,33.686,4767.2,1.7266e+09
70.1,33.085,4764.1,1.7297e+09
70.2,32.496,4761,1.7327e+09
70.3,31.916,4758,1.7358e+09
70.4,31.347,4754.9,1.7388e+09
70.5,30.789,4751.9,1.7418e+09
70.6,30.24,4748.8,1.7447e+09
70.7,29.701,4745.8,1.7477e+09
70.8,29.171,4742.8,1.7506e+09
70.9,28.651,4739.7,1.7535e+09
71,28.141,4736.7,1.7564e+09
71.1,27.639,4733.6,1.7592e+09
71.2,27.146,4730.6,1.7621e+09
71.3,26.662,4727.6,1.7649e+09
71.4,26.187,4724.5,1.7677e+09
71.5,25.72,4721.5,1.7705e+09
71.6,25.262,4718.5,1.7732e+09
71.7,24.812,4715.4,1.776e+09
71.8,24.37,4712.4,1.7787e+09
71.9,23.935,4709.4,1.7814e+09
72,23.509,4706.4,1.7841e+09
72.1,23.09,4703.4,1.7867e+09
72.2,22.678,4700.3,1.7894e+09
72.3,22.274,4697.3,1.792e+09
72.4,21.877,4694.3,1.7946e+09
72.5,21.487,4691.3,1.7972e+09
72.6,21.104,4688.3,1.7997e+09
72.7,20.728,4685.3,1.8023e+09
72.8,20.359,4682.3,1.8048e+09
72.9,19.996,4679.3,1.8073e+09
73,19.64,4676.3,1.8098e+09
73.1,19.29,4673.3,1.8123e+09
73.2,18.946,4670.3,1.8147e+09
73.3,18.609,4667.3,1.8172e+09
73.4,18.277,4664.3,1.8196e+09
73.5,17.951,4661.3,1.822e+09
73.6,17.632,4658.3,1.8244e+09
73.7,17.318,4655.3,1.8268e+09
73.8,17.009,4652.4,1.8291e+09
73.9,16.706,4649.4,1.8314e+09
74,16.408,4646.4,1.8338e+09
74.1,16.116,4643.4,1.8361e+09
74.2,15.829,4640.4,1.8384e+09
74.3,15.547,4637.5,1.8406e+09
74.4,15.27,4634.5,1.8429e+09
74.5,14.998,4631.5,1.8451e+09
74.6,14.731,4628.5,1.8473e+09
74.7,14.469,4625.6,1.8495e+09
74.8,14.211,4622.6,1.8517e+09
74.9,13.958,4619.6,1.8539e+09
75,13.709,4616.7,1.856e+09
75.1,13.465,4613.7,1.8582e+09
75.2,13.225,4610.8,1.8603e+09
75.3,12.99,4607.8,1.8624e+09
75.4,12.759,4604.9,1.8645e+09
75.5,12.531,4601.9,1.8666e+09
75.6,12.308,4598.9,1.8686e+09
75.7,12.089,4596,1.8707e+09
75.8,11.874,4593.1,1.8727e+09
75.9,11.663,4590.1,1.8747e+09
76,11.455,4587.2,1.8767e+09
76.1,11.251,4584.2,1.8787e+09
76.2,11.051,4581.3,1.8807e+09
76.3,10.854,4578.3,1.8827e+09
76.4,10.661,4575.4,1.8846e+09
76.5,10.471,4572.5,1.8865e+09
76.6,10.285,4569.5,1.8885e+09
76.7,10.102,4566.6,1.8904e+09
76.8,9.9219,4563.7,1.8923e+09
76.9,9.7453,4560.8,1.8941e+09
77,9.5719,4557.8,1.896e+09
77.1,9.4016,4554.9,1.8978e+09
77.2,9.2343,4552,1.8997e+09
77.3,9.07,4549.1,1.9015e+09
77.4,8.9086,4546.2,1.9033e+09
77.5,8.7501,4543.3,1.9051e+09
77.6,8.5945,4540.3,1.9069e+09
77.7,8.4416,4537.4,1.9087e+09
77.8,8.2914,4534.5,1.9104e+09
77.9,8.1439,4531.6,1.9122e+09
78,7.9991,4528.7,1.9139e+09
78.1,7.8568,4525.8,1.9156e+09
78.2,7.7171,4522.9,1.9173e+09
78.3,7.5798,4520,1.919e+09
78.4,7.4451,4517.1,1.9207e+09
78.5,7.3127,4514.2,1.9224e+09
78.6,7.1826,4511.3,1.924e+09
78.7,7.0549,4508.4,1.9257e+09
78.8,6.9295,4505.5,1.9273e+09
78.9,6.8063,4502.6,1.9289e+09
79,6.6853,4499.8,1.9305e+09
79.1,6.5665,4496.9,1.9321e+09
79.2,6.4498,4494,1.9337e+09
79.3,6.3352,4491.1,1.9353e+09
79.4,6.2226,4488.2,1.9369e+09
79.5,6.112,4485.4,1.9384e+09
79.6,6.0034,4482.5,1.94e+09
79.7,5.8967,4479.6,1.9415e+09
79.8,5.792,4476.7,1.943e+09
79.9,5.6891,4473.9,1.9445e+09
80,5.588,4471,1.946e+09
80.1,5.4888,4468.1,1.9475e+09
80.2,5.3913,4465.3,1.949e+09
80.3,5.2955,4462.4,1.9504e+09
80.4,5.2015,4459.6,1.9519e+09
80.5,5.1091,4456.7,1.9533e+09
80.6,5.0184,4453.8,1.9548e+09
80.7,4.9293,4451,1.9562e+09
80.8,4.8418,4448.1,1.9576e+09
80.9,4.7559,4445.3,1.959e+09
81,4.6715,4442.4,1.9604e+09
81.1,4.5886,4439.6,1.9618e+09
81.2,4.5071,4436.7,1.9632e+09
81.3,4.4272,4433.9,1.9645e+09
81.4,4.3486,4431.1,1.9659e+09
81.5,4.2715,4428.2,1.9672e+09
81.6,4.1957,4425.4,1.9685e+09
81.7,4.1213,4422.5,1.9699e+09
81.8,4.0482,4419.7,1.9712e+09
81.9,3.9764,4416.9,1.9725e+09
82,3.9059,4414.1,1.9738e+09
82.1,3.8366,4411.2,1.9751e+09
82.2,3.7686,4408.4,1.9763e+09
82.3,3.7018,4405.6,1.9776e+09
82.4,3.6362,4402.7,1.9789e+09
82.5,3.5718,4399.9,1.9801e+09
82.6,3.5085,4397.1,1.9813e+09
82.7,3.4463,4394.3,1.9826e+09
82.8,3.3853,4391.5,1.9838e+09
82.9,3.3253,4388.7,1.985e+09
83,3.2664,4385.8,1.9862e+09
83.1,3.2086,4383,1.9874e+09
83.2,3.1518,4380.2,1.9886e+09
83.3,3.096,4377.4,1.9898e+09
83.4,3.0412,4374.6,1.9909e+09
83.5,2.9873,4371.8,1.9921e+09
83.6,2.9345,4369,1.9932e+09
83.7,2.8825,4366.2,1.9944e+09
83.8,2.8315,4363.4,1.9955e+09
83.9,2.7815,4360.6,1.9966e+09
84,2.7323,4357.8,1.9978e+09
84.1,2.684,4355,1.9989e+09
84.2,2.6365,4352.2,2e+09
84.3,2.5899,4349.5,2.0011e+09
84.4,2.5441,4346.7,2.0021e+09
84.5,2.4992,4343.9,2.0032e+09
84.6,2.455,4341.1,2.0043e+09
84.7,2.4116,4338.3,2.0054e+09
84.8,2.369,4335.5,2.0064e+09
84.9,2.3272,4332.8,2.0075e+09
85,2.2861,4330,2.0085e+09
85.1,2.2457,4327.2,2.0095e+09
85.2,2.2061,4324.4,2.0106e+09
85.3,2.1672,4321.7,2.0116e+09
85.4,2.1289,4318.9,2.0126e+09
85.5,2.0914,4316.1,2.0136e+09
85.6,2.0545,4313.4,2.0146e+09
85.7,2.0183,4310.6,2.0156e+09
85.8,1.9827,4307.9,2.0165e+09
85.9,1.9477,4305.1,2.0175e+09
86,1.9134,4302.3,2.0185e+09
86.1,1.8797,4299.6,2.0194e+09
86.2,1.8466,4296.8,2.0204e+09
86.3,1.8141,4294.1,2.0213e+09
86.4,1.7821,4291.3,2.0223e+09
86.5,1.7508,4288.6,2.0232e+09
86.6,1.7199,4285.8,2.0241e+09
86.7,1.6897,4283.1,2.0251e+09
86.8,1.66,4280.3,2.026e+09
86.9,1.6308,4277.6,2.0269e+09
87,1.6021,4274.9,2.0278e+09
87.1,1.5739,4272.1,2.0287e+09
87.2,1.5463,4269.4,2.0295e+09
87.3,1.5191,4266.6,2.0304e+09
87.4,1.4924,4263.9,2.0313e+09
87.5,1.4662,4261.2,2.0322e+09
87.6,1.4405,4258.5,2.033e+09
87.7,1.4152,4255.7,2.0339e+09
87.8,1.3904,4253,2.0347e+09
87.9,1.366,4250.3,2.0356e+09
88,1.342,4247.6,2.0364e+09
88.1,1.3185,4244.8,2.0372e+09
88.2,1.2954,4242.1,2.038e+09
88.3,1.2727,4239.4,2.0389e+09
88.4,1.2504,4236.7,2.0397e+09
88.5,1.2286,4234,2.0405e+09
88.6,1.2071,4231.3,2.0413e+09
88.7,1.1859,4228.6,2.0421e+09
88.8,1.1652,4225.8,2.0429e+09
88.9,1.1448,4223.1,2.0436e+09
89,1.1248,4220.4,2.0444e+09
89.1,1.1052,4217.7,2.0452e+09
89.2,1.0859,4215,2.0459e+09
89.3,1.0669,4212.3,2.0467e+09
89.4,1.0483,4209.6,2.0475e+09
89.5,1.03,4206.9,2.0482e+09
89.6,1.012,4204.2,2.049e+09
89.7,0.99441,4201.6,2.0497e+09
89.8,0.97708,4198.9,2.0504e+09
89.9,0.96007,4196.2,2.0511e+09
90,0.94335,4193.5,2.0519e+09
90.1,0.92694,4190.8,2.0526e+09
90.2,0.91081,4188.1,2.0533e+09
90.3,0.89498,4185.4,2.054e+09
90.4,0.87943,4182.8,2.0547e+09
90.5,0.86415,4180.1,2.0554e+09
90.6,0.84915,4177.4,2.0561e+09
90.7,0.83441,4174.7,2.0568e+09
90.8,0.81994,4172.1,2.0575e+09
90.9,0.80572,4169.4,2.0581e+09
91,0.79176,4166.7,2.0588e+09
91.1,0.77805,4164,2.0595e+09
91.2,0.76458,4161.4,2.0601e+09
91.3,0.75135,4158.7,2.0608e+09
91.4,0.73835,4156.1,2.0614e+09
91.5,0.72559,4153.4,2.0621e+09
91.6,0.71306,4150.7,2.0627e+09
91.7,0.70075,4148.1,2.0634e+09
91.8,0.68866,4145.4,2.064e+09
91.9,0.67678,4142.8,2.0646e+09
92,0.66512,4140.1,2.0652e+09
92.1,0.65366,4137.5,2.0659e+09
92.2,0.64241,4134.8,2.0665e+09
92.3,0.63136,4132.2,2.0671e+09
92.4,0.6205,4129.5,2.0677e+09
92.5,0.60984,4126.9,2.0683e+09
92.6,0.59937,4124.2,2.0689e+09
92.7,0.58908,4121.6,2.0695e+09
92.8,0.57898,4119,2.0701e+09
92.9,0.56906,4116.3,2.0706e+09
93,0.55931,4113.7,2.0712e+09
93.1,0.54974,4111.1,2.0718e+09
93.2,0.54034,4108.4,2.0724e+09
93.3,0.53111,4105.8,2.0729e+09
93.4,0.52204,4103.2,2.0735e+09
93.5,0.51313,4100.5,2.0741e+09
93.6,0.50438,4097.9,2.0746e+09
93.7,0.49579,4095.3,2.0752e+09
93.8,0.48735,4092.7,2.0757e+09
93.9,0.47906,4090.1,2.0762e+09
94,0.47092,4087.4,2.0768e+09
94.1,0.46292,4084.8,2.0773e+09
94.2,0.45507,4082.2,2.0778e+09
94.3,0.44735,4079.6,2.0784e+09
94.4,0.43977,4077,2.0789e+09
94.5,0.43233,4074.4,2.0794e+09
94.6,0.42502,4071.8,2.0799e+09
94.7,0.41784,4069.2,2.0804e+09
94.8,0.41079,4066.6,2.081e+09
94.9,0.40386,4063.9,2.0815e+09
95,0.39706,4061.3,2.082e+09
95.1,0.39038,4058.7,2.0825e+09
95.2,0.38382,4056.2,2.0829e+09
95.3,0.37737,4053.6,2.0834e+09
95.4,0.37104,4051,2.0839e+09
95.5,0.36482,4048.4,2.0844e+09
95.6,0.35871,4045.8,2.0849e+09
95.7,0.35271,4043.2,2.0854e+09
95.8,0.34682,4040.6,2.0858e+09
95.9,0.34103,4038,2.0863e+09
96,0.33535,4035.4,2.0868e+09
96.1,0.32977,4032.8,2.0872e+09
96.2,0.32428,4030.3,2.0877e+09
96.3,0.3189,4027.7,2.0881e+09
96.4,0.31361,4025.1,2.0886e+09
96.5,0.30841,4022.5,2.089e+09
96.6,0.30331,4020,2.0895e+09
96.7,0.29829,4017.4,2.0899e+09
96.8,0.29337,4014.8,2.0904e+09
96.9,0.28853,4012.2,2.0908e+09
97,0.28378,4009.7,2.0912e+09
97.1,0.27912,4007.1,2.0917e+09
97.2,0.27453,4004.6,2.0921e+09
97.3,0.27003,4002,2.0925e+09
97.4,0.26561,3999.4,2.0929e+09
97.5,0.26127,3996.9,2.0933e+09
97.6,0.257,3994.3,2.0938e+09
97.7,0.25281,3991.8,2.0942e+09
97.8,0.2487,3989.2,2.0946e+09
97.9,0.24466,3986.7,2.095e+09
98,0.24069,3984.1,2.0954e+09
98.1,0.23679,3981.6,2.0958e+09
98.2,0.23296,3979,2.0962e+09
98.3,0.22919,3976.5,2.0966e+09
98.4,0.2255,3973.9,2.097e+09
98.5,0.22187,3971.4,2.0973e+09
98.6,0.2183,3968.8,2.0977e+09
98.7,0.2148,3966.3,2.0981e+09
98.8,0.21136,3963.8,2.0985e+09
98.9,0.20798,3961.2,2.0989e+09
99,0.20467,3958.7,2.0992e+09
99.1,0.20141,3956.2,2.0996e+09
99.2,0.19821,3953.6,2.1e+09
99.3,0.19506,3951.1,2.1003e+09
99.4,0.19197,3948.6,2.1007e+09
99.5,0.18894,3946,2.1011e+09
99.6,0.18596,3943.5,2.1014e+09
99.7,0.18303,3941,2.1018e+09
99.8,0.18016,3938.5,2.1021e+09
99.9,0.17733,3936,2.1025e+09
100,0.17456,3933.4,2.1028e+09
100.1,0.17183,3930.9,2.1032e+09
100.2,0.16916,3928.4,2.1035e+09
100.3,0.16653,3925.9,2.1038e+09
100.4,0.16395,3923.4,2.1042e+09
100.5,0.16141,3920.9,2.1045e+09
100.6,0.15892,3918.4,2.1049e+09
100.7,0.15647,3915.9,2.1052e+09
100.8,0.15407,3913.3,2.1055e+09
100.9,0.15171,3910.8,2.1058e+09
101,0.14939,3908.3,2.1062e+09
101.1,0.14711,3905.8,2.1065e+09
101.2,0.14487,3903.3,2.1068e+09
101.3,0.14267,3900.9,2.1071e+09
101.4,0.14051,3898.4,2.1074e+09
101.5,0.13839,3895.9,2.1077e+09
101.6,0.13631,3893.4,2.108e+09
101.7,0.13426,3890.9,2.1083e+09
101.8,0.13225,3888.4,2.1087e+09
101.9,0.13028,3885.9,2.109e+09
102,0.12834,3883.4,2.1093e+09
102.1,0.12644,3880.9,2.1096e+09
102.2,0.12456,3878.5,2.1098e+09
102.3,0.12273,3876,2.1101e+09
102.4,0.12092,3873.5,2.1104e+09
102.5,0.11915,3871,2.1107e+09
102.6,0.1174,3868.5,2.111e+09
102.7,0.11569,3866.1,2.1113e+09
102.8,0.11401,3863.6,2.1116e+09
102.9,0.11236,3861.1,2.1119e+09
103,0.11074,3858.7,2.1121e+09
103.1,0.10914,3856.2,2.1124e+09
103.2,0.10758,3853.7,2.1127e+09
103.3,0.10604,3851.3,2.113e+09
103.4,0.10453,3848.8,2.1132e+09
103.5,0.10305,3846.3,2.1135e+09
103.6,0.10159,3843.9,2.1138e+09
103.7,0.10016,3841.4,2.114e+09
103.8,0.098752,3839,2.1143e+09
103.9,0.097371,3836.5,2.1145e+09
104,0.096014,3834.1,2.1148e+09
104.1,0.094681,3831.6,2.1151e+09
104.2,0.093371,3829.2,2.1153e+09
104.3,0.092084,3826.7,2.1156e+09
104.4,0.090821,3824.3,2.1158e+09
104.5,0.089579,3821.8,2.1161e+09
104.6,0.088359,3819.4,2.1163e+09
104.7,0.087161,3816.9,2.1166e+09
104.8,0.085984,3814.5,2.1168e+09
104.9,0.084828,3812,2.1171e+09
105,0.083693,3809.6,2.1173e+09
105.1,0.082577,3807.2,2.1175e+09
105.2,0.081481,3804.7,2.1178e+09
105.3,0.080404,3802.3,2.118e+09
105.4,0.079346,3799.9,2.1182e+09
105.5,0.078307,3797.4,2.1185e+09
105.6,0.077286,3795,2.1187e+09
105.7,0.076283,3792.6,2.1189e+09
105.8,0.075298,3790.2,2.1192e+09
105.9,0.07433,3787.7,2.1194e+09
106,0.073379,3785.3,2.1196e+09
106.1,0.072445,3782.9,2.1198e+09
106.2,0.071527,3780.5,2.12e+09
106.3,0.070625,3778.1,2.1203e+09
106.4,0.06974,3775.7,2.1205e+09
106.5,0.06887,3773.2,2.1207e+09
106.6,0.068015,3770.8,2.1209e+09
106.7,0.067175,3768.4,2.1211e+09
106.8,0.06635,3766,2.1213e+09
106.9,0.065539,3763.6,2.1215e+09
107,0.064742,3761.2,2.1218e+09
107.1,0.06396,3758.8,2.122e+09
107.2,0.063191,3756.4,2.1222e+09
107.3,0.062436,3754,2.1224e+09
107.4,0.061694,3751.6,2.1226e+09
107.5,0.060965,3749.2,2.1228e+09
107.6,0.060249,3746.8,2.123e+09
107.7,0.059545,3744.4,2.1232e+09
107.8,0.058854,3742,2.1234e+09
107.9,0.058174,3739.6,2.1236e+09
108,0.057507,3737.2,2.1237e+09
108.1,0.056851,3734.8,2.1239e+09
108.2,0.056207,3732.4,2.1241e+09
108.3,0.055574,3730.1,2.1243e+09
108.4,0.054952,3727.7,2.1245e+09
108.5,0.054341,3725.3,2.1247e+09
108.6,0.05374,3722.9,2.1249e+09
108.7,0.05315,3720.5,2.1251e+09
108.8,0.052571,3718.2,2.1252e+09
108.9,0.052001,3715.8,2.1254e+09
109,0.051441,3713.4,2.1256e+09
109.1,0.050891,3711,2.1258e+09
109.2,0.050351,3708.7,2.126e+09
109.3,0.04982,3706.3,2.1261e+09
109.4,0.049299,3703.9,2.1263e+09
109.5,0.048786,3701.6,2.1265e+09
109.6,0.048282,3699.2,2.1267e+09
109.7,0.047787,3696.8,2.1268e+09
109.8,0.047301,3694.5,2.127e+09
109.9,0.046823,3692.1,2.1272e+09
110,0.046353,3689.7,2.1273e+09
110.1,0.045892,3687.4,2.1275e+09
110.2,0.045439,3685,2.1277e+09
110.3,0.044993,3682.7,2.1278e+09
110.4,0.044555,3680.3,2.128e+09
110.5,0.044125,3678,2.1281e+09
110.6,0.043702,3675.6,2.1283e+09
110.7,0.043286,3673.3,2.1285e+09
110.8,0.042878,3670.9,2.1286e+09
110.9,0.042477,3668.6,2.1288e+09
111,0.042082,3666.2,2.1289e+09
111.1,0.041695,3663.9,2.1291e+09
111.2,0.041314,3661.6,2.1292e+09
111.3,0.040939,3659.2,2.1294e+09
111.4,0.040572,3656.9,2.1295e+09
111.5,0.04021,3654.5,2.1297e+09
111.6,0.039855,3652.2,2.1298e+09
111.7,0.039505,3649.9,2.13e+09
111.8,0.039162,3647.5,2.1301e+09
111.9,0.038825,3645.2,2.1303e+09
112,0.038493,3642.9,2.1304e+09
112.1,0.038167,3640.6,2.1306e+09
112.2,0.037847,3638.2,2.1307e+09
112.3,0.037532,3635.9,2.1308e+09
112.4,0.037223,3633.6,2.131e+09
112.5,0.036919,3631.3,2.1311e+09
112.6,0.03662,3628.9,2.1313e+09
112.7,0.036326,3626.6,2.1314e+09
112.8,0.036037,3624.3,2.1315e+09
112.9,0.035753,3622,2.1317e+09
113,0.035474,3619.7,2.1318e+09
113.1,0.0352,3617.4,2.1319e+09
113.2,0.03493,3615.1,2.1321e+09
113.3,0.034665,3612.7,2.1322e+09
113.4,0.034405,3610.4,2.1323e+09
113.5,0.034149,3608.1,2.1325e+09
113.6,0.033897,3605.8,2.1326e+09
113.7,0.033649,3603.5,2.1327e+09
113.8,0.033406,3601.2,2.1328e+09
113.9,0.033167,3598.9,2.133e+09
114,0.032932,3596.6,2.1331e+09
114.1,0.0327,3594.3,2.1332e+09
114.2,0.032473,3592,2.1333e+09
114.3,0.03225,3589.7,2.1335e+09
114.4,0.03203,3587.4,2.1336e+09
114.5,0.031814,3585.1,2.1337e+09
114.6,0.031601,3582.9,2.1338e+09
114.7,0.031392,3580.6,2.1339e+09
114.8,0.031187,3578.3,2.134e+09
114.9,0.030985,3576,2.1342e+09
115,0.030787,3573.7,2.1343e+09
115.1,0.030591,3571.4,2.1344e+09
115.2,0.0304,3569.2,2.1345e+09
115.3,0.030211,3566.9,2.1346e+09
115.4,0.030025,3564.6,2.1347e+09
115.5,0.029843,3562.3,2.1348e+09
115.6,0.029663,3560,2.135e+09
115.7,0.029487,3557.8,2.1351e+09
115.8,0.029313,3555.5,2.1352e+09
115.9,0.029142,3553.2,2.1353e+09
116,0.028974,3551,2.1354e+09
116.1,0.028809,3548.7,2.1355e+09
116.2,0.028647,3546.4,2.1356e+09
116.3,0.028487,3544.2,2.1357e+09
116.4,0.02833,3541.9,2.1358e+09
116.5,0.028175,3539.6,2.1359e+09
116.6,0.028023,3537.4,2.136e+09
116.7,0.027874,3535.1,2.1361e+09
116.8,0.027727,3532.9,2.1362e+09
116.9,0.027582,3530.6,2.1363e+09
117,0.02744,3528.3,2.1364e+09
117.1,0.0273,3526.1,2.1365e+09
117.2,0.027162,3523.8,2.1366e+09
117.3,0.027027,3521.6,2.1367e+09
117.4,0.026893,3519.3,2.1368e+09
117.5,0.026762,3517.1,2.1369e+09
117.6,0.026633,3514.9,2.137e+09
117.7,0.026506,3512.6,2.1371e+09
117.8,0.026381,3510.4,2.1372e+09
117.9,0.026258,3508.1,2.1373e+09
118,0.026137,3505.9,2.1374e+09
118.1,0.026018,3503.6,2.1375e+09
118.2,0.025901,3501.4,2.1376e+09
118.3,0.025786,3499.2,2.1377e+09
118.4,0.025673,3496.9,2.1377e+09
118.5,0.025561,3494.7,2.1378e+09
118.6,0.025451,3492.5,2.1379e+09
118.7,0.025343,3490.2,2.138e+09
118.8,0.025237,3488,2.1381e+09
118.9,0.025132,3485.8,2.1382e+09
119,0.025029,3483.6,2.1383e+09
119.1,0.024928,3481.3,2.1384e+09
119.2,0.024828,3479.1,2.1384e+09
119.3,0.02473,3476.9,2.1385e+09
119.4,0.024633,3474.7,2.1386e+09
119.5,0.024538,3472.5,2.1387e+09
119.6,0.024444,3470.2,2.1388e+09
119.7,0.024352,3468,2.1389e+09
119.8,0.024261,3465.8,2.1389e+09
119.9,0.024171,3463.6,2.139e+09
120,0.024083,3461.4,2.1391e+09
120.1,0.023996,3459.2,2.1392e+09
120.2,0.023911,3457,2.1393e+09
120.3,0.023827,3454.8,2.1393e+09
120.4,0.023744,3452.6,2.1394e+09
120.5,0.023662,3450.4,2.1395e+09
120.6,0.023582,3448.2,2.1396e+09
120.7,0.023503,3446,2.1396e+09
120.8,0.023425,3443.8,2.1397e+09
120.9,0.023348,3441.6,2.1398e+09
121,0.023273,3439.4,2.1399e+09
121.1,0.023198,3437.2,2.1399e+09
121.2,0.023125,3435,2.14e+09
121.3,0.023053,3432.8,2.1401e+09
121.4,0.022981,3430.6,2.1402e+09
121.5,0.022911,3428.4,2.1402e+09
121.6,0.022842,3426.2,2.1403e+09
121.7,0.022774,3424,2.1404e+09
121.8,0.022707,3421.8,2.1405e+09
121.9,0.022641,3419.7,2.1405e+09
122,0.022576,3417.5,2.1406e+09
122.1,0.022511,3415.3,2.1407e+09
122.2,0.022448,3413.1,2.1407e+09
122.3,0.022386,3410.9,2.1408e+09
122.4,0.022324,3408.8,2.1409e+09
122.5,0.022264,3406.6,2.1409e+09
122.6,0.022204,3404.4,2.141e+09
122.7,0.022145,3402.2,2.1411e+09
122.8,0.022087,3400.1,2.1411e+09
122.9,0.02203,3397.9,2.1412e+09
123,0.021974,3395.7,2.1413e+09
123.1,0.021918,3393.6,2.1413e+09
123.2,0.021863,3391.4,2.1414e+09
123.3,0.021809,3389.2,2.1414e+09
123.4,0.021756,3387.1,2.1415e+09
123.5,0.021703,3384.9,2.1416e+09
123.6,0.021651,3382.8,2.1416e+09
123.7,0.0216,3380.6,2.1417e+09
123.8,0.02155,3378.4,2.1418e+09
123.9,0.0215,3376.3,2.1418e+09
124,0.021451,3374.1,2.1419e+09
124.1,0.021402,3372,2.1419e+09
124.2,0.021355,3369.8,2.142e+09
124.3,0.021307,3367.7,2.142e+09
124.4,0.021261,3365.5,2.1421e+09
124.5,0.021215,3363.4,2.1422e+09
124.6,0.02117,3361.2,2.1422e+09
124.7,0.021125,3359.1,2.1423e+09
124.8,0.021081,3356.9,2.1423e+09
124.9,0.021037,3354.8,2.1424e+09
125,0.020994,3352.7,2.1424e+09
125.1,0.020952,3350.5,2.1425e+09
125.2,0.02091,3348.4,2.1426e+09
125.3,0.020869,3346.3,2.1426e+09
125.4,0.020828,3344.1,2.1427e+09
125.5,0.020788,3342,2.1427e+09
125.6,0.020748,3339.9,2.1428e+09
125.7,0.020709,3337.7,2.1428e+09
125.8,0.02067,3335.6,2.1429e+09
125.9,0.020632,3333.5,2.1429e+09
126,0.020594,3331.3,2.143e+09
126.1,0.020556,3329.2,2.143e+09
126.2,0.020519,3327.1,2.1431e+09
126.3,0.020483,3325,2.1431e+09
126.4,0.020447,3322.9,2.1432e+09
126.5,0.020411,3320.7,2.1432e+09
126.6,0.020376,3318.6,2.1433e+09
126.7,0.020341,3316.5,2.1433e+09
126.8,0.020307,3314.4,2.1434e+09
126.9,0.020273,3312.3,2.1434e+09
127,0.02024,3310.2,2.1435e+09
127.1,0.020206,3308,2.1435e+09
127.2,0.020174,3305.9,2.1436e+09
127.3,0.020141,3303.8,2.1436e+09
127.4,0.020109,3301.7,2.1437e+09
127.5,0.020078,3299.6,2.1437e+09
127.6,0.020046,3297.5,2.1438e+09
127.7,0.020015,3295.4,2.1438e+09
127.8,0.019985,3293.3,2.1438e+09
127.9,0.019954,3291.2,2.1439e+09
128,0.019924,3289.1,2.1439e+09
128.1,0.019895,3287,2.144e+09
128.2,0.019866,3284.9,2.144e+09
128.3,0.019837,3282.8,2.1441e+09
128.4,0.019808,3280.7,2.1441e+09
128.5,0.01978,3278.6,2.1442e+09
128.6,0.019751,3276.5,2.1442e+09
128.7,0.019724,3274.5,2.1442e+09
128.8,0.019696,3272.4,2.1443e+09
128.9,0.019669,3270.3,2.1443e+09
129,0.019642,3268.2,2.1444e+09
129.1,0.019615,3266.1,2.1444e+09
129.2,0.019589,3264,2.1444e+09
129.3,0.019563,3261.9,2.1445e+09
129.4,0.019537,3259.9,2.1445e+09
129.5,0.019511,3257.8,2.1446e+09
129.6,0.019486,3255.7,2.1446e+09
129.7,0.019461,3253.6,2.1446e+09
129.8,0.019436,3251.6,2.1447e+09
129.9,0.019411,3249.5,2.1447e+09
130,0.019387,3247.4,2.1448e+09
130.1,0.019363,3245.3,2.1448e+09
130.2,0.019339,3243.3,2.1448e+09
130.3,0.019315,3241.2,2.1449e+09
130.4,0.019292,3239.1,2.1449e+09
130.5,0.019269,3237.1,2.145e+09
130.6,0.019245,3235,2.145e+09
130.7,0.019223,3233,2.145e+09
130.8,0.0192,3230.9,2.1451e+09
130.9,0.019177,3228.8,2.1451e+09
131,0.019155,3226.8,2.1451e+09
131.1,0.019133,3224.7,2.1452e+09
131.2,0.019111,3222.7,2.1452e+09
131.3,0.01909,3220.6,2.1452e+09
131.4,0.019068,3218.6,2.1453e+09
131.5,0.019047,3216.5,2.1453e+09
131.6,0.019026,3214.5,2.1453e+09
131.7,0.019005,3212.4,2.1454e+09
131.8,0.018984,3210.4,2.1454e+09
131.9,0.018963,3208.3,2.1454e+09
132,0.018943,3206.3,2.1455e+09
132.1,0.018922,3204.2,2.1455e+09
132.2,0.018902,3202.2,2.1455e+09
132.3,0.018882,3200.1,2.1456e+09
132.4,0.018862,3198.1,2.1456e+09
132.5,0.018843,3196.1,2.1456e+09
132.6,0.018823,3194,2.1457e+09
132.7,0.018804,3192,2.1457e+09
132.8,0.018785,3190,2.1457e+09
132.9,0.018765,3187.9,2.1458e+09
133,0.018746,3185.9,2.1458e+09
133.1,0.018728,3183.9,2.1458e+09
133.2,0.018709,3181.8,2.1459e+09
133.3,0.01869,3179.8,2.1459e+09
133.4,0.018672,3177.8,2.1459e+09
133.5,0.018654,3175.8,2.1459e+09
133.6,0.018635,3173.7,2.146e+09
133.7,0.018617,3171.7,2.146e+09
133.8,0.018599,3169.7,2.146e+09
133.9,0.018582,3167.7,2.1461e+09
134,0.018564,3165.6,2.1461e+09
134.1,0.018546,3163.6,2.1461e+09
134.2,0.018529,3161.6,2.1462e+09
134.3,0.018512,3159.6,2.1462e+09
134.4,0.018494,3157.6,2.1462e+09
134.5,0.018477,3155.6,2.1462e+09
134.6,0.01846,3153.6,2.1463e+09
134.7,0.018443,3151.6,2.1463e+09
134.8,0.018426,3149.5,2.1463e+09
134.9,0.01841,3147.5,2.1463e+09
135,0.018393,3145.5,2.1464e+09
135.1,0.018377,3143.5,2.1464e+09
135.2,0.01836,3141.5,2.1464e+09
135.3,0.018344,3139.5,2.1464e+09
135.4,0.018328,3137.5,2.1465e+09
135.5,0.018311,3135.5,2.1465e+09
135.6,0.018295,3133.5,2.1465e+09
135.7,0.018279,3131.5,2.1466e+09
135.8,0.018264,3129.5,2.1466e+09
135.9,0.018248,3127.5,2.1466e+09
136,0.018232,3125.5,2.1466e+09
136.1,0.018216,3123.6,2.1467e+09
136.2,0.018201,3121.6,2.1467e+09
136.3,0.018185,3119.6,2.1467e+09
136.4,0.01817,3117.6,2.1467e+09
136.5,0.018155,3115.6,2.1467e+09
136.6,0.018139,3113.6,2.1468e+09
136.7,0.018124,3111.6,2.1468e+09
136.8,0.018109,3109.7,2.1468e+09
136.9,0.018094,3107.7,2.1468e+09
137,0.018079,3105.7,2.1469e+09
137.1,0.018064,3103.7,2.1469e+09
137.2,0.01805,3101.7,2.1469e+09
137.3,0.018035,3099.8,2.1469e+09
137.4,0.01802,3097.8,2.147e+09
137.5,0.018006,3095.8,2.147e+09
137.6,0.017991,3093.8,2.147e+09
137.7,0.017977,3091.9,2.147e+09
137.8,0.017962,3089.9,2.147e+09
137.9,0.017948,3087.9,2.1471e+09
138,0.017934,3086,2.1471e+09
138.1,0.017919,3084,2.1471e+09
138.2,0.017905,3082,2.1471e+09
138.3,0.017891,3080.1,2.1472e+09
138.4,0.017877,3078.1,2.1472e+09
138.5,0.017863,3076.2,2.1472e+09
138.6,0.017849,3074.2,2.1472e+09
138.7,0.017835,3072.2,2.1472e+09
138.8,0.017821,3070.3,2.1473e+09
138.9,0.017808,3068.3,2.1473e+09
139,0.017794,3066.4,2.1473e+09
139.1,0.01778,3064.4,2.1473e+09
139.2,0.017767,3062.5,2.1473e+09
139.3,0.017753,3060.5,2.1474e+09
139.4,0.017739,3058.6,2.1474e+09
139.5,0.017726,3056.6,2.1474e+09
139.6,0.017713,3054.7,2.1474e+09
139.7,0.017699,3052.7,2.1474e+09
139.8,0.017686,3050.8,2.1474e+09
139.9,0.017673,3048.8,2.1475e+09
140,0.017659,3046.9,2.1475e+09
140.1,0.017646,3045,2.1475e+09
140.2,0.017633,3043,2.1475e+09
140.3,0.01762,3041.1,2.1475e+09
140.4,0.017607,3039.2,2.1476e+09
140.5,0.017594,3037.2,2.1476e+09
140.6,0.017581,3035.3,2.1476e+09
140.7,0.017568,3033.4,2.1476e+09
140.8,0.017555,3031.4,2.1476e+09
140.9,0.017542,3029.5,2.1476e+09
141,0.017529,3027.6,2.1477e+09
141.1,0.017516,3025.6,2.1477e+09
141.2,0.017504,3023.7,2.1477e+09
141.3,0.017491,3021.8,2.1477e+09
141.4,0.017478,3019.9,2.1477e+09
141.5,0.017466,3017.9,2.1477e+09
141.6,0.017453,3016,2.1478e+09
141.7,0.01744,3014.1,2.1478e+09
141.8,0.017428,3012.2,2.1478e+09
141.9,0.017415,3010.3,2.1478e+09
142,0.017403,3008.3,2.1478e+09
142.1,0.01739,3006.4,2.1478e+09
142.2,0.017378,3004.5,2.1479e+09
142.3,0.017366,3002.6,2.1479e+09
142.4,0.017353,3000.7,2.1479e+09
142.5,0.017341,2998.8,2.1479e+09
142.6,0.017329,2996.9,2.1479e+09
142.7,0.017316,2995,2.1479e+09
142.8,0.017304,2993.1,2.148e+09
142.9,0.017292,2991.2,2.148e+09
143,0.01728,2989.2,2.148e+09
143.1,0.017268,2987.3,2.148e+09
143.2,0.017256,2985.4,2.148e+09
143.3,0.017243,2983.5,2.148e+09
143.4,0.017231,2981.6,2.148e+09
143.5,0.017219,2979.7,2.1481e+09
143.6,0.017207,2977.9,2.1481e+09
143.7,0.017195,2976,2.1481e+09
143.8,0.017183,2974.1,2.1481e+09
143.9,0.017171,2972.2,2.1481e+09
144,0.01716,2970.3,2.1481e+09
144.1,0.017148,2968.4,2.1481e+09
144.2,0.017136,2966.5,2.1482e+09
144.3,0.017124,2964.6,2.1482e+09
144.4,0.017112,2962.7,2.1482e+09
144.5,0.0171,2960.8,2.1482e+09
144.6,0.017089,2959,2.1482e+09
144.7,0.017077,2957.1,2.1482e+09
144.8,0.017065,2955.2,2.1482e+09
144.9,0.017054,2953.3,2.1482e+09
145,0.017042,2951.4,2.1483e+09
145.1,0.01703,2949.6,2.1483e+09
145.2,0.017019,2947.7,2.1483e+09
145.3,0.017007,2945.8,2.1483e+09
145.4,0.016995,2943.9,2.1483e+09
145.5,0.016984,2942.1,2.1483e+09
145.6,0.016972,2940.2,2.1483e+09
145.7,0.016961,2938.3,2.1483e+09
145.8,0.016949,2936.4,2.1484e+09
145.9,0.016938,2934.6,2.1484e+09
146,0.016926,2932.7,2.1484e+09
146.1,0.016915,2930.8,2.1484e+09
146.2,0.016904,2929,2.1484e+09
146.3,0.016892,2927.1,2.1484e+09
146.4,0.016881,2925.3,2.1484e+09
146.5,0.016869,2923.4,2.1484e+09
146.6,0.016858,2921.5,2.1484e+09
146.7,0.016847,2919.7,2.1485e+09
146.8,0.016835,2917.8,2.1485e+09
146.9,0.016824,2916,2.1485e+09
147,0.016813,2914.1,2.1485e+09
147.1,0.016802,2912.2,2.1485e+09
147.2,0.01679,2910.4,2.1485e+09
147.3,0.016779,2908.5,2.1485e+09
147.4,0.016768,2906.7,2.1485e+09
147.5,0.016757,2904.8,2.1485e+09
147.6,0.016746,2903,2.1486e+09
147.7,0.016734,2901.2,2.1486e+09
147.8,0.016723,2899.3,2.1486e+09
147.9,0.016712,2897.5,2.1486e+09
148,0.016701,2895.6,2.1486e+09
148.1,0.01669,2893.8,2.1486e+09
148.2,0.016679,2891.9,2.1486e+09
148.3,0.016668,2890.1,2.1486e+09
148.4,0.016657,2888.3,2.1486e+09
148.5,0.016646,2886.4,2.1487e+09
148.6,0.016635,2884.6,2.1487e+09
148.7,0.016624,2882.8,2.1487e+09
148.8,0.016613,2880.9,2.1487e+09
148.9,0.016602,2879.1,2.1487e+09
149,0.016591,2877.3,2.1487e+09
149.1,0.01658,2875.4,2.1487e+09
149.2,0.016569,2873.6,2.1487e+09
149.3,0.016558,2871.8,2.1487e+09
149.4,0.016547,2869.9,2.1487e+09
149.5,0.016536,2868.1,2.1487e+09
149.6,0.016525,2866.3,2.1488e+09
149.7,0.016514,2864.5,2.1488e+09
149.8,0.016504,2862.7,2.1488e+09
149.9,0.016493,2860.8,2.1488e+09
150,0.016482,2859,2.1488e+09
150.1,0.016471,2857.2,2.1488e+09
150.2,0.01646,2855.4,2.1488e+09
150.3,0.01645,2853.6,2.1488e+09
150.4,0.016439,2851.7,2.1488e+09
150.5,0.016428,2849.9,2.1488e+09
150.6,0.016417,2848.1,2.1488e+09
150.7,0.016407,2846.3,2.1489e+09
150.8,0.016396,2844.5,2.1489e+09
150.9,0.016385,2842.7,2.1489e+09
151,0.016374,2840.9,2.1489e+09
151.1,0.016364,2839.1,2.1489e+09
151.2,0.016353,2837.3,2.1489e+09
151.3,0.016342,2835.5,2.1489e+09
151.4,0.016332,2833.7,2.1489e+09
151.5,0.016321,2831.9,2.1489e+09
151.6,0.01631,2830.1,2.1489e+09
151.7,0.0163,2828.3,2.1489e+09
151.8,0.016289,2826.5,2.1489e+09
151.9,0.016279,2824.7,2.1489e+09
152,0.016268,2822.9,2.149e+09
152.1,0.016257,2821.1,2.149e+09
152.2,0.016247,2819.3,2.149e+09
152.3,0.016236,2817.5,2.149e+09
152.4,0.016226,2815.7,2.149e+09
152.5,0.016215,2813.9,2.149e+09
152.6,0.016205,2812.1,2.149e+09
152.7,0.016194,2810.3,2.149e+09
152.8,0.016184,2808.6,2.149e+09
152.9,0.016173,2806.8,2.149e+09
153,0.016163,2805,2.149e+09
153.1,0.016152,2803.2,2.149e+09
153.2,0.016142,2801.4,2.149e+09
153.3,0.016131,2799.6,2.1491e+09
153.4,0.016121,2797.9,2.1491e+09
153.5,0.016111,2796.1,2.1491e+09
153.6,0.0161,2794.3,2.1491e+09
153.7,0.01609,2792.5,2.1491e+09
153.8,0.016079,2790.8,2.1491e+09
153.9,0.016069,2789,2.1491e+09
154,0.016059,2787.2,2.1491e+09
154.1,0.016048,2785.4,2.1491e+09
154.2,0.016038,2783.7,2.1491e+09
154.3,0.016027,2781.9,2.1491e+09
154.4,0.016017,2780.1,2.1491e+09
154.5,0.016007,2778.4,2.1491e+09
154.6,0.015996,2776.6,2.1491e+09
154.7,0.015986,2774.8,2.1491e+09
154.8,0.015976,2773.1,2.1491e+09
154.9,0.015966,2771.3,2.1492e+09
155,0.015955,2769.5,2.1492e+09
155.1,0.015945,2767.8,2.1492e+09
155.2,0.015935,2766,2.1492e+09
155.3,0.015924,2764.3,2.1492e+09
155.4,0.015914,2762.5,2.1492e+09
155.5,0.015904,2760.8,2.1492e+09
155.6,0.015894,2759,2.1492e+09
155.7,0.015884,2757.3,2.1492e+09
155.8,0.015873,2755.5,2.1492e+09
155.9,0.015863,2753.7,2.1492e+09
156,0.015853,2752,2.1492e+09
156.1,0.015843,2750.3,2.1492e+09
156.2,0.015833,2748.5,2.1492e+09
156.3,0.015822,2746.8,2.1492e+09
156.4,0.015812,2745,2.1492e+09
156.5,0.015802,2743.3,2.1492e+09
156.6,0.015792,2741.5,2.1493e+09
156.7,0.015782,2739.8,2.1493e+09
156.8,0.015772,2738,2.1493e+09
156.9,0.015762,2736.3,2.1493e+09
157,0.015751,2734.6,2.1493e+09
157.1,0.015741,2732.8,2.1493e+09
157.2,0.015731,2731.1,2.1493e+09
157.3,0.015721,2729.4,2.1493e+09
157.4,0.015711,2727.6,2.1493e+09
157.5,0.015701,2725.9,2.1493e+09
157.6,0.015691,2724.2,2.1493e+09
157.7,0.015681,2722.4,2.1493e+09
157.8,0.015671,2720.7,2.1493e+09
157.9,0.015661,2719,2.1493e+09
158,0.015651,2717.2,2.1493e+09
158.1,0.015641,2715.5,2.1493e+09
158.2,0.015631,2713.8,2.1493e+09
158.3,0.015621,2712.1,2.1493e+09
158.4,0.015611,2710.4,2.1493e+09
158.5,0.015601,2708.6,2.1494e+09
158.6,0.015591,2706.9,2.1494e+09
158.7,0.015581,2705.2,2.1494e+09
158.8,0.015571,2703.5,2.1494e+09
158.9,0.015561,2701.8,2.1494e+09
159,0.015551,2700,2.1494e+09
159.1,0.015541,2698.3,2.1494e+09
159.2,0.015531,2696.6,2.1494e+09
159.3,0.015521,2694.9,2.1494e+09
159.4,0.015511,2693.2,2.1494e+09
159.5,0.015501,2691.5,2.1494e+09
159.6,0.015491,2689.8,2.1494e+09
159.7,0.015481,2688.1,2.1494e+09
159.8,0.015471,2686.4,2.1494e+09
159.9,0.015462,2684.6,2.1494e+09
160,0.015452,2682.9,2.1494e+09
160.1,0.015442,2681.2,2.1494e+09
160.2,0.015432,2679.5,2.1494e+09
160.3,0.015422,2677.8,2.1494e+09
160.4,0.015412,2676.1,2.1494e+09
160.5,0.015402,2674.4,2.1494e+09
160.6,0.015393,2672.7,2.1494e+09
160.7,0.015383,2671,2.1494e+09
160.8,0.015373,2669.3,2.1495e+09
160.9,0.015363,2667.7,2.1495e+09
161,0.015353,2666,2.1495e+09
161.1,0.015343,2664.3,2.1495e+09
161.2,0.015334,2662.6,2.1495e+09
161.3,0.015324,2660.9,2.1495e+09
161.4,0.015314,2659.2,2.1495e+09
161.5,0.015304,2657.5,2.1495e+09
161.6,0.015295,2655.8,2.1495e+09
161.7,0.015285,2654.1,2.1495e+09
161.8,0.015275,2652.4,2.1495e+09
161.9,0.015265,2650.8,2.1495e+09
162,0.015256,2649.1,2.1495e+09
162.1,0.015246,2647.4,2.1495e+09
162.2,0.015236,2645.7,2.1495e+09
162.3,0.015226,2644,2.1495e+09
162.4,0.015217,2642.4,2.1495e+09
162.5,0.015207,2640.7,2.1495e+09
162.6,0.015197,2639,2.1495e+09
162.7,0.015188,2637.3,2.1495e+09
162.8,0.015178,2635.7,2.1495e+09
162.9,0.015168,2634,2.1495e+09
163,0.015159,2632.3,2.1495e+09
163.1,0.015149,2630.6,2.1495e+09
163.2,0.015139,2629,2.1495e+09
163.3,0.01513,2627.3,2.1495e+09
163.4,0.01512,2625.6,2.1495e+09
163.5,0.01511,2624,2.1496e+09
163.6,0.015101,2622.3,2.1496e+09
163.7,0.015091,2620.6,2.1496e+09
163.8,0.015082,2619,2.1496e+09
163.9,0.015072,2617.3,2.1496e+09
164,0.015062,2615.7,2.1496e+09
164.1,0.015053,2614,2.1496e+09
164.2,0.015043,2612.3,2.1496e+09
164.3,0.015034,2610.7,2.1496e+09
164.4,0.015024,2609,2.1496e+09
164.5,0.015014,2607.4,2.1496e+09
164.6,0.015005,2605.7,2.1496e+09
164.7,0.014995,2604.1,2.1496e+09
164.8,0.014986,2602.4,2.1496e+09
164.9,0.014976,2600.8,2.1496e+09
165,0.014967,2599.1,2.1496e+09
165.1,0.014957,2597.5,2.1496e+09
165.2,0.014948,2595.8,2.1496e+09
165.3,0.014938,2594.2,2.1496e+09
165.4,0.014929,2592.5,2.1496e+09
165.5,0.014919,2590.9,2.1496e+09
165.6,0.01491,2589.2,2.1496e+09
165.7,0.0149,2587.6,2.1496e+09
165.8,0.014891,2585.9,2.1496e+09
165.9,0.014881,2584.3,2.1496e+09
166,0.014872,2582.7,2.1496e+09
166.1,0.014862,2581,2.1496e+09
166.2,0.014853,2579.4,2.1496e+09
166.3,0.014843,2577.8,2.1496e+09
166.4,0.014834,2576.1,2.1496e+09
166.5,0.014825,2574.5,2.1496e+09
166.6,0.014815,2572.9,2.1496e+09
166.7,0.014806,2571.2,2.1496e+09
166.8,0.014796,2569.6,2.1496e+09
166.9,0.014787,2568,2.1496e+09
167,0.014777,2566.3,2.1497e+09
167.1,0.014768,2564.7,2.1497e+09
167.2,0.014759,2563.1,2.1497e+09
167.3,0.014749,2561.5,2.1497e+09
167.4,0.01474,2559.8,2.1497e+09
167.5,0.014731,2558.2,2.1497e+09
167.6,0.014721,2556.6,2.1497e+09
167.7,0.014712,2555,2.1497e+09
167.8,0.014702,2553.3,2.1497e+09
167.9,0.014693,2551.7,2.1497e+09
168,0.014684,2550.1,2.1497e+09
168.1,0.014674,2548.5,2.1497e+09
168.2,0.014665,2546.9,2.1497e+09
168.3,0.014656,2545.3,2.1497e+09
168.4,0.014646,2543.6,2.1497e+09
168.5,0.014637,2542,2.1497e+09
168.6,0.014628,2540.4,2.1497e+09
168.7,0.014619,2538.8,2.1497e+09
168.8,0.014609,2537.2,2.1497e+09
168.9,0.0146,2535.6,2.1497e+09
169,0.014591,2534,2.1497e+09
169.1,0.014581,2532.4,2.1497e+09
169.2,0.014572,2530.8,2.1497e+09
169.3,0.014563,2529.2,2.1497e+09
169.4,0.014554,2527.6,2.1497e+09
169.5,0.014544,2526,2.1497e+09
169.6,0.014535,2524.4,2.1497e+09
169.7,0.014526,2522.8,2.1497e+09
169.8,0.014517,2521.2,2.1497e+09
169.9,0.014508,2519.6,2.1497e+09
170,0.014498,2518,2.1497e+09
170.1,0.014489,2516.4,2.1497e+09
170.2,0.01448,2514.8,2.1497e+09
170.3,0.014471,2513.2,2.1497e+09
170.4,0.014461,2511.6,2.1497e+09
170.5,0.014452,2510,2.1497e+09
170.6,0.014443,2508.4,2.1497e+09
170.7,0.014434,2506.8,2.1497e+09
170.8,0.014425,2505.2,2.1497e+09
170.9,0.014416,2503.6,2.1497e+09
171,0.014406,2502,2.1497e+09
171.1,0.014397,2500.5,2.1497e+09
171.2,0.014388,2498.9,2.1497e+09
171.3,0.014379,2497.3,2.1497e+09
171.4,0.01437,2495.7,2.1497e+09
171.5,0.014361,2494.1,2.1497e+09
171.6,0.014352,2492.5,2.1498e+09
171.7,0.014343,2491,2.1498e+09
171.8,0.014333,2489.4,2.1498e+09
171.9,0.014324,2487.8,2.1498e+09
172,0.014315,2486.2,2.1498e+09
172.1,0.014306,2484.6,2.1498e+09
172.2,0.014297,2483.1,2.1498e+09
172.3,0.014288,2481.5,2.1498e+09
172.4,0.014279,2479.9,2.1498e+09
172.5,0.01427,2478.4,2.1498e+09
172.6,0.014261,2476.8,2.1498e+09
172.7,0.014252,2475.2,2.1498e+09
172.8,0.014243,2473.6,2.1498e+09
172.9,0.014234,2472.1,2.1498e+09
173,0.014225,2470.5,2.1498e+09
173.1,0.014216,2468.9,2.1498e+09
173.2,0.014207,2467.4,2.1498e+09
173.3,0.014198,2465.8,2.1498e+09
173.4,0.014189,2464.3,2.1498e+09
173.5,0.01418,2462.7,2.1498e+09
173.6,0.014171,2461.1,2.1498e+09
173.7,0.014162,2459.6,2.1498e+09
173.8,0.014153,2458,2.1498e+09
173.9,0.014144,2456.5,2.1498e+09
174,0.014135,2454.9,2.1498e+09
174.1,0.014126,2453.3,2.1498e+09
174.2,0.014117,2451.8,2.1498e+09
174.3,0.014108,2450.2,2.1498e+09
174.4,0.014099,2448.7,2.1498e+09
174.5,0.01409,2447.1,2.1498e+09
174.6,0.014081,2445.6,2.1498e+09
174.7,0.014072,2444,2.1498e+09
174.8,0.014063,2442.5,2.1498e+09
174.9,0.014054,2440.9,2.1498e+09
175,0.014045,2439.4,2.1498e+09
175.1,0.014036,2437.9,2.1498e+09
175.2,0.014027,2436.3,2.1498e+09
175.3,0.014019,2434.8,2.1498e+09
175.4,0.01401,2433.2,2.1498e+09
175.5,0.014001,2431.7,2.1498e+09
175.6,0.013992,2430.1,2.1498e+09
175.7,0.013983,2428.6,2.1498e+09
175.8,0.013974,2427.1,2.1498e+09
175.9,0.013965,2425.5,2.1498e+09
176,0.013956,2424,2.1498e+09
176.1,0.013948,2422.5,2.1498e+09
176.2,0.013939,2420.9,2.1498e+09
176.3,0.01393,2419.4,2.1498e+09
176.4,0.013921,2417.9,2.1498e+09
176.5,0.013912,2416.3,2.1498e+09
176.6,0.013903,2414.8,2.1498e+09
176.7,0.013895,2413.3,2.1498e+09
176.8,0.013886,2411.7,2.1498e+09
176.9,0.013877,2410.2,2.1498e+09
177,0.013868,2408.7,2.1498e+09
177.1,0.013859,2407.2,2.1498e+09
177.2,0.013851,2405.6,2.1498e+09
177.3,0.013842,2404.1,2.1498e+09
177.4,0.013833,2402.6,2.1498e+09
177.5,0.013824,2401.1,2.1498e+09
177.6,0.013816,2399.5,2.1498e+09
177.7,0.013807,2398,2.1498e+09
177.8,0.013798,2396.5,2.1498e+09
177.9,0.013789,2395,2.1498e+09
178,0.013781,2393.5,2.1498e+09
178.1,0.013772,2392,2.1498e+09
178.2,0.013763,2390.4,2.1498e+09
178.3,0.013754,2388.9,2.1498e+09
178.4,0.013746,2387.4,2.1498e+09
178.5,0.013737,2385.9,2.1499e+09
178.6,0.013728,2384.4,2.1499e+09
178.7,0.01372,2382.9,2.1499e+09
178.8,0.013711,2381.4,2.1499e+09
178.9,0.013702,2379.9,2.1499e+09
179,0.013693,2378.4,2.1499e+09
179.1,0.013685,2376.9,2.1499e+09
179.2,0.013676,2375.4,2.1499e+09
179.3,0.013667,2373.8,2.1499e+09
179.4,0.013659,2372.3,2.1499e+09
179.5,0.01365,2370.8,2.1499e+09
179.6,0.013641,2369.3,2.1499e+09
179.7,0.013633,2367.8,2.1499e+09
179.8,0.013624,2366.3,2.1499e+09
179.9,0.013616,2364.8,2.1499e+09
180,0.013607,2363.3,2.1499e+09
180.1,0.013598,2361.9,2.1499e+09
180.2,0.01359,2360.4,2.1499e+09
180.3,0.013581,2358.9,2.1499e+09
180.4,0.013572,2357.4,2.1499e+09
180.5,0.013564,2355.9,2.1499e+09
180.6,0.013555,2354.4,2.1499e+09
180.7,0.013547,2352.9,2.1499e+09
180.8,0.013538,2351.4,2.1499e+09
180.9,0.01353,2349.9,2.1499e+09
181,0.013521,2348.4,2.1499e+09
181.1,0.013512,2346.9,2.1499e+09
181.2,0.013504,2345.5,2.1499e+09
181.3,0.013495,2344,2.1499e+09
181.4,0.013487,2342.5,2.1499e+09
181.5,0.013478,2341,2.1499e+09
181.6,0.01347,2339.5,2.1499e+09
181.7,0.013461,2338.1,2.1499e+09
181.8,0.013453,2336.6,2.1499e+09
181.9,0.013444,2335.1,2.1499e+09
182,0.013436,2333.6,2.1499e+09
182.1,0.013427,2332.1,2.1499e+09
182.2,0.013419,2330.7,2.1499e+09
182.3,0.01341,2329.2,2.1499e+09
182.4,0.013402,2327.7,2.1499e+09
182.5,0.013393,2326.2,2.1499e+09
182.6,0.013385,2324.8,2.1499e+09
182.7,0.013376,2323.3,2.1499e+09
182.8,0.013368,2321.8,2.1499e+09
182.9,0.013359,2320.4,2.1499e+09
183,0.013351,2318.9,2.1499e+09
183.1,0.013342,2317.4,2.1499e+09
183.2,0.013334,2316,2.1499e+09
183.3,0.013325,2314.5,2.1499e+09
183.4,0.013317,2313,2.1499e+09
183.5,0.013308,2311.6,2.1499e+09
183.6,0.0133,2310.1,2.1499e+09
183.7,0.013292,2308.6,2.1499e+09
183.8,0.013283,2307.2,2.1499e+09
183.9,0.013275,2305.7,2.1499e+09
184,0.013266,2304.3,2.1499e+09
184.1,0.013258,2302.8,2.1499e+09
184.2,0.01325,2301.4,2.1499e+09
184.3,0.013241,2299.9,2.1499e+09
184.4,0.013233,2298.4,2.1499e+09
184.5,0.013224,2297,2.1499e+09
184.6,0.013216,2295.5,2.1499e+09
184.7,0.013208,2294.1,2.1499e+09
184.8,0.013199,2292.6,2.1499e+09
184.9,0.013191,2291.2,2.1499e+09
185,0.013183,2289.7,2.1499e+09
185.1,0.013174,2288.3,2.1499e+09
185.2,0.013166,2286.8,2.1499e+09
185.3,0.013158,2285.4,2.1499e+09
185.4,0.013149,2283.9,2.1499e+09
185.5,0.013141,2282.5,2.1499e+09
185.6,0.013133,2281.1,2.1499e+09
185.7,0.013124,2279.6,2.1499e+09
185.8,0.013116,2278.2,2.1499e+09
185.9,0.013108,2276.7,2.1499e+09
186,0.013099,2275.3,2.1499e+09
186.1,0.013091,2273.9,2.1499e+09
186.2,0.013083,2272.4,2.1499e+09
186.3,0.013075,2271,2.1499e+09
186.4,0.013066,2269.5,2.1499e+09
186.5,0.013058,2268.1,2.1499e+09
186.6,0.01305,2266.7,2.1499e+09
186.7,0.013041,2265.2,2.1499e+09
186.8,0.013033,2263.8,2.1499e+09
186.9,0.013025,2262.4,2.1499e+09
187,0.013017,2261,2.1499e+09
187.1,0.013009,2259.5,2.1499e+09
187.2,0.013,2258.1,2.1499e+09
187.3,0.012992,2256.7,2.1499e+09
187.4,0.012984,2255.2,2.1499e+09
187.5,0.012976,2253.8,2.1499e+09
187.6,0.012967,2252.4,2.1499e+09
187.7,0.012959,2251,2.1499e+09
187.8,0.012951,2249.5,2.1499e+09
187.9,0.012943,2248.1,2.1499e+09
188,0.012935,2246.7,2.1499e+09
188.1,0.012926,2245.3,2.1499e+09
188.2,0.012918,2243.9,2.1499e+09
188.3,0.01291,2242.4,2.1499e+09
188.4,0.012902,2241,2.1499e+09
188.5,0.012894,2239.6,2.1499e+09
188.6,0.012886,2238.2,2.1499e+09
188.7,0.012877,2236.8,2.1499e+09
188.8,0.012869,2235.4,2.1499e+09
188.9,0.012861,2234,2.1499e+09
189,0.012853,2232.5,2.1499e+09
189.1,0.012845,2231.1,2.1499e+09
189.2,0.012837,2229.7,2.1499e+09
189.3,0.012829,2228.3,2.1499e+09
189.4,0.012821,2226.9,2.1499e+09
189.5,0.012812,2225.5,2.1499e+09
189.6,0.012804,2224.1,2.1499e+09
189.7,0.012796,2222.7,2.1499e+09
189.8,0.012788,2221.3,2.1499e+09
189.9,0.01278,2219.9,2.1499e+09
190,0.012772,2218.5,2.1499e+09
190.1,0.012764,2217.1,2.1499e+09
190.2,0.012756,2215.7,2.1499e+09
190.3,0.012748,2214.3,2.1499e+09
190.4,0.01274,2212.9,2.1499e+09
190.5,0.012732,2211.5,2.1499e+09
190.6,0.012724,2210.1,2.1499e+09
190.7,0.012716,2208.7,2.1499e+09
190.8,0.012707,2207.3,2.1499e+09
190.9,0.012699,2205.9,2.1499e+09
191,0.012691,2204.5,2.1499e+09
191.1,0.012683,2203.1,2.1499e+09
191.2,0.012675,2201.7,2.1499e+09
191.3,0.012667,2200.3,2.1499e+09
191.4,0.012659,2198.9,2.1499e+09
191.5,0.012651,2197.5,2.1499e+09
191.6,0.012643,2196.2,2.1499e+09
191.7,0.012635,2194.8,2.1499e+09
191.8,0.012627,2193.4,2.1499e+09
191.9,0.012619,2192,2.1499e+09
192,0.012611,2190.6,2.1499e+09
192.1,0.012603,2189.2,2.1499e+09
192.2,0.012595,2187.8,2.1499e+09
192.3,0.012587,2186.5,2.1499e+09
192.4,0.01258,2185.1,2.1499e+09
192.5,0.012572,2183.7,2.1499e+09
192.6,0.012564,2182.3,2.1499e+09
192.7,0.012556,2180.9,2.1499e+09
192.8,0.012548,2179.6,2.1499e+09
192.9,0.01254,2178.2,2.1499e+09
193,0.012532,2176.8,2.1499e+09
193.1,0.012524,2175.4,2.1499e+09
193.2,0.012516,2174.1,2.1499e+09
193.3,0.012508,2172.7,2.1499e+09
193.4,0.0125,2171.3,2.1499e+09
193.5,0.012492,2170,2.15e+09
193.6,0.012484,2168.6,2.15e+09
193.7,0.012477,2167.2,2.15e+09
193.8,0.012469,2165.8,2.15e+09
193.9,0.012461,2164.5,2.15e+09
194,0.012453,2163.1,2.15e+09
194.1,0.012445,2161.7,2.15e+09
194.2,0.012437,2160.4,2.15e+09
194.3,0.012429,2159,2.15e+09
194.4,0.012421,2157.7,2.15e+09
194.5,0.012414,2156.3,2.15e+09
194.6,0.012406,2154.9,2.15e+09
194.7,0.012398,2153.6,2.15e+09
194.8,0.01239,2152.2,2.15e+09
194.9,0.012382,2150.8,2.15e+09
195,0.012374,2149.5,2.15e+09
195.1,0.012367,2148.1,2.15e+09
195.2,0.012359,2146.8,2.15e+09
195.3,0.012351,2145.4,2.15e+09
195.4,0.012343,2144.1,2.15e+09
195.5,0.012335,2142.7,2.15e+09
195.6,0.012328,2141.4,2.15e+09
195.7,0.01232,2140,2.15e+09
195.8,0.012312,2138.7,2.15e+09
195.9,0.012304,2137.3,2.15e+09
196,0.012296,2136,2.15e+09
196.1,0.012289,2134.6,2.15e+09
196.2,0.012281,2133.3,2.15e+09
196.3,0.012273,2131.9,2.15e+09
196.4,0.012265,2130.6,2.15e+09
196.5,0.012258,2129.2,2.15e+09
196.6,0.01225,2127.9,2.15e+09
196.7,0.012242,2126.5,2.15e+09
196.8,0.012234,2125.2,2.15e+09
196.9,0.012227,2123.9,2.15e+09
197,0.012219,2122.5,2.15e+09
197.1,0.012211,2121.2,2.15e+09
197.2,0.012204,2119.8,2.15e+09
197.3,0.012196,2118.5,2.15e+09
197.4,0.012188,2117.2,2.15e+09
197.5,0.01218,2115.8,2.15e+09
197.6,0.012173,2114.5,2.15e+09
197.7,0.012165,2113.2,2.15e+09
197.8,0.012157,2111.8,2.15e+09
197.9,0.01215,2110.5,2.15e+09
198,0.012142,2109.2,2.15e+09
198.1,0.012134,2107.8,2.15e+09
198.2,0.012127,2106.5,2.15e+09
198.3,0.012119,2105.2,2.15e+09
198.4,0.012111,2103.8,2.15e+09
198.5,0.012104,2102.5,2.15e+09
198.6,0.012096,2101.2,2.15e+09
198.7,0.012088,2099.9,2.15e+09
198.8,0.012081,2098.5,2.15e+09
198.9,0.012073,2097.2,2.15e+09
199,0.012066,2095.9,2.15e+09
199.1,0.012058,2094.6,2.15e+09
199.2,0.01205,2093.3,2.15e+09
199.3,0.012043,2091.9,2.15e+09
199.4,0.012035,2090.6,2.15e+09
199.5,0.012027,2089.3,2.15e+09
199.6,0.01202,2088,2.15e+09
199.7,0.012012,2086.7,2.15e+09
199.8,0.012005,2085.3,2.15e+09
199.9,0.011997,2084,2.15e+09
200,0.01199,2082.7,2.15e+09
