0,1e+07,8000,1e+06
0.1,9.8216e+06,8020.6,9.7463e+05
0.2,9.6464e+06,8040.7,9.4976e+05
0.3,9.4742e+06,8060.3,9.254e+05
0.4,9.3052e+06,8079.5,9.0153e+05
0.5,9.1392e+06,8098.2,8.7813e+05
0.6,8.9761e+06,8116.5,8.5521e+05
0.7,8.816e+06,8134.3,8.3274e+05
0.8,8.6587e+06,8151.7,8.1072e+05
0.9,8.5042e+06,8168.7,7.8915e+05
1,8.3525e+06,8185.3,7.6801e+05
1.1,8.2035e+06,8201.5,7.473e+05
1.2,8.0571e+06,8217.4,7.27e+05
1.3,7.9134e+06,8232.8,7.0711e+05
1.4,7.7722e+06,8247.8,6.8762e+05
1.5,7.6335e+06,8262.5,6.6853e+05
1.6,7.4973e+06,8276.8,6.4983e+05
1.7,7.3635e+06,8290.7,6.3151e+05
1.8,7.2322e+06,8304.3,6.1357e+05
1.9,7.1031e+06,8317.5,5.9599e+05
2,6.9764e+06,8330.4,5.7878e+05
2.1,6.8519e+06,8343,5.6193e+05
2.2,6.7297e+06,8355.2,5.4543e+05
2.3,6.6096e+06,8367.1,5.2929e+05
2.4,6.4917e+06,8378.7,5.1348e+05
2.5,6.3759e+06,8390,4.9801e+05
2.6,6.2621e+06,8401,4.8288e+05
2.7,6.1504e+06,8411.6,4.6808e+05
2.8,6.0407e+06,8422,4.5364e+05
2.9,5.9329e+06,8432.1,4.3952e+05
3,5.827e+06,8441.9,4.2571e+05
3.1,5.7231e+06,8451.5,4.1221e+05
3.2,5.621e+06,8460.7,3.9902e+05
3.3,5.5207e+06,8469.7,3.8613e+05
3.4,5.4222e+06,8478.4,3.7353e+05
3.5,5.3254e+06,8486.9,3.6124e+05
3.6,5.2304e+06,8495.1,3.4924e+05
3.7,5.1371e+06,8503,3.3753e+05
3.8,5.0454e+06,8510.7,3.261e+05
3.9,4.9554e+06,8518.2,3.1496e+05
4,4.867e+06,8525.4,3.041e+05
4.1,4.7802e+06,8532.4,2.9351e+05
4.2,4.6949e+06,8539.2,2.832e+05
4.3,4.6111e+06,8545.8,2.7316e+05
4.4,4.5289e+06,8552.1,2.6338e+05
4.5,4.4481e+06,8558.2,2.5387e+05
4.6,4.3687e+06,8564.1,2.4462e+05
4.7,4.2908e+06,8569.8,2.3563e+05
4.8,4.2142e+06,8575.3,2.2689e+05
4.9,4.139e+06,8580.6,2.184e+05
5,4.0652e+06,8585.6,2.1016e+05
5.1,3.9926e+06,8590.5,2.0215e+05
5.2,3.9214e+06,8595.2,1.9439e+05
5.3,3.8514e+06,8599.8,1.8687e+05
5.4,3.7827e+06,8604.1,1.7958e+05
5.5,3.7152e+06,8608.3,1.7251e+05
5.6,3.649e+06,8612.2,1.6566e+05
5.7,3.5838e+06,8616,1.5904e+05
5.8,3.5199e+06,8619.7,1.5262e+05
5.9,3.4571e+06,8623.1,1.4642e+05
6,3.3954e+06,8626.4,1.4043e+05
6.1,3.3348e+06,8629.6,1.3463e+05
6.2,3.2753e+06,8632.6,1.2903e+05
6.3,3.2169e+06,8635.4,1.2363e+05
6.4,3.1595e+06,8638.1,1.1841e+05
6.5,3.1031e+06,8640.6,1.1338e+05
6.6,3.0478e+06,8643,1.0853e+05
6.7,2.9934e+06,8645.2,1.0386e+05
6.8,2.94e+06,8647.3,99355
6.9,2.8875e+06,8649.3,95020
7,2.836e+06,8651.1,90847
7.1,2.7854e+06,8652.8,86833
7.2,2.7357e+06,8654.3,82973
7.3,2.6869e+06,8655.8,79263
7.4,2.639e+06,8657.1,75698
7.5,2.5919e+06,8658.2,72274
7.6,2.5457e+06,8659.3,68987
7.7,2.5002e+06,8660.2,65833
7.8,2.4556e+06,8661,62807
7.9,2.4118e+06,8661.7,59907
8,2.3688e+06,8662.3,57127
8.1,2.3265e+06,8662.8,54462
8.2,2.285e+06,8663.1,51911
8.3,2.2442e+06,8663.4,49468
8.4,2.2042e+06,8663.6,47129
8.5,2.1649e+06,8663.6,44892
8.6,2.1263e+06,8663.6,42752
8.7,2.0883e+06,8663.4,40705
8.8,2.0511e+06,8663.2,38750
8.9,2.0145e+06,8662.8,36881
9,1.9785e+06,8662.4,35096
9.1,1.9432e+06,8661.8,33391
9.2,1.9086e+06,8661.2,31764
9.3,1.8745e+06,8660.5,30211
9.4,1.8411e+06,8659.7,28729
9.5,1.8082e+06,8658.8,27316
9.6,1.776e+06,8657.9,25968
9.7,1.7443e+06,8656.8,24683
9.8,1.7131e+06,8655.7,23458
9.9,1.6826e+06,8654.5,22292
10,1.6526e+06,8653.2,21180
10.1,1.6231e+06,8651.8,20121
10.2,1.5941e+06,8650.4,19113
10.3,1.5657e+06,8648.9,18153
10.4,1.5377e+06,8647.3,17240
10.5,1.5103e+06,8645.6,16371
10.6,1.4834e+06,8643.9,15544
10.7,1.4569e+06,8642.1,14757
10.8,1.4309e+06,8640.2,14009
10.9,1.4054e+06,8638.3,13298
11,1.3803e+06,8636.3,12621
11.1,1.3557e+06,8634.3,11978
11.2,1.3315e+06,8632.1,11367
11.3,1.3077e+06,8630,10787
11.4,1.2844e+06,8627.7,10235
11.5,1.2615e+06,8625.4,9711
11.6,1.239e+06,8623.1,9213.2
11.7,1.2169e+06,8620.7,8740.4
11.8,1.1952e+06,8618.2,8291.4
11.9,1.1738e+06,8615.7,7865.1
12,1.1529e+06,8613.1,7460.4
12.1,1.1323e+06,8610.5,7076.2
12.2,1.1121e+06,8607.8,6711.5
12.3,1.0923e+06,8605.1,6365.4
12.4,1.0728e+06,8602.3,6036.9
12.5,1.0536e+06,8599.5,5725.2
12.6,1.0349e+06,8596.6,5429.5
12.7,1.0164e+06,8593.7,5148.9
12.8,9.9825e+05,8590.7,4882.7
12.9,9.8044e+05,8587.7,4630.2
13,9.6295e+05,8584.6,4390.7
13.1,9.4577e+05,8581.5,4163.5
13.2,9.289e+05,8578.4,3948.1
13.3,9.1232e+05,8575.2,3743.8
13.4,8.9605e+05,8572,3550
13.5,8.8006e+05,8568.7,3366.3
13.6,8.6436e+05,8565.4,3192
13.7,8.4894e+05,8562.1,3026.9
13.8,8.3379e+05,8558.7,2870.2
13.9,8.1891e+05,8555.3,2721.7
14,8.043e+05,8551.9,2581
14.1,7.8995e+05,8548.4,2447.5
14.2,7.7586e+05,8544.9,2321
14.3,7.6202e+05,8541.3,2201.1
14.4,7.4842e+05,8537.7,2087.4
14.5,7.3507e+05,8534.1,1979.6
14.6,7.2195e+05,8530.4,1877.4
14.7,7.0907e+05,8526.8,1780.6
14.8,6.9642e+05,8523,1688.8
14.9,6.84e+05,8519.3,1601.8
15,6.7179e+05,8515.5,1519.3
15.1,6.5981e+05,8511.7,1441.2
15.2,6.4804e+05,8507.9,1367.1
15.3,6.3647e+05,8504,1296.8
15.4,6.2512e+05,8500.2,1230.3
15.5,6.1396e+05,8496.2,1167.2
15.6,6.0301e+05,8492.3,1107.4
15.7,5.9225e+05,8488.3,1050.7
15.8,5.8169e+05,8484.3,996.93
15.9,5.7131e+05,8480.3,945.99
16,5.6111e+05,8476.3,897.71
16.1,5.511e+05,8472.2,851.94
16.2,5.4127e+05,8468.1,808.55
16.3,5.3161e+05,8464,767.42
16.4,5.2213e+05,8459.9,728.43
16.5,5.1281e+05,8455.8,691.47
16.6,5.0366e+05,8451.6,656.42
16.7,4.9468e+05,8447.4,623.2
16.8,4.8585e+05,8443.2,591.7
16.9,4.7718e+05,8438.9,561.84
17,4.6867e+05,8434.7,533.52
17.1,4.6031e+05,8430.4,506.68
17.2,4.521e+05,8426.1,481.22
17.3,4.4403e+05,8421.8,457.08
17.4,4.3611e+05,8417.5,434.18
17.5,4.2833e+05,8413.1,412.47
17.6,4.2068e+05,8408.8,391.88
17.7,4.1318e+05,8404.4,372.36
17.8,4.0581e+05,8400,353.84
17.9,3.9857e+05,8395.6,336.27
18,3.9146e+05,8391.2,319.6
18.1,3.8447e+05,8386.7,303.8
18.2,3.7761e+05,8382.3,288.8
18.3,3.7087e+05,8377.8,274.57
18.4,3.6426e+05,8373.3,261.08
18.5,3.5776e+05,8368.8,248.27
18.6,3.5138e+05,8364.3,236.11
18.7,3.4511e+05,8359.7,224.58
18.8,3.3895e+05,8355.2,213.64
18.9,3.329e+05,8350.6,203.25
19,3.2696e+05,8346.1,193.39
19.1,3.2113e+05,8341.5,184.04
19.2,3.154e+05,8336.9,175.15
19.3,3.0977e+05,8332.3,166.72
19.4,3.0425e+05,8327.7,158.71
19.5,2.9882e+05,8323.1,151.11
19.6,2.9349e+05,8318.4,143.9
19.7,2.8825e+05,8313.8,137.04
19.8,2.8311e+05,8309.1,130.53
19.9,2.7806e+05,8304.4,124.35
20,2.731e+05,8299.8,118.48
20.1,2.6822e+05,8295.1,112.9
20.2,2.6344e+05,8290.4,107.6
20.3,2.5874e+05,8285.7,102.57
20.4,2.5412e+05,8281,97.786
20.5,2.4959e+05,8276.2,93.24
20.6,2.4513e+05,8271.5,88.921
20.7,2.4076e+05,8266.7,84.815
20.8,2.3646e+05,8262,80.913
20.9,2.3225e+05,8257.2,77.204
21,2.281e+05,8252.5,73.678
21.1,2.2403e+05,8247.7,70.325
21.2,2.2004e+05,8242.9,67.137
21.3,2.1611e+05,8238.1,64.105
21.4,2.1225e+05,8233.3,61.222
21.5,2.0847e+05,8228.5,58.479
21.6,2.0475e+05,8223.7,55.871
21.7,2.0109e+05,8218.9,53.389
21.8,1.9751e+05,8214.1,51.027
21.9,1.9398e+05,8209.3,48.78
22,1.9052e+05,8204.4,46.642
22.1,1.8712e+05,8199.6,44.607
22.2,1.8378e+05,8194.7,42.67
22.3,1.8051e+05,8189.9,40.826
22.4,1.7728e+05,8185,39.07
22.5,1.7412e+05,8180.2,37.398
22.6,1.7102e+05,8175.3,35.806
22.7,1.6796e+05,8170.4,34.29
22.8,1.6497e+05,8165.6,32.845
22.9,1.6202e+05,8160.7,31.47
23,1.5913e+05,8155.8,30.159
23.1,1.5629e+05,8150.9,28.91
23.2,1.5351e+05,8146,27.719
23.3,1.5077e+05,8141.1,26.585
23.4,1.4808e+05,8136.2,25.504
23.5,1.4544e+05,8131.3,24.473
23.6,1.4284e+05,8126.4,23.49
23.7,1.4029e+05,8121.5,22.553
23.8,1.3779e+05,8116.6,21.659
23.9,1.3533e+05,8111.6,20.807
24,1.3292e+05,8106.7,19.994
24.1,1.3054e+05,8101.8,19.218
24.2,1.2822e+05,8096.9,18.478
24.3,1.2593e+05,8091.9,17.772
24.4,1.2368e+05,8087,17.098
24.5,1.2147e+05,8082.1,16.454
24.6,1.1931e+05,8077.1,15.84
24.7,1.1718e+05,8072.2,15.254
24.8,1.1509e+05,8067.2,14.694
24.9,1.1303e+05,8062.3,14.16
25,1.1102e+05,8057.4,13.649
25.1,1.0904e+05,8052.4,13.162
25.2,1.0709e+05,8047.5,12.696
25.3,1.0518e+05,8042.5,12.251
25.4,1.033e+05,8037.5,11.826
25.5,1.0146e+05,8032.6,11.42
25.6,99651,8027.6,11.032
25.7,97873,8022.7,10.661
25.8,96127,8017.7,10.307
25.9,94412,8012.8,9.9677
26,92727,8007.8,9.6438
26.1,91073,8002.8,9.3341
26.2,89448,7997.9,9.0381
26.3,87852,7992.9,8.755
26.4,86285,7987.9,8.4844
26.5,84745,7983,8.2256
26.6,83233,7978,7.9782
26.7,81748,7973,7.7416
26.8,80290,7968.1,7.5153
26.9,78857,7963.1,7.2989
27,77450,7958.1,7.0921
27.1,76069,7953.1,6.8942
27.2,74711,7948.2,6.7051
27.3,73378,7943.2,6.5243
27.4,72069,7938.2,6.3514
27.5,70783,7933.3,6.1862
27.6,69521,7928.3,6.0282
27.7,68280,7923.3,5.8773
27.8,67062,7918.3,5.7331
27.9,65866,7913.4,5.5954
28,64690,7908.4,5.4638
28.1,63536,7903.4,5.3382
28.2,62403,7898.4,5.2184
28.3,61289,7893.5,5.104
28.4,60196,7888.5,4.995
28.5,59122,7883.5,4.8911
28.6,58067,7878.6,4.7921
28.7,57031,7873.6,4.6978
28.8,56013,7868.6,4.6081
28.9,55014,7863.7,4.5229
29,54033,7858.7,4.4419
29.1,53069,7853.7,4.3651
29.2,52122,7848.8,4.2923
29.3,51192,7843.8,4.2234
29.4,50278,7838.8,4.1583
29.5,49381,7833.9,4.0968
29.6,48500,7828.9,4.039
29.7,47635,7823.9,3.9846
29.8,46785,7819,3.9336
29.9,45950,7814,3.8859
30,45131,7809.1,3.8415
30.1,44325,7804.1,3.8003
30.2,43535,7799.1,3.7623
30.3,42758,7794.2,3.7273
30.4,41995,7789.2,3.6953
30.5,41246,7784.3,3.6664
30.6,40510,7779.3,3.6404
30.7,39787,7774.4,3.6174
30.8,39077,7769.4,3.5973
30.9,38380,7764.5,3.5801
31,37695,7759.5,3.5659
31.1,37023,7754.6,3.5545
31.2,36362,7749.7,3.5461
31.3,35713,7744.7,3.5406
31.4,35076,7739.8,3.538
31.5,34450,7734.8,3.5384
31.6,33836,7729.9,3.5419
31.7,33232,7725,3.5484
31.8,32639,7720,3.5581
31.9,32057,7715.1,3.5709
32,31485,7710.2,3.587
32.1,30923,7705.2,3.6065
32.2,30371,7700.3,3.6293
32.3,29830,7695.4,3.6557
32.4,29297,7690.5,3.6858
32.5,28775,7685.5,3.7196
32.6,28261,7680.6,3.7574
32.7,27757,7675.7,3.7992
32.8,27262,7670.8,3.8452
32.9,26775,7665.9,3.8957
33,26298,7661,3.9508
33.1,25829,7656.1,4.0108
33.2,25368,7651.1,4.0758
33.3,24915,7646.2,4.1462
33.4,24471,7641.3,4.2222
33.5,24034,7636.4,4.3042
33.6,23605,7631.5,4.3924
33.7,23184,7626.6,4.4874
33.8,22770,7621.7,4.5893
33.9,22364,7616.8,4.6988
34,21965,7612,4.8162
34.1,21573,7607.1,4.9422
34.2,21188,7602.2,5.0772
34.3,20810,7597.3,5.2219
34.4,20439,7592.4,5.3769
34.5,20074,7587.5,5.543
34.6,19716,7582.7,5.721
34.7,19364,7577.8,5.9117
34.8,19019,7572.9,6.1162
34.9,18680,7568,6.3354
35,18346,7563.2,6.5705
35.1,18019,7558.3,6.8228
35.2,17698,7553.4,7.0936
35.3,17382,7548.6,7.3844
35.4,17072,7543.7,7.697
35.5,16767,7538.9,8.033
35.6,16468,7534,8.3945
35.7,16174,7529.1,8.7837
35.8,15886,7524.3,9.2031
35.9,15602,7519.4,9.6552
36,15324,7514.6,10.143
36.1,15050,7509.8,10.67
36.2,14782,7504.9,11.239
36.3,14518,7500.1,11.855
36.4,14259,7495.2,12.522
36.5,14005,7490.4,13.245
36.6,13755,7485.6,14.03
36.7,13509,7480.8,14.881
36.8,13268,7475.9,15.807
36.9,13032,7471.1,16.815
37,12799,7466.3,17.912
37.1,12571,7461.5,19.109
37.2,12347,7456.6,20.415
37.3,12126,7451.8,21.843
37.4,11910,7447,23.406
37.5,11697,7442.2,25.118
37.6,11489,7437.4,26.996
37.7,11284,7432.6,29.058
37.8,11082,7427.8,31.326
37.9,10885,7423,33.822
38,10690,7418.2,36.575
38.1,10500,7413.4,39.613
38.2,10312,7408.6,42.971
38.3,10128,7403.8,46.689
38.4,9947.7,7399.1,50.809
38.5,9770.2,7394.3,55.383
38.6,9595.9,7389.5,60.467
38.7,9424.7,7384.7,66.126
38.8,9256.6,7380,72.436
38.9,9091.4,7375.2,79.482
39,8929.2,7370.4,87.363
39.1,8769.9,7365.6,96.191
39.2,8613.4,7360.9,106.1
39.3,8459.7,7356.1,117.23
39.4,8308.8,7351.4,129.77
39.5,8160.6,7346.6,143.91
39.6,8015,7341.9,159.89
39.7,7872,7337.1,177.98
39.8,7731.5,7332.4,198.51
39.9,7593.6,7327.6,221.85
40,7458.1,7322.9,248.45
40.1,7325,7318.1,278.83
40.2,7194.3,7313.4,313.62
40.3,7066,7308.7,353.56
40.4,6939.9,7303.9,399.55
40.5,6816.1,7299.2,452.66
40.6,6694.5,7294.5,514.2
40.7,6575.1,7289.8,585.76
40.8,6457.7,7285.1,669.28
40.9,6342.5,7280.3,767.19
41,6229.4,7275.6,882.53
41.1,6118.2,7270.9,1019.2
41.2,6009.1,7266.2,1182
41.3,5901.9,7261.5,1377.5
41.4,5796.6,7256.8,1613.8
41.5,5693.1,7252.1,1902.4
41.6,5591.6,7247.4,2258.9
41.7,5491.8,7242.7,2704.4
41.8,5393.8,7238.1,3270
41.9,5297.6,7233.4,4002.3
42,5203.1,7228.7,4971.5
42.1,5110.2,7224,6291.9
42.2,5019.1,7219.4,8155.6
42.3,4929.5,7214.7,10895
42.4,4841.6,7210.1,14969
42.5,4755.2,7205.5,20655
42.6,4670.3,7200.8,28507
42.7,4587,7196.2,39344
42.8,4505.2,7191.6,54298
42.9,4424.8,7187,74929
43,4345.9,7182.3,1.0338e+05
43.1,4268.3,7177.7,1.4261e+05
43.2,4192.2,7173.1,1.9666e+05
43.3,4117.4,7168.5,2.7108e+05
43.4,4043.9,7163.9,3.7346e+05
43.5,3971.8,7159.3,5.141e+05
43.6,3900.9,7154.7,7.0694e+05
43.7,3831.3,7150.1,9.7071e+05
43.8,3763,7145.5,1.3303e+06
43.9,3695.8,7140.9,1.8182e+06
44,3629.9,7136.3,2.4766e+06
44.1,3565.1,7131.7,3.3578e+06
44.2,3501.5,7127.1,4.5259e+06
44.3,3439,7122.5,6.0553e+06
44.4,3377.7,7118,8.0279e+06
44.5,3317.4,7113.4,1.0528e+07
44.6,3258.2,7108.8,1.3634e+07
44.7,3200.1,7104.2,1.7413e+07
44.8,3143,7099.7,2.1908e+07
44.9,3086.9,7095.1,2.714e+07
45,3031.9,7090.5,3.3106e+07
45.1,2977.8,7086,3.9778e+07
45.2,2924.6,7081.4,4.7114e+07
45.3,2872.5,7076.9,5.5062e+07
45.4,2821.2,7072.3,6.3563e+07
45.5,2770.9,7067.8,7.256e+07
45.6,2721.4,7063.2,8.1994e+07
45.7,2672.9,7058.7,9.1812e+07
45.8,2625.2,7054.1,1.0197e+08
45.9,2578.4,7049.6,1.1241e+08
46,2532.4,7045.1,1.2311e+08
46.1,2487.2,7040.5,1.3402e+08
46.2,2442.8,7036,1.4512e+08
46.3,2399.2,7031.5,1.5638e+08
46.4,2356.4,7027,1.6777e+08
46.5,2314.4,7022.4,1.7928e+08
46.6,2273.1,7017.9,1.9088e+08
46.7,2232.5,7013.4,2.0256e+08
46.8,2192.7,7008.9,2.1431e+08
46.9,2153.6,7004.4,2.261e+08
47,2115.2,6999.9,2.3793e+08
47.1,2077.4,6995.4,2.498e+08
47.2,2040.4,6990.9,2.6168e+08
47.3,2004,6986.4,2.7358e+08
47.4,1968.2,6981.9,2.8548e+08
47.5,1933.1,6977.4,2.9737e+08
47.6,1898.6,6972.9,3.0926e+08
47.7,1864.7,6968.4,3.2114e+08
47.8,1831.5,6963.9,3.33e+08
47.9,1798.8,6959.5,3.4484e+08
48,1766.7,6955,3.5665e+08
48.1,1735.2,6950.5,3.6843e+08
48.2,1704.2,6946,3.8018e+08
48.3,1673.8,6941.6,3.9189e+08
48.4,1643.9,6937.1,4.0356e+08
48.5,1614.6,6932.6,4.152e+08
48.6,1585.8,6928.2,4.2679e+08
48.7,1557.5,6923.7,4.3833e+08
48.8,1529.7,6919.3,4.4983e+08
48.9,1502.4,6914.8,4.6128e+08
49,1475.6,6910.4,4.7269e+08
49.1,1449.3,6905.9,4.8404e+08
49.2,1423.4,6901.5,4.9534e+08
49.3,1398.1,6897,5.0658e+08
49.4,1373.1,6892.6,5.1777e+08
49.5,1348.6,6888.1,5.2891e+08
49.6,1324.6,6883.7,5.3999e+08
49.7,1300.9,6879.3,5.5101e+08
49.8,1277.7,6874.9,5.6198e+08
49.9,1254.9,6870.4,5.7288e+08
50,1232.5,6866,5.8373e+08
50.1,1210.5,6861.6,5.9453e+08
50.2,1188.9,6857.2,6.0526e+08
50.3,1167.7,6852.8,6.1593e+08
50.4,1146.9,6848.4,6.2654e+08
50.5,1126.4,6843.9,6.3709e+08
50.6,1106.3,6839.5,6.4758e+08
50.7,1086.6,6835.1,6.5801e+08
50.8,1067.2,6830.7,6.6838e+08
50.9,1048.2,6826.3,6.7869e+08
51,1029.5,6822,6.8894e+08
51.1,1011.1,6817.6,6.9912e+08
51.2,993.06,6813.2,7.0925e+08
51.3,975.35,6808.8,7.1931e+08
51.4,957.95,6804.4,7.2931e+08
51.5,940.86,6800,7.3925e+08
51.6,924.07,6795.7,7.4913e+08
51.7,907.58,6791.3,7.5895e+08
51.8,891.39,6786.9,7.6871e+08
51.9,875.49,6782.5,7.7841e+08
52,859.87,6778.2,7.8804e+08
52.1,844.53,6773.8,7.9762e+08
52.2,829.46,6769.5,8.0713e+08
52.3,814.66,6765.1,8.1658e+08
52.4,800.13,6760.7,8.2598e+08
52.5,785.85,6756.4,8.3531e+08
52.6,771.83,6752,8.4458e+08
52.7,758.06,6747.7,8.538e+08
52.8,744.54,6743.4,8.6295e+08
52.9,731.26,6739,8.7205e+08
53,718.21,6734.7,8.8108e+08
53.1,705.4,6730.3,8.9006e+08
53.2,692.81,6726,8.9898e+08
53.3,680.45,6721.7,9.0783e+08
53.4,668.31,6717.4,9.1664e+08
53.5,656.39,6713,9.2538e+08
53.6,644.68,6708.7,9.3406e+08
53.7,633.18,6704.4,9.4269e+08
53.8,621.88,6700.1,9.5126e+08
53.9,610.79,6695.8,9.5977e+08
54,599.89,6691.5,9.6823e+08
54.1,589.19,6687.1,9.7663e+08
54.2,578.68,6682.8,9.8497e+08
54.3,568.35,6678.5,9.9326e+08
54.4,558.21,6674.2,1.0015e+09
54.5,548.26,6669.9,1.0097e+09
54.6,538.47,6665.7,1.0178e+09
54.7,528.87,6661.4,1.0259e+09
54.8,519.43,6657.1,1.0339e+09
54.9,510.17,6652.8,1.0418e+09
55,501.06,6648.5,1.0497e+09
55.1,492.13,6644.2,1.0576e+09
55.2,483.35,6640,1.0654e+09
55.3,474.72,6635.7,1.0731e+09
55.4,466.25,6631.4,1.0808e+09
55.5,457.94,6627.1,1.0885e+09
55.6,449.77,6622.9,1.096e+09
55.7,441.74,6618.6,1.1036e+09
55.8,433.86,6614.3,1.1111e+09
55.9,426.12,6610.1,1.1185e+09
56,418.52,6605.8,1.1259e+09
56.1,411.05,6601.6,1.1332e+09
56.2,403.72,6597.3,1.1405e+09
56.3,396.52,6593.1,1.1477e+09
56.4,389.44,6588.8,1.1549e+09
56.5,382.5,6584.6,1.162e+09
56.6,375.67,6580.4,1.1691e+09
56.7,368.97,6576.1,1.1761e+09
56.8,362.39,6571.9,1.1831e+09
56.9,355.92,6567.7,1.19e+09
57,349.57,6563.4,1.1969e+09
57.1,343.34,6559.2,1.2038e+09
57.2,337.21,6555,1.2105e+09
57.3,331.2,6550.8,1.2173e+09
57.4,325.29,6546.6,1.224e+09
57.5,319.49,6542.3,1.2306e+09
57.6,313.79,6538.1,1.2372e+09
57.7,308.19,6533.9,1.2438e+09
57.8,302.69,6529.7,1.2503e+09
57.9,297.29,6525.5,1.2568e+09
58,291.99,6521.3,1.2632e+09
58.1,286.78,6517.1,1.2696e+09
58.2,281.66,6512.9,1.2759e+09
58.3,276.64,6508.7,1.2822e+09
58.4,271.7,6504.6,1.2884e+09
58.5,266.86,6500.4,1.2946e+09
58.6,262.09,6496.2,1.3008e+09
58.7,257.42,6492,1.3069e+09
58.8,252.83,6487.8,1.313e+09
58.9,248.32,6483.6,1.319e+09
59,243.89,6479.5,1.325e+09
59.1,239.54,6475.3,1.3309e+09
59.2,235.26,6471.1,1.3368e+09
59.3,231.07,6467,1.3427e+09
59.4,226.94,6462.8,1.3485e+09
59.5,222.9,6458.7,1.3543e+09
59.6,218.92,6454.5,1.36e+09
59.7,215.02,6450.3,1.3657e+09
59.8,211.18,6446.2,1.3713e+09
59.9,207.41,6442,1.377e+09
60,203.71,6437.9,1.3825e+09
60.1,200.08,6433.8,1.3881e+09
60.2,196.51,6429.6,1.3936e+09
60.3,193,6425.5,1.399e+09
60.4,189.56,6421.3,1.4044e+09
60.5,186.18,6417.2,1.4098e+09
60.6,182.86,6413.1,1.4152e+09
60.7,179.6,6408.9,1.4205e+09
60.8,176.39,6404.8,1.4257e+09
60.9,173.25,6400.7,1.431e+09
61,170.16,6396.6,1.4362e+09
61.1,167.12,6392.5,1.4413e+09
61.2,164.14,6388.4,1.4464e+09
61.3,161.21,6384.2,1.4515e+09
61.4,158.34,6380.1,1.4566e+09
61.5,155.51,6376,1.4616e+09
61.6,152.74,6371.9,1.4665e+09
61.7,150.01,6367.8,1.4715e+09
61.8,147.34,6363.7,1.4764e+09
61.9,144.71,6359.6,1.4813e+09
62,142.13,6355.5,1.4861e+09
62.1,139.59,6351.5,1.4909e+09
62.2,137.1,6347.4,1.4957e+09
62.3,134.66,6343.3,1.5004e+09
62.4,132.26,6339.2,1.5051e+09
62.5,129.9,6335.1,1.5098e+09
62.6,127.58,6331,1.5144e+09
62.7,125.3,6327,1.519e+09
62.8,123.07,6322.9,1.5235e+09
62.9,120.87,6318.8,1.5281e+09
63,118.72,6314.8,1.5326e+09
63.1,116.6,6310.7,1.5371e+09
63.2,114.52,6306.6,1.5415e+09
63.3,112.48,6302.6,1.5459e+09
63.4,110.47,6298.5,1.5503e+09
63.5,108.5,6294.5,1.5546e+09
63.6,106.57,6290.4,1.5589e+09
63.7,104.67,6286.4,1.5632e+09
63.8,102.8,6282.3,1.5674e+09
63.9,100.97,6278.3,1.5717e+09
64,99.165,6274.2,1.5759e+09
64.1,97.397,6270.2,1.58e+09
64.2,95.66,6266.2,1.5841e+09
64.3,93.953,6262.1,1.5882e+09
64.4,92.278,6258.1,1.5923e+09
64.5,90.632,6254.1,1.5964e+09
64.6,89.016,6250.1,1.6004e+09
64.7,87.428,6246,1.6043e+09
64.8,85.869,6242,1.6083e+09
64.9,84.337,6238,1.6122e+09
65,82.833,6234,1.6161e+09
65.1,81.356,6230,1.62e+09
65.2,79.905,6226,1.6238e+09
65.3,78.48,6222,1.6277e+09
65.4,77.081,6218,1.6314e+09
65.5,75.706,6214,1.6352e+09
65.6,74.356,6210,1.6389e+09
65.7,73.03,6206,1.6426e+09
65.8,71.728,6202,1.6463e+09
65.9,70.448,6198,1.65e+09
66,69.192,6194,1.6536e+09
66.1,67.958,6190,1.6572e+09
66.2,66.746,6186,1.6608e+09
66.3,65.556,6182.1,1.6643e+09
66.4,64.387,6178.1,1.6678e+09
66.5,63.239,6174.1,1.6713e+09
66.6,62.111,6170.1,1.6748e+09
66.7,61.004,6166.2,1.6783e+09
66.8,59.916,6162.2,1.6817e+09
66.9,58.848,6158.2,1.6851e+09
67,57.798,6154.3,1.6885e+09
67.1,56.768,6150.3,1.6918e+09
67.2,55.755,6146.4,1.6951e+09
67.3,54.761,6142.4,1.6984e+09
67.4,53.785,6138.4,1.7017e+09
67.5,52.826,6134.5,1.705e+09
67.6,51.884,6130.6,1.7082e+09
67.7,50.959,6126.6,1.7114e+09
67.8,50.05,6122.7,1.7146e+09
67.9,49.158,6118.7,1.7178e+09
68,48.282,6114.8,1.7209e+09
68.1,47.421,6110.9,1.724e+09
68.2,46.575,6106.9,1.7271e+09
68.3,45.745,6103,1.7302e+09
68.4,44.929,6099.1,1.7332e+09
68.5,44.128,6095.1,1.7363e+09
68.6,43.342,6091.2,1.7393e+09
68.7,42.569,6087.3,1.7422e+09
68.8,41.81,6083.4,1.7452e+09
68.9,41.065,6079.5,1.7481e+09
69,40.333,6075.6,1.7511e+09
69.1,39.614,6071.7,1.754e+09
69.2,38.908,6067.8,1.7568e+09
69.3,38.214,6063.9,1.7597e+09
69.4,37.533,6060,1.7625e+09
69.5,36.864,6056.1,1.7653e+09
69.6,36.207,6052.2,1.7681e+09
69.7,35.561,6048.3,1.7709e+09
69.8,34.927,6044.4,1.7737e+09
69.9,34.305,6040.5,1.7764e+09
70,33.693,6036.6,1.7791e+09
70.1,33.093,6032.7,1.7818e+09
70.2,32.503,6028.8,1.7845e+09
70.3,31.924,6025,1.7872e+09
70.4,31.355,6021.1,1.7898e+09
70.5,30.796,6017.2,1.7924e+09
70.6,30.247,6013.3,1.795e+09
70.7,29.708,6009.5,1.7976e+09
70.8,29.179,6005.6,1.8002e+09
70.9,28.659,6001.7,1.8027e+09
71,28.148,5997.9,1.8052e+09
71.1,27.646,5994,1.8077e+09
71.2,27.154,5990.2,1.8102e+09
71.3,26.67,5986.3,1.8127e+09
71.4,26.194,5982.5,1.8151e+09
71.5,25.728,5978.6,1.8176e+09
71.6,25.269,5974.8,1.82e+09
71.7,24.819,5970.9,1.8224e+09
71.8,24.377,5967.1,1.8248e+09
71.9,23.942,5963.3,1.8271e+09
72,23.516,5959.4,1.8295e+09
72.1,23.097,5955.6,1.8318e+09
72.2,22.685,5951.8,1.8341e+09
72.3,22.281,5947.9,1.8364e+09
72.4,21.884,5944.1,1.8387e+09
72.5,21.494,5940.3,1.841e+09
72.6,21.112,5936.5,1.8432e+09
72.7,20.735,5932.6,1.8455e+09
72.8,20.366,5928.8,1.8477e+09
72.9,20.003,5925,1.8499e+09
73,19.647,5921.2,1.8521e+09
73.1,19.297,5917.4,1.8542e+09
73.2,18.953,5913.6,1.8564e+09
73.3,18.616,5909.8,1.8585e+09
73.4,18.284,5906,1.8606e+09
73.5,17.959,5902.2,1.8627e+09
73.6,17.639,5898.4,1.8648e+09
73.7,17.325,5894.6,1.8669e+09
73.8,17.016,5890.8,1.869e+09
73.9,16.713,5887,1.871e+09
74,16.416,5883.2,1.873e+09
74.1,16.123,5879.5,1.8751e+09
74.2,15.836,5875.7,1.8771e+09
74.3,15.554,5871.9,1.879e+09
74.4,15.277,5868.1,1.881e+09
74.5,15.005,5864.4,1.883e+09
74.6,14.738,5860.6,1.8849e+09
74.7,14.476,5856.8,1.8869e+09
74.8,14.218,5853,1.8888e+09
74.9,13.965,5849.3,1.8907e+09
75,13.716,5845.5,1.8926e+09
75.1,13.472,5841.8,1.8944e+09
75.2,13.233,5838,1.8963e+09
75.3,12.997,5834.3,1.8981e+09
75.4,12.766,5830.5,1.9e+09
75.5,12.539,5826.8,1.9018e+09
75.6,12.315,5823,1.9036e+09
75.7,12.096,5819.3,1.9054e+09
75.8,11.881,5815.5,1.9072e+09
75.9,11.67,5811.8,1.9089e+09
76,11.462,5808,1.9107e+09
76.1,11.258,5804.3,1.9124e+09
76.2,11.058,5800.6,1.9142e+09
76.3,10.861,5796.9,1.9159e+09
76.4,10.668,5793.1,1.9176e+09
76.5,10.478,5789.4,1.9193e+09
76.6,10.292,5785.7,1.921e+09
76.7,10.109,5782,1.9226e+09
76.8,9.9289,5778.2,1.9243e+09
76.9,9.7523,5774.5,1.9259e+09
77,9.5789,5770.8,1.9276e+09
77.1,9.4086,5767.1,1.9292e+09
77.2,9.2413,5763.4,1.9308e+09
77.3,9.077,5759.7,1.9324e+09
77.4,8.9156,5756,1.934e+09
77.5,8.7571,5752.3,1.9356e+09
77.6,8.6014,5748.6,1.9371e+09
77.7,8.4485,5744.9,1.9387e+09
77.8,8.2984,5741.2,1.9402e+09
77.9,8.1509,5737.5,1.9417e+09
78,8.006,5733.8,1.9433e+09
78.1,7.8637,5730.1,1.9448e+09
78.2,7.724,5726.4,1.9463e+09
78.3,7.5868,5722.8,1.9477e+09
78.4,7.452,5719.1,1.9492e+09
78.5,7.3196,5715.4,1.9507e+09
78.6,7.1896,5711.7,1.9521e+09
78.7,7.0619,5708.1,1.9536e+09
78.8,6.9364,5704.4,1.955e+09
78.9,6.8132,5700.7,1.9564e+09
79,6.6922,5697.1,1.9578e+09
79.1,6.5734,5693.4,1.9592e+09
79.2,6.4567,5689.7,1.9606e+09
79.3,6.3421,5686.1,1.962e+09
79.4,6.2295,5682.4,1.9634e+09
79.5,6.1189,5678.8,1.9647e+09
79.6,6.0103,5675.1,1.9661e+09
79.7,5.9036,5671.5,1.9674e+09
79.8,5.7988,5667.8,1.9688e+09
79.9,5.6959,5664.2,1.9701e+09
80,5.5949,5660.6,1.9714e+09
80.1,5.4956,5656.9,1.9727e+09
80.2,5.3981,5653.3,1.974e+09
80.3,5.3024,5649.6,1.9753e+09
80.4,5.2083,5646,1.9765e+09
80.5,5.116,5642.4,1.9778e+09
80.6,5.0253,5638.8,1.9791e+09
80.7,4.9362,5635.1,1.9803e+09
80.8,4.8486,5631.5,1.9815e+09
80.9,4.7627,5627.9,1.9828e+09
81,4.6783,5624.3,1.984e+09
81.1,4.5954,5620.7,1.9852e+09
81.2,4.5139,5617,1.9864e+09
81.3,4.434,5613.4,1.9876e+09
81.4,4.3554,5609.8,1.9888e+09
81.5,4.2783,5606.2,1.9899e+09
81.6,4.2025,5602.6,1.9911e+09
81.7,4.1281,5599,1.9923e+09
81.8,4.055,5595.4,1.9934e+09
81.9,3.9832,5591.8,1.9946e+09
82,3.9127,5588.2,1.9957e+09
82.1,3.8434,5584.6,1.9968e+09
82.2,3.7754,5581,1.9979e+09
82.3,3.7086,5577.5,1.999e+09
82.4,3.643,5573.9,2.0001e+09
82.5,3.5785,5570.3,2.0012e+09
82.6,3.5152,5566.7,2.0023e+09
82.7,3.4531,5563.1,2.0034e+09
82.8,3.392,5559.6,2.0045e+09
82.9,3.332,5556,2.0055e+09
83,3.2731,5552.4,2.0066e+09
83.1,3.2153,5548.9,2.0076e+09
83.2,3.1585,5545.3,2.0087e+09
83.3,3.1027,5541.7,2.0097e+09
83.4,3.0479,5538.2,2.0107e+09
83.5,2.994,5534.6,2.0117e+09
83.6,2.9412,5531,2.0127e+09
83.7,2.8892,5527.5,2.0137e+09
83.8,2.8382,5523.9,2.0147e+09
83.9,2.7881,5520.4,2.0157e+09
84,2.7389,5516.8,2.0167e+09
84.1,2.6906,5513.3,2.0177e+09
84.2,2.6432,5509.8,2.0186e+09
84.3,2.5966,5506.2,2.0196e+09
84.4,2.5508,5502.7,2.0205e+09
84.5,2.5058,5499.1,2.0215e+09
84.6,2.4616,5495.6,2.0224e+09
84.7,2.4183,5492.1,2.0234e+09
84.8,2.3757,5488.5,2.0243e+09
84.9,2.3338,5485,2.0252e+09
85,2.2927,5481.5,2.0261e+09
85.1,2.2524,5478,2.027e+09
85.2,2.2127,5474.5,2.0279e+09
85.3,2.1738,5470.9,2.0288e+09
85.4,2.1356,5467.4,2.0297e+09
85.5,2.098,5463.9,2.0306e+09
85.6,2.0611,5460.4,2.0314e+09
85.7,2.0249,5456.9,2.0323e+09
85.8,1.9893,5453.4,2.0332e+09
85.9,1.9543,5449.9,2.034e+09
86,1.92,5446.4,2.0349e+09
86.1,1.8863,5442.9,2.0357e+09
86.2,1.8532,5439.4,2.0365e+09
86.3,1.8206,5435.9,2.0374e+09
86.4,1.7887,5432.4,2.0382e+09
86.5,1.7573,5428.9,2.039e+09
86.6,1.7265,5425.4,2.0398e+09
86.7,1.6962,5421.9,2.0406e+09
86.8,1.6665,5418.4,2.0414e+09
86.9,1.6373,5415,2.0422e+09
87,1.6086,5411.5,2.043e+09
87.1,1.5805,5408,2.0438e+09
87.2,1.5528,5404.5,2.0445e+09
87.3,1.5257,5401.1,2.0453e+09
87.4,1.499,5397.6,2.0461e+09
87.5,1.4728,5394.1,2.0468e+09
87.6,1.447,5390.7,2.0476e+09
87.7,1.4217,5387.2,2.0483e+09
87.8,1.3969,5383.7,2.0491e+09
87.9,1.3725,5380.3,2.0498e+09
88,1.3486,5376.8,2.0505e+09
88.1,1.325,5373.4,2.0513e+09
88.2,1.3019,5369.9,2.052e+09
88.3,1.2792,5366.5,2.0527e+09
88.4,1.2569,5363,2.0534e+09
88.5,1.235,5359.6,2.0541e+09
88.6,1.2135,5356.1,2.0548e+09
88.7,1.1924,5352.7,2.0555e+09
88.8,1.1717,5349.2,2.0562e+09
88.9,1.1513,5345.8,2.0569e+09
89,1.1313,5342.4,2.0576e+09
89.1,1.1116,5338.9,2.0582e+09
89.2,1.0923,5335.5,2.0589e+09
89.3,1.0734,5332.1,2.0596e+09
89.4,1.0547,5328.7,2.0602e+09
89.5,1.0365,5325.2,2.0609e+09
89.6,1.0185,5321.8,2.0615e+09
89.7,1.0008,5318.4,2.0622e+09
89.8,0.98351,5315,2.0628e+09
89.9,0.96649,5311.6,2.0635e+09
90,0.94978,5308.2,2.0641e+09
90.1,0.93336,5304.8,2.0647e+09
90.2,0.91723,5301.3,2.0653e+09
90.3,0.90139,5297.9,2.066e+09
90.4,0.88583,5294.5,2.0666e+09
90.5,0.87055,5291.1,2.0672e+09
90.6,0.85555,5287.7,2.0678e+09
90.7,0.84081,5284.3,2.0684e+09
90.8,0.82633,5280.9,2.069e+09
90.9,0.81211,5277.6,2.0696e+09
91,0.79814,5274.2,2.0702e+09
91.1,0.78442,5270.8,2.0707e+09
91.2,0.77095,5267.4,2.0713e+09
91.3,0.75772,5264,2.0719e+09
91.4,0.74472,5260.6,2.0725e+09
91.5,0.73195,5257.3,2.073e+09
91.6,0.71942,5253.9,2.0736e+09
91.7,0.7071,5250.5,2.0741e+09
91.8,0.69501,5247.1,2.0747e+09
91.9,0.68313,5243.8,2.0752e+09
92,0.67146,5240.4,2.0758e+09
92.1,0.66,5237,2.0763e+09
92.2,0.64874,5233.7,2.0769e+09
92.3,0.63768,5230.3,2.0774e+09
92.4,0.62682,5226.9,2.0779e+09
92.5,0.61616,5223.6,2.0785e+09
92.6,0.60568,5220.2,2.079e+09
92.7,0.59539,5216.9,2.0795e+09
92.8,0.58529,5213.5,2.08e+09
92.9,0.57536,5210.2,2.0805e+09
93,0.56561,5206.8,2.081e+09
93.1,0.55604,5203.5,2.0815e+09
93.2,0.54663,5200.2,2.082e+09
93.3,0.5374,5196.8,2.0825e+09
93.4,0.52832,5193.5,2.083e+09
93.5,0.51941,5190.1,2.0835e+09
93.6,0.51066,5186.8,2.084e+09
93.7,0.50206,5183.5,2.0845e+09
93.8,0.49362,5180.1,2.085e+09
93.9,0.48532,5176.8,2.0854e+09
94,0.47718,5173.5,2.0859e+09
94.1,0.46918,5170.2,2.0864e+09
94.2,0.46132,5166.9,2.0868e+09
94.3,0.4536,5163.5,2.0873e+09
94.4,0.44602,5160.2,2.0878e+09
94.5,0.43857,5156.9,2.0882e+09
94.6,0.43126,5153.6,2.0887e+09
94.7,0.42407,5150.3,2.0891e+09
94.8,0.41702,5147,2.0896e+09
94.9,0.41009,5143.7,2.09e+09
95,0.40328,5140.4,2.0904e+09
95.1,0.39659,5137.1,2.0909e+09
95.2,0.39003,5133.8,2.0913e+09
95.3,0.38358,5130.5,2.0917e+09
95.4,0.37724,5127.2,2.0922e+09
95.5,0.37102,5123.9,2.0926e+09
95.6,0.36491,5120.6,2.093e+09
95.7,0.3589,5117.3,2.0934e+09
95.8,0.35301,5114,2.0938e+09
95.9,0.34722,5110.7,2.0942e+09
96,0.34153,5107.5,2.0946e+09
96.1,0.33594,5104.2,2.095e+09
96.2,0.33045,5100.9,2.0954e+09
96.3,0.32506,5097.6,2.0958e+09
96.4,0.31977,5094.4,2.0962e+09
96.5,0.31457,5091.1,2.0966e+09
96.6,0.30946,5087.8,2.097e+09
96.7,0.30444,5084.6,2.0974e+09
96.8,0.29951,5081.3,2.0978e+09
96.9,0.29467,5078,2.0982e+09
97,0.28992,5074.8,2.0985e+09
97.1,0.28525,5071.5,2.0989e+09
97.2,0.28066,5068.3,2.0993e+09
97.3,0.27616,5065,2.0997e+09
97.4,0.27173,5061.8,2.1e+09
97.5,0.26739,5058.5,2.1004e+09
97.6,0.26312,5055.3,2.1008e+09
97.7,0.25892,5052,2.1011e+09
97.8,0.2548,5048.8,2.1015e+09
97.9,0.25076,5045.5,2.1018e+09
98,0.24678,5042.3,2.1022e+09
98.1,0.24288,5039.1,2.1025e+09
98.2,0.23905,5035.8,2.1029e+09
98.3,0.23528,5032.6,2.1032e+09
98.4,0.23158,5029.4,2.1036e+09
98.5,0.22795,5026.1,2.1039e+09
98.6,0.22438,5022.9,2.1042e+09
98.7,0.22087,5019.7,2.1046e+09
98.8,0.21743,5016.5,2.1049e+09
98.9,0.21405,5013.2,2.1052e+09
99,0.21072,5010,2.1056e+09
99.1,0.20746,5006.8,2.1059e+09
99.2,0.20426,5003.6,2.1062e+09
99.3,0.20111,5000.4,2.1065e+09
99.4,0.19802,4997.2,2.1068e+09
99.5,0.19498,4994,2.1072e+09
99.6,0.19199,4990.8,2.1075e+09
99.7,0.18906,4987.5,2.1078e+09
99.8,0.18618,4984.3,2.1081e+09
99.9,0.18336,4981.1,2.1084e+09
100,0.18058,4978,2.1087e+09
100.1,0.17785,4974.8,2.109e+09
100.2,0.17517,4971.6,2.1093e+09
100.3,0.17254,4968.4,2.1096e+09
100.4,0.16995,4965.2,2.1099e+09
100.5,0.16741,4962,2.1102e+09
100.6,0.16491,4958.8,2.1105e+09
100.7,0.16246,4955.6,2.1108e+09
100.8,0.16006,4952.5,2.1111e+09
100.9,0.15769,4949.3,2.1113e+09
101,0.15537,4946.1,2.1116e+09
101.1,0.15309,4942.9,2.1119e+09
101.2,0.15084,4939.8,2.1122e+09
101.3,0.14864,4936.6,2.1125e+09
101.4,0.14648,4933.4,2.1127e+09
101.5,0.14435,4930.2,2.113e+09
101.6,0.14227,4927.1,2.1133e+09
101.7,0.14022,4923.9,2.1135e+09
101.8,0.1382,4920.8,2.1138e+09
101.9,0.13623,4917.6,2.1141e+09
102,0.13428,4914.4,2.1143e+09
102.1,0.13237,4911.3,2.1146e+09
102.2,0.1305,4908.1,2.1148e+09
102.3,0.12866,4905,2.1151e+09
102.4,0.12685,4901.8,2.1154e+09
102.5,0.12507,4898.7,2.1156e+09
102.6,0.12332,4895.6,2.1159e+09
102.7,0.12161,4892.4,2.1161e+09
102.8,0.11992,4889.3,2.1164e+09
102.9,0.11827,4886.1,2.1166e+09
103,0.11664,4883,2.1168e+09
103.1,0.11504,4879.9,2.1171e+09
103.2,0.11348,4876.7,2.1173e+09
103.3,0.11193,4873.6,2.1176e+09
103.4,0.11042,4870.5,2.1178e+09
103.5,0.10893,4867.4,2.118e+09
103.6,0.10747,4864.2,2.1183e+09
103.7,0.10604,4861.1,2.1185e+09
103.8,0.10462,4858,2.1187e+09
103.9,0.10324,4854.9,2.119e+09
104,0.10188,4851.8,2.1192e+09
104.1,0.10054,4848.7,2.1194e+09
104.2,0.099228,4845.5,2.1196e+09
104.3,0.097938,4842.4,2.1199e+09
104.4,0.09667,4839.3,2.1201e+09
104.5,0.095425,4836.2,2.1203e+09
104.6,0.094202,4833.1,2.1205e+09
104.7,0.093,4830,2.1207e+09
104.8,0.091819,4826.9,2.1209e+09
104.9,0.090659,4823.8,2.1212e+09
105,0.089519,4820.7,2.1214e+09
105.1,0.0884,4817.6,2.1216e+09
105.2,0.0873,4814.5,2.1218e+09
105.3,0.086219,4811.5,2.122e+09
105.4,0.085158,4808.4,2.1222e+09
105.5,0.084115,4805.3,2.1224e+09
105.6,0.08309,4802.2,2.1226e+09
105.7,0.082084,4799.1,2.1228e+09
105.8,0.081094,4796,2.123e+09
105.9,0.080123,4793,2.1232e+09
106,0.079168,4789.9,2.1234e+09
106.1,0.07823,4786.8,2.1236e+09
106.2,0.077309,4783.7,2.1238e+09
106.3,0.076403,4780.7,2.124e+09
106.4,0.075514,4777.6,2.1242e+09
106.5,0.07464,4774.5,2.1243e+09
106.6,0.073781,4771.5,2.1245e+09
106.7,0.072938,4768.4,2.1247e+09
106.8,0.072109,4765.4,2.1249e+09
106.9,0.071294,4762.3,2.1251e+09
107,0.070494,4759.3,2.1253e+09
107.1,0.069708,4756.2,2.1255e+09
107.2,0.068935,4753.1,2.1256e+09
107.3,0.068176,4750.1,2.1258e+09
107.4,0.067431,4747.1,2.126e+09
107.5,0.066698,4744,2.1262e+09
107.6,0.065978,4741,2.1263e+09
107.7,0.06527,4737.9,2.1265e+09
107.8,0.064575,4734.9,2.1267e+09
107.9,0.063892,4731.8,2.1268e+09
108,0.063221,4728.8,2.127e+09
108.1,0.062562,4725.8,2.1272e+09
108.2,0.061914,4722.7,2.1274e+09
108.3,0.061277,4719.7,2.1275e+09
108.4,0.060651,4716.7,2.1277e+09
108.5,0.060036,4713.7,2.1278e+09
108.6,0.059432,4710.6,2.128e+09
108.7,0.058839,4707.6,2.1282e+09
108.8,0.058255,4704.6,2.1283e+09
108.9,0.057682,4701.6,2.1285e+09
109,0.057119,4698.6,2.1286e+09
109.1,0.056565,4695.6,2.1288e+09
109.2,0.056021,4692.5,2.129e+09
109.3,0.055487,4689.5,2.1291e+09
109.4,0.054961,4686.5,2.1293e+09
109.5,0.054445,4683.5,2.1294e+09
109.6,0.053938,4680.5,2.1296e+09
109.7,0.053439,4677.5,2.1297e+09
109.8,0.052949,4674.5,2.1299e+09
109.9,0.052467,4671.5,2.13e+09
110,0.051994,4668.5,2.1302e+09
110.1,0.051529,4665.5,2.1303e+09
110.2,0.051072,4662.5,2.1304e+09
110.3,0.050623,4659.6,2.1306e+09
110.4,0.050181,4656.6,2.1307e+09
110.5,0.049747,4653.6,2.1309e+09
110.6,0.049321,4650.6,2.131e+09
110.7,0.048901,4647.6,2.1311e+09
110.8,0.048489,4644.6,2.1313e+09
110.9,0.048084,4641.7,2.1314e+09
111,0.047686,4638.7,2.1316e+09
111.1,0.047295,4635.7,2.1317e+09
111.2,0.046911,4632.7,2.1318e+09
111.3,0.046533,4629.8,2.132e+09
111.4,0.046161,4626.8,2.1321e+09
111.5,0.045796,4623.8,2.1322e+09
111.6,0.045437,4620.9,2.1323e+09
111.7,0.045084,4617.9,2.1325e+09
111.8,0.044737,4614.9,2.1326e+09
111.9,0.044396,4612,2.1327e+09
112,0.044061,4609,2.1329e+09
112.1,0.043732,4606.1,2.133e+09
112.2,0.043408,4603.1,2.1331e+09
112.3,0.043089,4600.2,2.1332e+09
112.4,0.042776,4597.2,2.1334e+09
112.5,0.042468,4594.3,2.1335e+09
112.6,0.042166,4591.3,2.1336e+09
112.7,0.041869,4588.4,2.1337e+09
112.8,0.041576,4585.4,2.1338e+09
112.9,0.041289,4582.5,2.134e+09
113,0.041006,4579.6,2.1341e+09
113.1,0.040728,4576.6,2.1342e+09
113.2,0.040455,4573.7,2.1343e+09
113.3,0.040186,4570.8,2.1344e+09
113.4,0.039922,4567.8,2.1345e+09
113.5,0.039662,4564.9,2.1346e+09
113.6,0.039407,4562,2.1348e+09
113.7,0.039156,4559,2.1349e+09
113.8,0.038909,4556.1,2.135e+09
113.9,0.038666,4553.2,2.1351e+09
114,0.038427,4550.3,2.1352e+09
114.1,0.038193,4547.4,2.1353e+09
114.2,0.037962,4544.4,2.1354e+09
114.3,0.037735,4541.5,2.1355e+09
114.4,0.037511,4538.6,2.1356e+09
114.5,0.037292,4535.7,2.1357e+09
114.6,0.037076,4532.8,2.1358e+09
114.7,0.036863,4529.9,2.1359e+09
114.8,0.036654,4527,2.136e+09
114.9,0.036449,4524.1,2.1361e+09
115,0.036247,4521.2,2.1362e+09
115.1,0.036048,4518.3,2.1363e+09
115.2,0.035853,4515.4,2.1364e+09
115.3,0.03566,4512.5,2.1365e+09
115.4,0.035471,4509.6,2.1366e+09
115.5,0.035285,4506.7,2.1367e+09
115.6,0.035102,4503.8,2.1368e+09
115.7,0.034922,4500.9,2.1369e+09
115.8,0.034745,4498.1,2.137e+09
115.9,0.034571,4495.2,2.1371e+09
116,0.034399,4492.3,2.1372e+09
116.1,0.03423,4489.4,2.1373e+09
116.2,0.034064,4486.5,2.1374e+09
116.3,0.033901,4483.7,2.1375e+09
116.4,0.033741,4480.8,2.1376e+09
116.5,0.033583,4477.9,2.1377e+09
116.6,0.033427,4475.1,2.1378e+09
116.7,0.033274,4472.2,2.1379e+09
116.8,0.033123,4469.3,2.1379e+09
116.9,0.032975,4466.5,2.138e+09
117,0.032829,4463.6,2.1381e+09
117.1,0.032686,4460.7,2.1382e+09
117.2,0.032545,4457.9,2.1383e+09
117.3,0.032406,4455,2.1384e+09
117.4,0.032269,4452.2,2.1385e+09
117.5,0.032134,4449.3,2.1385e+09
117.6,0.032002,4446.5,2.1386e+09
117.7,0.031871,4443.6,2.1387e+09
117.8,0.031743,4440.8,2.1388e+09
117.9,0.031617,4437.9,2.1389e+09
118,0.031492,4435.1,2.139e+09
118.1,0.03137,4432.2,2.139e+09
118.2,0.031249,4429.4,2.1391e+09
118.3,0.03113,4426.5,2.1392e+09
118.4,0.031014,4423.7,2.1393e+09
118.5,0.030898,4420.9,2.1394e+09
118.6,0.030785,4418,2.1394e+09
118.7,0.030674,4415.2,2.1395e+09
118.8,0.030564,4412.4,2.1396e+09
118.9,0.030456,4409.6,2.1397e+09
119,0.030349,4406.7,2.1397e+09
119.1,0.030244,4403.9,2.1398e+09
119.2,0.030141,4401.1,2.1399e+09
119.3,0.030039,4398.3,2.14e+09
119.4,0.029939,4395.4,2.14e+09
119.5,0.02984,4392.6,2.1401e+09
119.6,0.029743,4389.8,2.1402e+09
119.7,0.029647,4387,2.1402e+09
119.8,0.029553,4384.2,2.1403e+09
119.9,0.02946,4381.4,2.1404e+09
120,0.029369,4378.6,2.1405e+09
120.1,0.029278,4375.8,2.1405e+09
120.2,0.02919,4373,2.1406e+09
120.3,0.029102,4370.2,2.1407e+09
120.4,0.029016,4367.4,2.1407e+09
120.5,0.028931,4364.6,2.1408e+09
120.6,0.028847,4361.8,2.1409e+09
120.7,0.028765,4359,2.1409e+09
120.8,0.028683,4356.2,2.141e+09
120.9,0.028603,4353.4,2.1411e+09
121,0.028524,4350.6,2.1411e+09
121.1,0.028446,4347.8,2.1412e+09
121.2,0.028369,4345,2.1413e+09
121.3,0.028294,4342.2,2.1413e+09
121.4,0.028219,4339.5,2.1414e+09
121.5,0.028146,4336.7,2.1415e+09
121.6,0.028073,4333.9,2.1415e+09
121.7,0.028002,4331.1,2.1416e+09
121.8,0.027931,4328.4,2.1416e+09
121.9,0.027862,4325.6,2.1417e+09
122,0.027793,4322.8,2.1418e+09
122.1,0.027725,4320,2.1418e+09
122.2,0.027659,4317.3,2.1419e+09
122.3,0.027593,4314.5,2.1419e+09
122.4,0.027528,4311.7,2.142e+09
122.5,0.027464,4309,2.1421e+09
122.6,0.027401,4306.2,2.1421e+09
122.7,0.027339,4303.5,2.1422e+09
122.8,0.027277,4300.7,2.1422e+09
122.9,0.027217,4298,2.1423e+09
123,0.027157,4295.2,2.1423e+09
123.1,0.027098,4292.4,2.1424e+09
123.2,0.02704,4289.7,2.1425e+09
123.3,0.026982,4287,2.1425e+09
123.4,0.026926,4284.2,2.1426e+09
123.5,0.02687,4281.5,2.1426e+09
123.6,0.026815,4278.7,2.1427e+09
123.7,0.02676,4276,2.1427e+09
123.8,0.026706,4273.2,2.1428e+09
123.9,0.026653,4270.5,2.1428e+09
124,0.026601,4267.8,2.1429e+09
124.1,0.026549,4265,2.1429e+09
124.2,0.026498,4262.3,2.143e+09
124.3,0.026447,4259.6,2.143e+09
124.4,0.026397,4256.8,2.1431e+09
124.5,0.026348,4254.1,2.1431e+09
124.6,0.0263,4251.4,2.1432e+09
124.7,0.026252,4248.7,2.1432e+09
124.8,0.026204,4246,2.1433e+09
124.9,0.026157,4243.2,2.1433e+09
125,0.026111,4240.5,2.1434e+09
125.1,0.026065,4237.8,2.1434e+09
125.2,0.02602,4235.1,2.1435e+09
125.3,0.025975,4232.4,2.1435e+09
125.4,0.025931,4229.7,2.1436e+09
125.5,0.025888,4227,2.1436e+09
125.6,0.025845,4224.2,2.1437e+09
125.7,0.025802,4221.5,2.1437e+09
125.8,0.02576,4218.8,2.1438e+09
125.9,0.025718,4216.1,2.1438e+09
126,0.025677,4213.4,2.1439e+09
126.1,0.025636,4210.7,2.1439e+09
126.2,0.025596,4208,2.1439e+09
126.3,0.025556,4205.3,2.144e+09
126.4,0.025517,4202.7,2.144e+09
126.5,0.025478,4200,2.1441e+09
126.6,0.02544,4197.3,2.1441e+09
126.7,0.025402,4194.6,2.1442e+09
126.8,0.025364,4191.9,2.1442e+09
126.9,0.025327,4189.2,2.1442e+09
127,0.02529,4186.5,2.1443e+09
127.1,0.025254,4183.9,2.1443e+09
127.2,0.025218,4181.2,2.1444e+09
127.3,0.025182,4178.5,2.1444e+09
127.4,0.025147,4175.8,2.1445e+09
127.5,0.025112,4173.2,2.1445e+09
127.6,0.025077,4170.5,2.1445e+09
127.7,0.025043,4167.8,2.1446e+09
127.8,0.025009,4165.1,2.1446e+09
127.9,0.024975,4162.5,2.1447e+09
128,0.024942,4159.8,2.1447e+09
128.1,0.024909,4157.1,2.1447e+09
128.2,0.024877,4154.5,2.1448e+09
128.3,0.024845,4151.8,2.1448e+09
128.4,0.024813,4149.2,2.1448e+09
128.5,0.024781,4146.5,2.1449e+09
128.6,0.02475,4143.9,2.1449e+09
128.7,0.024719,4141.2,2.145e+09
128.8,0.024688,4138.6,2.145e+09
128.9,0.024657,4135.9,2.145e+09
129,0.024627,4133.3,2.1451e+09
129.1,0.024597,4130.6,2.1451e+09
129.2,0.024568,4128,2.1451e+09
129.3,0.024538,4125.3,2.1452e+09
129.4,0.024509,4122.7,2.1452e+09
129.5,0.02448,4120,2.1452e+09
129.6,0.024452,4117.4,2.1453e+09
129.7,0.024424,4114.8,2.1453e+09
129.8,0.024395,4112.1,2.1453e+09
129.9,0.024368,4109.5,2.1454e+09
130,0.02434,4106.9,2.1454e+09
130.1,0.024313,4104.2,2.1455e+09
130.2,0.024285,4101.6,2.1455e+09
130.3,0.024259,4099,2.1455e+09
130.4,0.024232,4096.4,2.1455e+09
130.5,0.024205,4093.7,2.1456e+09
130.6,0.024179,4091.1,2.1456e+09
130.7,0.024153,4088.5,2.1456e+09
130.8,0.024127,4085.9,2.1457e+09
130.9,0.024101,4083.3,2.1457e+09
131,0.024076,4080.7,2.1457e+09
131.1,0.024051,4078,2.1458e+09
131.2,0.024026,4075.4,2.1458e+09
131.3,0.024001,4072.8,2.1458e+09
131.4,0.023976,4070.2,2.1459e+09
131.5,0.023952,4067.6,2.1459e+09
131.6,0.023927,4065,2.1459e+09
131.7,0.023903,4062.4,2.146e+09
131.8,0.023879,4059.8,2.146e+09
131.9,0.023855,4057.2,2.146e+09
132,0.023832,4054.6,2.146e+09
132.1,0.023808,4052,2.1461e+09
132.2,0.023785,4049.4,2.1461e+09
132.3,0.023762,4046.8,2.1461e+09
132.4,0.023739,4044.2,2.1462e+09
132.5,0.023716,4041.7,2.1462e+09
132.6,0.023693,4039.1,2.1462e+09
132.7,0.02367,4036.5,2.1462e+09
132.8,0.023648,4033.9,2.1463e+09
132.9,0.023626,4031.3,2.1463e+09
133,0.023604,4028.7,2.1463e+09
133.1,0.023582,4026.2,2.1463e+09
133.2,0.02356,4023.6,2.1464e+09
133.3,0.023538,4021,2.1464e+09
133.4,0.023517,4018.4,2.1464e+09
133.5,0.023495,4015.9,2.1465e+09
133.6,0.023474,4013.3,2.1465e+09
133.7,0.023453,4010.7,2.1465e+09
133.8,0.023432,4008.2,2.1465e+09
133.9,0.023411,4005.6,2.1466e+09
134,0.02339,4003,2.1466e+09
134.1,0.023369,4000.5,2.1466e+09
134.2,0.023348,3997.9,2.1466e+09
134.3,0.023328,3995.4,2.1467e+09
134.4,0.023308,3992.8,2.1467e+09
134.5,0.023287,3990.3,2.1467e+09
134.6,0.023267,3987.7,2.1467e+09
134.7,0.023247,3985.1,2.1468e+09
134.8,0.023227,3982.6,2.1468e+09
134.9,0.023207,3980,2.1468e+09
135,0.023188,3977.5,2.1468e+09
135.1,0.023168,3975,2.1468e+09
135.2,0.023148,3972.4,2.1469e+09
135.3,0.023129,3969.9,2.1469e+09
135.4,0.02311,3967.3,2.1469e+09
135.5,0.02309,3964.8,2.1469e+09
135.6,0.023071,3962.3,2.147e+09
135.7,0.023052,3959.7,2.147e+09
135.8,0.023033,3957.2,2.147e+09
135.9,0.023014,3954.7,2.147e+09
136,0.022995,3952.1,2.147e+09
136.1,0.022977,3949.6,2.1471e+09
136.2,0.022958,3947.1,2.1471e+09
136.3,0.02294,3944.5,2.1471e+09
136.4,0.022921,3942,2.1471e+09
136.5,0.022903,3939.5,2.1472e+09
136.6,0.022884,3937,2.1472e+09
136.7,0.022866,3934.5,2.1472e+09
136.8,0.022848,3931.9,2.1472e+09
136.9,0.02283,3929.4,2.1472e+09
137,0.022812,3926.9,2.1473e+09
137.1,0.022794,3924.4,2.1473e+09
137.2,0.022776,3921.9,2.1473e+09
137.3,0.022758,3919.4,2.1473e+09
137.4,0.02274,3916.9,2.1473e+09
137.5,0.022723,3914.4,2.1474e+09
137.6,0.022705,3911.9,2.1474e+09
137.7,0.022688,3909.4,2.1474e+09
137.8,0.02267,3906.9,2.1474e+09
137.9,0.022653,3904.4,2.1474e+09
138,0.022635,3901.9,2.1475e+09
138.1,0.022618,3899.4,2.1475e+09
138.2,0.022601,3896.9,2.1475e+09
138.3,0.022584,3894.4,2.1475e+09
138.4,0.022567,3891.9,2.1475e+09
138.5,0.02255,3889.4,2.1475e+09
138.6,0.022533,3886.9,2.1476e+09
138.7,0.022516,3884.4,2.1476e+09
138.8,0.022499,3882,2.1476e+09
138.9,0.022482,3879.5,2.1476e+09
139,0.022465,3877,2.1476e+09
139.1,0.022449,3874.5,2.1476e+09
139.2,0.022432,3872,2.1477e+09
139.3,0.022415,3869.6,2.1477e+09
139.4,0.022399,3867.1,2.1477e+09
139.5,0.022382,3864.6,2.1477e+09
139.6,0.022366,3862.1,2.1477e+09
139.7,0.022349,3859.7,2.1477e+09
139.8,0.022333,3857.2,2.1478e+09
139.9,0.022317,3854.7,2.1478e+09
140,0.022301,3852.3,2.1478e+09
140.1,0.022284,3849.8,2.1478e+09
140.2,0.022268,3847.3,2.1478e+09
140.3,0.022252,3844.9,2.1478e+09
140.4,0.022236,3842.4,2.1479e+09
140.5,0.02222,3840,2.1479e+09
140.6,0.022204,3837.5,2.1479e+09
140.7,0.022188,3835.1,2.1479e+09
140.8,0.022172,3832.6,2.1479e+09
140.9,0.022156,3830.2,2.1479e+09
141,0.02214,3827.7,2.148e+09
141.1,0.022124,3825.3,2.148e+09
141.2,0.022109,3822.8,2.148e+09
141.3,0.022093,3820.4,2.148e+09
141.4,0.022077,3817.9,2.148e+09
141.5,0.022062,3815.5,2.148e+09
141.6,0.022046,3813,2.148e+09
141.7,0.022031,3810.6,2.1481e+09
141.8,0.022015,3808.2,2.1481e+09
141.9,0.022,3805.7,2.1481e+09
142,0.021984,3803.3,2.1481e+09
142.1,0.021969,3800.9,2.1481e+09
142.2,0.021953,3798.4,2.1481e+09
142.3,0.021938,3796,2.1481e+09
142.4,0.021923,3793.6,2.1482e+09
142.5,0.021907,3791.2,2.1482e+09
142.6,0.021892,3788.7,2.1482e+09
142.7,0.021877,3786.3,2.1482e+09
142.8,0.021862,3783.9,2.1482e+09
142.9,0.021846,3781.5,2.1482e+09
143,0.021831,3779.1,2.1482e+09
143.1,0.021816,3776.6,2.1482e+09
143.2,0.021801,3774.2,2.1483e+09
143.3,0.021786,3771.8,2.1483e+09
143.4,0.021771,3769.4,2.1483e+09
143.5,0.021756,3767,2.1483e+09
143.6,0.021741,3764.6,2.1483e+09
143.7,0.021726,3762.2,2.1483e+09
143.8,0.021711,3759.8,2.1483e+09
143.9,0.021696,3757.4,2.1483e+09
144,0.021682,3755,2.1484e+09
144.1,0.021667,3752.6,2.1484e+09
144.2,0.021652,3750.2,2.1484e+09
144.3,0.021637,3747.8,2.1484e+09
144.4,0.021623,3745.4,2.1484e+09
144.5,0.021608,3743,2.1484e+09
144.6,0.021593,3740.6,2.1484e+09
144.7,0.021578,3738.2,2.1484e+09
144.8,0.021564,3735.8,2.1485e+09
144.9,0.021549,3733.4,2.1485e+09
145,0.021535,3731,2.1485e+09
145.1,0.02152,3728.7,2.1485e+09
145.2,0.021506,3726.3,2.1485e+09
145.3,0.021491,3723.9,2.1485e+09
145.4,0.021477,3721.5,2.1485e+09
145.5,0.021462,3719.1,2.1485e+09
145.6,0.021448,3716.8,2.1485e+09
145.7,0.021433,3714.4,2.1485e+09
145.8,0.021419,3712,2.1486e+09
145.9,0.021404,3709.6,2.1486e+09
146,0.02139,3707.3,2.1486e+09
146.1,0.021376,3704.9,2.1486e+09
146.2,0.021361,3702.5,2.1486e+09
146.3,0.021347,3700.2,2.1486e+09
146.4,0.021333,3697.8,2.1486e+09
146.5,0.021319,3695.4,2.1486e+09
146.6,0.021304,3693.1,2.1486e+09
146.7,0.02129,3690.7,2.1487e+09
146.8,0.021276,3688.4,2.1487e+09
146.9,0.021262,3686,2.1487e+09
147,0.021248,3683.6,2.1487e+09
147.1,0.021233,3681.3,2.1487e+09
147.2,0.021219,3678.9,2.1487e+09
147.3,0.021205,3676.6,2.1487e+09
147.4,0.021191,3674.2,2.1487e+09
147.5,0.021177,3671.9,2.1487e+09
147.6,0.021163,3669.5,2.1487e+09
147.7,0.021149,3667.2,2.1487e+09
147.8,0.021135,3664.9,2.1488e+09
147.9,0.021121,3662.5,2.1488e+09
148,0.021107,3660.2,2.1488e+09
148.1,0.021093,3657.8,2.1488e+09
148.2,0.021079,3655.5,2.1488e+09
148.3,0.021065,3653.2,2.1488e+09
148.4,0.021051,3650.8,2.1488e+09
148.5,0.021037,3648.5,2.1488e+09
148.6,0.021024,3646.2,2.1488e+09
148.7,0.02101,3643.8,2.1488e+09
148.8,0.020996,3641.5,2.1488e+09
148.9,0.020982,3639.2,2.1489e+09
149,0.020968,3636.9,2.1489e+09
149.1,0.020954,3634.5,2.1489e+09
149.2,0.020941,3632.2,2.1489e+09
149.3,0.020927,3629.9,2.1489e+09
149.4,0.020913,3627.6,2.1489e+09
149.5,0.020899,3625.3,2.1489e+09
149.6,0.020886,3622.9,2.1489e+09
149.7,0.020872,3620.6,2.1489e+09
149.8,0.020858,3618.3,2.1489e+09
149.9,0.020845,3616,2.1489e+09
150,0.020831,3613.7,2.1489e+09
150.1,0.020817,3611.4,2.1489e+09
150.2,0.020804,3609.1,2.149e+09
150.3,0.02079,3606.8,2.149e+09
150.4,0.020777,3604.5,2.149e+09
150.5,0.020763,3602.2,2.149e+09
150.6,0.020749,3599.9,2.149e+09
150.7,0.020736,3597.6,2.149e+09
150.8,0.020722,3595.3,2.149e+09
150.9,0.020709,3593,2.149e+09
151,0.020695,3590.7,2.149e+09
151.1,0.020682,3588.4,2.149e+09
151.2,0.020668,3586.1,2.149e+09
151.3,0.020655,3583.8,2.149e+09
151.4,0.020641,3581.5,2.149e+09
151.5,0.020628,3579.2,2.1491e+09
151.6,0.020615,3576.9,2.1491e+09
151.7,0.020601,3574.7,2.1491e+09
151.8,0.020588,3572.4,2.1491e+09
151.9,0.020574,3570.1,2.1491e+09
152,0.020561,3567.8,2.1491e+09
152.1,0.020548,3565.5,2.1491e+09
152.2,0.020534,3563.3,2.1491e+09
152.3,0.020521,3561,2.1491e+09
152.4,0.020508,3558.7,2.1491e+09
152.5,0.020494,3556.4,2.1491e+09
152.6,0.020481,3554.2,2.1491e+09
152.7,0.020468,3551.9,2.1491e+09
152.8,0.020454,3549.6,2.1491e+09
152.9,0.020441,3547.4,2.1491e+09
153,0.020428,3545.1,2.1492e+09
153.1,0.020415,3542.8,2.1492e+09
153.2,0.020401,3540.6,2.1492e+09
153.3,0.020388,3538.3,2.1492e+09
153.4,0.020375,3536,2.1492e+09
153.5,0.020362,3533.8,2.1492e+09
153.6,0.020349,3531.5,2.1492e+09
153.7,0.020335,3529.3,2.1492e+09
153.8,0.020322,3527,2.1492e+09
153.9,0.020309,3524.8,2.1492e+09
154,0.020296,3522.5,2.1492e+09
154.1,0.020283,3520.3,2.1492e+09
154.2,0.02027,3518,2.1492e+09
154.3,0.020257,3515.8,2.1492e+09
154.4,0.020244,3513.5,2.1492e+09
154.5,0.020231,3511.3,2.1492e+09
154.6,0.020217,3509,2.1492e+09
154.7,0.020204,3506.8,2.1493e+09
154.8,0.020191,3504.6,2.1493e+09
154.9,0.020178,3502.3,2.1493e+09
155,0.020165,3500.1,2.1493e+09
155.1,0.020152,3497.9,2.1493e+09
155.2,0.020139,3495.6,2.1493e+09
155.3,0.020126,3493.4,2.1493e+09
155.4,0.020113,3491.2,2.1493e+09
155.5,0.0201,3488.9,2.1493e+09
155.6,0.020087,3486.7,2.1493e+09
155.7,0.020074,3484.5,2.1493e+09
155.8,0.020061,3482.3,2.1493e+09
155.9,0.020049,3480,2.1493e+09
156,0.020036,3477.8,2.1493e+09
156.1,0.020023,3475.6,2.1493e+09
156.2,0.02001,3473.4,2.1493e+09
156.3,0.019997,3471.2,2.1493e+09
156.4,0.019984,3468.9,2.1493e+09
156.5,0.019971,3466.7,2.1493e+09
156.6,0.019958,3464.5,2.1493e+09
156.7,0.019946,3462.3,2.1494e+09
156.8,0.019933,3460.1,2.1494e+09
156.9,0.01992,3457.9,2.1494e+09
157,0.019907,3455.7,2.1494e+09
157.1,0.019894,3453.5,2.1494e+09
157.2,0.019881,3451.3,2.1494e+09
157.3,0.019869,3449.1,2.1494e+09
157.4,0.019856,3446.9,2.1494e+09
157.5,0.019843,3444.7,2.1494e+09
157.6,0.01983,3442.5,2.1494e+09
157.7,0.019818,3440.3,2.1494e+09
157.8,0.019805,3438.1,2.1494e+09
157.9,0.019792,3435.9,2.1494e+09
158,0.019779,3433.7,2.1494e+09
158.1,0.019767,3431.5,2.1494e+09
158.2,0.019754,3429.3,2.1494e+09
158.3,0.019741,3427.1,2.1494e+09
158.4,0.019729,3424.9,2.1494e+09
158.5,0.019716,3422.7,2.1494e+09
158.6,0.019703,3420.6,2.1494e+09
158.7,0.019691,3418.4,2.1494e+09
158.8,0.019678,3416.2,2.1494e+09
158.9,0.019665,3414,2.1494e+09
159,0.019653,3411.8,2.1495e+09
159.1,0.01964,3409.7,2.1495e+09
159.2,0.019628,3407.5,2.1495e+09
159.3,0.019615,3405.3,2.1495e+09
159.4,0.019602,3403.1,2.1495e+09
159.5,0.01959,3401,2.1495e+09
159.6,0.019577,3398.8,2.1495e+09
159.7,0.019565,3396.6,2.1495e+09
159.8,0.019552,3394.5,2.1495e+09
159.9,0.01954,3392.3,2.1495e+09
160,0.019527,3390.1,2.1495e+09
160.1,0.019515,3388,2.1495e+09
160.2,0.019502,3385.8,2.1495e+09
160.3,0.01949,3383.6,2.1495e+09
160.4,0.019477,3381.5,2.1495e+09
160.5,0.019465,3379.3,2.1495e+09
160.6,0.019452,3377.2,2.1495e+09
160.7,0.01944,3375,2.1495e+09
160.8,0.019427,3372.9,2.1495e+09
160.9,0.019415,3370.7,2.1495e+09
161,0.019402,3368.6,2.1495e+09
161.1,0.01939,3366.4,2.1495e+09
161.2,0.019377,3364.3,2.1495e+09
161.3,0.019365,3362.1,2.1495e+09
161.4,0.019353,3360,2.1495e+09
161.5,0.01934,3357.8,2.1495e+09
161.6,0.019328,3355.7,2.1495e+09
161.7,0.019315,3353.5,2.1496e+09
161.8,0.019303,3351.4,2.1496e+09
161.9,0.019291,3349.3,2.1496e+09
162,0.019278,3347.1,2.1496e+09
162.1,0.019266,3345,2.1496e+09
162.2,0.019254,3342.9,2.1496e+09
162.3,0.019241,3340.7,2.1496e+09
162.4,0.019229,3338.6,2.1496e+09
162.5,0.019217,3336.5,2.1496e+09
162.6,0.019204,3334.3,2.1496e+09
162.7,0.019192,3332.2,2.1496e+09
162.8,0.01918,3330.1,2.1496e+09
162.9,0.019168,3328,2.1496e+09
163,0.019155,3325.8,2.1496e+09
163.1,0.019143,3323.7,2.1496e+09
163.2,0.019131,3321.6,2.1496e+09
163.3,0.019119,3319.5,2.1496e+09
163.4,0.019106,3317.4,2.1496e+09
163.5,0.019094,3315.2,2.1496e+09
163.6,0.019082,3313.1,2.1496e+09
163.7,0.01907,3311,2.1496e+09
163.8,0.019057,3308.9,2.1496e+09
163.9,0.019045,3306.8,2.1496e+09
164,0.019033,3304.7,2.1496e+09
164.1,0.019021,3302.6,2.1496e+09
164.2,0.019009,3300.5,2.1496e+09
164.3,0.018997,3298.4,2.1496e+09
164.4,0.018984,3296.3,2.1496e+09
164.5,0.018972,3294.2,2.1496e+09
164.6,0.01896,3292.1,2.1496e+09
164.7,0.018948,3290,2.1496e+09
164.8,0.018936,3287.9,2.1496e+09
164.9,0.018924,3285.8,2.1496e+09
165,0.018912,3283.7,2.1496e+09
165.1,0.0189,3281.6,2.1497e+09
165.2,0.018888,3279.5,2.1497e+09
165.3,0.018876,3277.4,2.1497e+09
165.4,0.018863,3275.3,2.1497e+09
165.5,0.018851,3273.2,2.1497e+09
165.6,0.018839,3271.1,2.1497e+09
165.7,0.018827,3269,2.1497e+09
165.8,0.018815,3267,2.1497e+09
165.9,0.018803,3264.9,2.1497e+09
166,0.018791,3262.8,2.1497e+09
166.1,0.018779,3260.7,2.1497e+09
166.2,0.018767,3258.6,2.1497e+09
166.3,0.018755,3256.6,2.1497e+09
166.4,0.018743,3254.5,2.1497e+09
166.5,0.018731,3252.4,2.1497e+09
166.6,0.018719,3250.3,2.1497e+09
166.7,0.018707,3248.3,2.1497e+09
166.8,0.018695,3246.2,2.1497e+09
166.9,0.018683,3244.1,2.1497e+09
167,0.018672,3242.1,2.1497e+09
167.1,0.01866,3240,2.1497e+09
167.2,0.018648,3237.9,2.1497e+09
167.3,0.018636,3235.9,2.1497e+09
167.4,0.018624,3233.8,2.1497e+09
167.5,0.018612,3231.7,2.1497e+09
167.6,0.0186,3229.7,2.1497e+09
167.7,0.018588,3227.6,2.1497e+09
167.8,0.018576,3225.6,2.1497e+09
167.9,0.018564,3223.5,2.1497e+09
168,0.018553,3221.4,2.1497e+09
168.1,0.018541,3219.4,2.1497e+09
168.2,0.018529,3217.3,2.1497e+09
168.3,0.018517,3215.3,2.1497e+09
168.4,0.018505,3213.2,2.1497e+09
168.5,0.018493,3211.2,2.1497e+09
168.6,0.018482,3209.1,2.1497e+09
168.7,0.01847,3207.1,2.1497e+09
168.8,0.018458,3205.1,2.1497e+09
168.9,0.018446,3203,2.1497e+09
169,0.018435,3201,2.1497e+09
169.1,0.018423,3198.9,2.1497e+09
169.2,0.018411,3196.9,2.1497e+09
169.3,0.018399,3194.9,2.1497e+09
169.4,0.018387,3192.8,2.1497e+09
169.5,0.018376,3190.8,2.1497e+09
169.6,0.018364,3188.8,2.1497e+09
169.7,0.018352,3186.7,2.1498e+09
169.8,0.018341,3184.7,2.1498e+09
169.9,0.018329,3182.7,2.1498e+09
170,0.018317,3180.6,2.1498e+09
170.1,0.018306,3178.6,2.1498e+09
170.2,0.018294,3176.6,2.1498e+09
170.3,0.018282,3174.6,2.1498e+09
170.4,0.01827,3172.5,2.1498e+09
170.5,0.018259,3170.5,2.1498e+09
170.6,0.018247,3168.5,2.1498e+09
170.7,0.018236,3166.5,2.1498e+09
170.8,0.018224,3164.5,2.1498e+09
170.9,0.018212,3162.4,2.1498e+09
171,0.018201,3160.4,2.1498e+09
171.1,0.018189,3158.4,2.1498e+09
171.2,0.018177,3156.4,2.1498e+09
171.3,0.018166,3154.4,2.1498e+09
171.4,0.018154,3152.4,2.1498e+09
171.5,0.018143,3150.4,2.1498e+09
171.6,0.018131,3148.4,2.1498e+09
171.7,0.01812,3146.4,2.1498e+09
171.8,0.018108,3144.3,2.1498e+09
171.9,0.018096,3142.3,2.1498e+09
172,0.018085,3140.3,2.1498e+09
172.1,0.018073,3138.3,2.1498e+09
172.2,0.018062,3136.3,2.1498e+09
172.3,0.01805,3134.3,2.1498e+09
172.4,0.018039,3132.3,2.1498e+09
172.5,0.018027,3130.4,2.1498e+09
172.6,0.018016,3128.4,2.1498e+09
172.7,0.018004,3126.4,2.1498e+09
172.8,0.017993,3124.4,2.1498e+09
172.9,0.017981,3122.4,2.1498e+09
173,0.01797,3120.4,2.1498e+09
173.1,0.017958,3118.4,2.1498e+09
173.2,0.017947,3116.4,2.1498e+09
173.3,0.017935,3114.4,2.1498e+09
173.4,0.017924,3112.5,2.1498e+09
173.5,0.017913,3110.5,2.1498e+09
173.6,0.017901,3108.5,2.1498e+09
173.7,0.01789,3106.5,2.1498e+09
173.8,0.017878,3104.5,2.1498e+09
173.9,0.017867,3102.6,2.1498e+09
174,0.017856,3100.6,2.1498e+09
174.1,0.017844,3098.6,2.1498e+09
174.2,0.017833,3096.6,2.1498e+09
174.3,0.017821,3094.7,2.1498e+09
174.4,0.01781,3092.7,2.1498e+09
174.5,0.017799,3090.7,2.1498e+09
174.6,0.017787,3088.7,2.1498e+09
174.7,0.017776,3086.8,2.1498e+09
174.8,0.017765,3084.8,2.1498e+09
174.9,0.017753,3082.8,2.1498e+09
175,0.017742,3080.9,2.1498e+09
175.1,0.017731,3078.9,2.1498e+09
175.2,0.017719,3077,2.1498e+09
175.3,0.017708,3075,2.1498e+09
175.4,0.017697,3073,2.1498e+09
175.5,0.017686,3071.1,2.1498e+09
175.6,0.017674,3069.1,2.1498e+09
175.7,0.017663,3067.2,2.1498e+09
175.8,0.017652,3065.2,2.1498e+09
175.9,0.017641,3063.3,2.1498e+09
176,0.017629,3061.3,2.1498e+09
176.1,0.017618,3059.4,2.1498e+09
176.2,0.017607,3057.4,2.1498e+09
176.3,0.017596,3055.5,2.1498e+09
176.4,0.017584,3053.5,2.1498e+09
176.5,0.017573,3051.6,2.1498e+09
176.6,0.017562,3049.6,2.1498e+09
176.7,0.017551,3047.7,2.1499e+09
176.8,0.01754,3045.8,2.1499e+09
176.9,0.017528,3043.8,2.1499e+09
177,0.017517,3041.9,2.1499e+09
177.1,0.017506,3039.9,2.1499e+09
177.2,0.017495,3038,2.1499e+09
177.3,0.017484,3036.1,2.1499e+09
177.4,0.017473,3034.1,2.1499e+09
177.5,0.017461,3032.2,2.1499e+09
177.6,0.01745,3030.3,2.1499e+09
177.7,0.017439,3028.4,2.1499e+09
177.8,0.017428,3026.4,2.1499e+09
177.9,0.017417,3024.5,2.1499e+09
178,0.017406,3022.6,2.1499e+09
178.1,0.017395,3020.6,2.1499e+09
178.2,0.017384,3018.7,2.1499e+09
178.3,0.017373,3016.8,2.1499e+09
178.4,0.017362,3014.9,2.1499e+09
178.5,0.017351,3013,2.1499e+09
178.6,0.017339,3011,2.1499e+09
178.7,0.017328,3009.1,2.1499e+09
178.8,0.017317,3007.2,2.1499e+09
178.9,0.017306,3005.3,2.1499e+09
179,0.017295,3003.4,2.1499e+09
179.1,0.017284,3001.5,2.1499e+09
179.2,0.017273,2999.6,2.1499e+09
179.3,0.017262,2997.7,2.1499e+09
179.4,0.017251,2995.7,2.1499e+09
179.5,0.01724,2993.8,2.1499e+09
179.6,0.017229,2991.9,2.1499e+09
179.7,0.017218,2990,2.1499e+09
179.8,0.017207,2988.1,2.1499e+09
179.9,0.017196,2986.2,2.1499e+09
180,0.017185,2984.3,2.1499e+09
180.1,0.017175,2982.4,2.1499e+09
180.2,0.017164,2980.5,2.1499e+09
180.3,0.017153,2978.6,2.1499e+09
180.4,0.017142,2976.7,2.1499e+09
180.5,0.017131,2974.8,2.1499e+09
180.6,0.01712,2972.9,2.1499e+09
180.7,0.017109,2971.1,2.1499e+09
180.8,0.017098,2969.2,2.1499e+09
180.9,0.017087,2967.3,2.1499e+09
181,0.017076,2965.4,2.1499e+09
181.1,0.017065,2963.5,2.1499e+09
181.2,0.017055,2961.6,2.1499e+09
181.3,0.017044,2959.7,2.1499e+09
181.4,0.017033,2957.8,2.1499e+09
181.5,0.017022,2956,2.1499e+09
181.6,0.017011,2954.1,2.1499e+09
181.7,0.017,2952.2,2.1499e+09
181.8,0.01699,2950.3,2.1499e+09
181.9,0.016979,2948.4,2.1499e+09
182,0.016968,2946.6,2.1499e+09
182.1,0.016957,2944.7,2.1499e+09
182.2,0.016946,2942.8,2.1499e+09
182.3,0.016935,2940.9,2.1499e+09
182.4,0.016925,2939.1,2.1499e+09
182.5,0.016914,2937.2,2.1499e+09
182.6,0.016903,2935.3,2.1499e+09
182.7,0.016892,2933.5,2.1499e+09
182.8,0.016882,2931.6,2.1499e+09
182.9,0.016871,2929.7,2.1499e+09
183,0.01686,2927.9,2.1499e+09
183.1,0.016849,2926,2.1499e+09
183.2,0.016839,2924.2,2.1499e+09
183.3,0.016828,2922.3,2.1499e+09
183.4,0.016817,2920.4,2.1499e+09
183.5,0.016807,2918.6,2.1499e+09
183.6,0.016796,2916.7,2.1499e+09
183.7,0.016785,2914.9,2.1499e+09
183.8,0.016774,2913,2.1499e+09
183.9,0.016764,2911.2,2.1499e+09
184,0.016753,2909.3,2.1499e+09
184.1,0.016742,2907.5,2.1499e+09
184.2,0.016732,2905.6,2.1499e+09
184.3,0.016721,2903.8,2.1499e+09
184.4,0.01671,2901.9,2.1499e+09
184.5,0.0167,2900.1,2.1499e+09
184.6,0.016689,2898.2,2.1499e+09
184.7,0.016679,2896.4,2.1499e+09
184.8,0.016668,2894.5,2.1499e+09
184.9,0.016657,2892.7,2.1499e+09
185,0.016647,2890.9,2.1499e+09
185.1,0.016636,2889,2.1499e+09
185.2,0.016626,2887.2,2.1499e+09
185.3,0.016615,2885.3,2.1499e+09
185.4,0.016604,2883.5,2.1499e+09
185.5,0.016594,2881.7,2.1499e+09
185.6,0.016583,2879.8,2.1499e+09
185.7,0.016573,2878,2.1499e+09
185.8,0.016562,2876.2,2.1499e+09
185.9,0.016552,2874.3,2.1499e+09
186,0.016541,2872.5,2.1499e+09
186.1,0.016531,2870.7,2.1499e+09
186.2,0.01652,2868.9,2.1499e+09
186.3,0.01651,2867,2.1499e+09
186.4,0.016499,2865.2,2.1499e+09
186.5,0.016489,2863.4,2.1499e+09
186.6,0.016478,2861.6,2.1499e+09
186.7,0.016468,2859.8,2.1499e+09
186.8,0.016457,2857.9,2.1499e+09
186.9,0.016447,2856.1,2.1499e+09
187,0.016436,2854.3,2.1499e+09
187.1,0.016426,2852.5,2.1499e+09
187.2,0.016415,2850.7,2.1499e+09
187.3,0.016405,2848.9,2.1499e+09
187.4,0.016394,2847.1,2.1499e+09
187.5,0.016384,2845.2,2.1499e+09
187.6,0.016373,2843.4,2.1499e+09
187.7,0.016363,2841.6,2.1499e+09
187.8,0.016353,2839.8,2.1499e+09
187.9,0.016342,2838,2.1499e+09
188,0.016332,2836.2,2.1499e+09
188.1,0.016321,2834.4,2.1499e+09
188.2,0.016311,2832.6,2.1499e+09
188.3,0.016301,2830.8,2.1499e+09
188.4,0.01629,2829,2.1499e+09
188.5,0.01628,2827.2,2.1499e+09
188.6,0.01627,2825.4,2.1499e+09
188.7,0.016259,2823.6,2.1499e+09
188.8,0.016249,2821.8,2.1499e+09
188.9,0.016239,2820,2.1499e+09
189,0.016228,2818.2,2.1499e+09
189.1,0.016218,2816.4,2.1499e+09
189.2,0.016208,2814.6,2.1499e+09
189.3,0.016197,2812.9,2.1499e+09
189.4,0.016187,2811.1,2.1499e+09
189.5,0.016177,2809.3,2.1499e+09
189.6,0.016166,2807.5,2.1499e+09
189.7,0.016156,2805.7,2.1499e+09
189.8,0.016146,2803.9,2.1499e+09
189.9,0.016136,2802.2,2.1499e+09
190,0.016125,2800.4,2.1499e+09
190.1,0.016115,2798.6,2.1499e+09
190.2,0.016105,2796.8,2.1499e+09
190.3,0.016095,2795,2.1499e+09
190.4,0.016084,2793.3,2.1499e+09
190.5,0.016074,2791.5,2.1499e+09
190.6,0.016064,2789.7,2.1499e+09
190.7,0.016054,2787.9,2.1499e+09
190.8,0.016043,2786.2,2.1499e+09
190.9,0.016033,2784.4,2.1499e+09
191,0.016023,2782.6,2.1499e+09
191.1,0.016013,2780.9,2.1499e+09
191.2,0.016003,2779.1,2.1499e+09
191.3,0.015992,2777.3,2.1499e+09
191.4,0.015982,2775.6,2.1499e+09
191.5,0.015972,2773.8,2.1499e+09
191.6,0.015962,2772,2.1499e+09
191.7,0.015952,2770.3,2.15e+09
191.8,0.015942,2768.5,2.15e+09
191.9,0.015932,2766.7,2.15e+09
192,0.015921,2765,2.15e+09
192.1,0.015911,2763.2,2.15e+09
192.2,0.015901,2761.5,2.15e+09
192.3,0.015891,2759.7,2.15e+09
192.4,0.015881,2758,2.15e+09
192.5,0.015871,2756.2,2.15e+09
192.6,0.015861,2754.5,2.15e+09
192.7,0.015851,2752.7,2.15e+09
192.8,0.015841,2751,2.15e+09
192.9,0.015831,2749.2,2.15e+09
193,0.01582,2747.5,2.15e+09
193.1,0.01581,2745.7,2.15e+09
193.2,0.0158,2744,2.15e+09
193.3,0.01579,2742.2,2.15e+09
193.4,0.01578,2740.5,2.15e+09
193.5,0.01577,2738.8,2.15e+09
193.6,0.01576,2737,2.15e+09
193.7,0.01575,2735.3,2.15e+09
193.8,0.01574,2733.5,2.15e+09
193.9,0.01573,2731.8,2.15e+09
194,0.01572,2730.1,2.15e+09
194.1,0.01571,2728.3,2.15e+09
194.2,0.0157,2726.6,2.15e+09
194.3,0.01569,2724.9,2.15e+09
194.4,0.01568,2723.1,2.15e+09
194.5,0.01567,2721.4,2.15e+09
194.6,0.01566,2719.7,2.15e+09
194.7,0.01565,2718,2.15e+09
194.8,0.01564,2716.2,2.15e+09
194.9,0.01563,2714.5,2.15e+09
195,0.015621,2712.8,2.15e+09
195.1,0.015611,2711.1,2.15e+09
195.2,0.015601,2709.3,2.15e+09
195.3,0.015591,2707.6,2.15e+09
195.4,0.015581,2705.9,2.15e+09
195.5,0.015571,2704.2,2.15e+09
195.6,0.015561,2702.5,2.15e+09
195.7,0.015551,2700.7,2.15e+09
195.8,0.015541,2699,2.15e+09
195.9,0.015531,2697.3,2.15e+09
196,0.015522,2695.6,2.15e+09
196.1,0.015512,2693.9,2.15e+09
196.2,0.015502,2692.2,2.15e+09
196.3,0.015492,2690.5,2.15e+09
196.4,0.015482,2688.8,2.15e+09
196.5,0.015472,2687.1,2.15e+09
196.6,0.015462,2685.3,2.15e+09
196.7,0.015453,2683.6,2.15e+09
196.8,0.015443,2681.9,2.15e+09
196.9,0.015433,2680.2,2.15e+09
197,0.015423,2678.5,2.15e+09
197.1,0.015413,2676.8,2.15e+09
197.2,0.015404,2675.1,2.15e+09
197.3,0.015394,2673.4,2.15e+09
197.4,0.015384,2671.7,2.15e+09
197.5,0.015374,2670,2.15e+09
197.6,0.015364,2668.3,2.15e+09
197.7,0.015355,2666.7,2.15e+09
197.8,0.015345,2665,2.15e+09
197.9,0.015335,2663.3,2.15e+09
198,0.015325,2661.6,2.15e+09
198.1,0.015316,2659.9,2.15e+09
198.2,0.015306,2658.2,2.15e+09
198.3,0.015296,2656.5,2.15e+09
198.4,0.015287,2654.8,2.15e+09
198.5,0.015277,2653.1,2.15e+09
198.6,0.015267,2651.5,2.15e+09
198.7,0.015257,2649.8,2.15e+09
198.8,0.015248,2648.1,2.15e+09
198.9,0.015238,2646.4,2.15e+09
199,0.015228,2644.7,2.15e+09
199.1,0.015219,2643.1,2.15e+09
199.2,0.015209,2641.4,2.15e+09
199.3,0.015199,2639.7,2.15e+09
199.4,0.01519,2638,2.15e+09
199.5,0.01518,2636.3,2.15e+09
199.6,0.01517,2634.7,2.15e+09
199.7,0.015161,2633,2.15e+09
199.8,0.015151,2631.3,2.15e+09
199.9,0.015142,2629.7,2.15e+09
200,0.015132,2628,2.15e+09
