0,1e+07,10000,1e+06
0.1,9.8216e+06,10019,9.7467e+05
0.2,9.6464e+06,10038,9.4986e+05
0.3,9.4742e+06,10056,9.2555e+05
0.4,9.3052e+06,10074,9.0172e+05
0.5,9.1392e+06,10092,8.7838e+05
0.6,8.9761e+06,10109,8.555e+05
0.7,8.816e+06,10125,8.3308e+05
0.8,8.6587e+06,10141,8.1112e+05
0.9,8.5042e+06,10157,7.8959e+05
1,8.3525e+06,10172,7.685e+05
1.1,8.2035e+06,10187,7.4783e+05
1.2,8.0571e+06,10202,7.2758e+05
1.3,7.9134e+06,10216,7.0774e+05
1.4,7.7722e+06,10230,6.883e+05
1.5,7.6335e+06,10243,6.6925e+05
1.6,7.4973e+06,10256,6.506e+05
1.7,7.3635e+06,10269,6.3232e+05
1.8,7.2322e+06,10281,6.1442e+05
1.9,7.1031e+06,10293,5.9689e+05
2,6.9764e+06,10305,5.7972e+05
2.1,6.8519e+06,10316,5.6291e+05
2.2,6.7297e+06,10327,5.4645e+05
2.3,6.6096e+06,10337,5.3034e+05
2.4,6.4917e+06,10348,5.1457e+05
2.5,6.3759e+06,10358,4.9914e+05
2.6,6.2621e+06,10367,4.8404e+05
2.7,6.1504e+06,10377,4.6927e+05
2.8,6.0407e+06,10386,4.5486e+05
2.9,5.9329e+06,10395,4.4078e+05
3,5.827e+06,10403,4.27e+05
3.1,5.7231e+06,10412,4.1353e+05
3.2,5.621e+06,10420,4.0036e+05
3.3,5.5207e+06,10427,3.875e+05
3.4,5.4222e+06,10435,3.7493e+05
3.5,5.3254e+06,10442,3.6266e+05
3.6,5.2304e+06,10449,3.5067e+05
3.7,5.1371e+06,10456,3.3898e+05
3.8,5.0454e+06,10462,3.2757e+05
3.9,4.9554e+06,10468,3.1645e+05
4,4.867e+06,10474,3.056e+05
4.1,4.7802e+06,10480,2.9502e+05
4.2,4.6949e+06,10485,2.8472e+05
4.3,4.6111e+06,10491,2.7469e+05
4.4,4.5289e+06,10496,2.6492e+05
4.5,4.4481e+06,10501,2.5542e+05
4.6,4.3687e+06,10505,2.4617e+05
4.7,4.2908e+06,10510,2.3718e+05
4.8,4.2142e+06,10514,2.2844e+05
4.9,4.139e+06,10518,2.1995e+05
5,4.0652e+06,10522,2.117e+05
5.1,3.9926e+06,10525,2.0369e+05
5.2,3.9214e+06,10529,1.9593e+05
5.3,3.8514e+06,10532,1.8839e+05
5.4,3.7827e+06,10535,1.8109e+05
5.5,3.7152e+06,10538,1.7401e+05
5.6,3.649e+06,10541,1.6716e+05
5.7,3.5838e+06,10543,1.6052e+05
5.8,3.5199e+06,10546,1.5409e+05
5.9,3.4571e+06,10548,1.4788e+05
6,3.3954e+06,10550,1.4186e+05
6.1,3.3348e+06,10552,1.3605e+05
6.2,3.2753e+06,10554,1.3044e+05
6.3,3.2169e+06,10555,1.2501e+05
6.4,3.1595e+06,10557,1.1978e+05
6.5,3.1031e+06,10558,1.1473e+05
6.6,3.0478e+06,10559,1.0986e+05
6.7,2.9934e+06,10560,1.0516e+05
6.8,2.94e+06,10561,1.0063e+05
6.9,2.8875e+06,10562,96276
7,2.836e+06,10562,92080
7.1,2.7854e+06,10563,88042
7.2,2.7357e+06,10563,84158
7.3,2.6869e+06,10563,80424
7.4,2.639e+06,10563,76834
7.5,2.5919e+06,10563,73386
7.6,2.5457e+06,10563,70074
7.7,2.5002e+06,10563,66895
7.8,2.4556e+06,10562,63844
7.9,2.4118e+06,10562,60919
8,2.3688e+06,10561,58114
8.1,2.3265e+06,10560,55425
8.2,2.285e+06,10559,52849
8.3,2.2442e+06,10558,50381
8.4,2.2042e+06,10557,48018
8.5,2.1649e+06,10556,45757
8.6,2.1263e+06,10555,43593
8.7,2.0883e+06,10553,41523
8.8,2.0511e+06,10552,39544
8.9,2.0145e+06,10550,37653
9,1.9785e+06,10549,35845
9.1,1.9432e+06,10547,34118
9.2,1.9086e+06,10545,32469
9.3,1.8745e+06,10543,30895
9.4,1.8411e+06,10541,29392
9.5,1.8082e+06,10539,27958
9.6,1.776e+06,10537,26590
9.7,1.7443e+06,10535,25286
9.8,1.7131e+06,10532,24042
9.9,1.6826e+06,10530,22856
10,1.6526e+06,10527,21727
10.1,1.6231e+06,10525,20650
10.2,1.5941e+06,10522,19624
10.3,1.5657e+06,10519,18648
10.4,1.5377e+06,10517,17718
10.5,1.5103e+06,10514,16832
10.6,1.4834e+06,10511,15990
10.7,1.4569e+06,10508,15188
10.8,1.4309e+06,10505,14425
10.9,1.4054e+06,10502,13699
11,1.3803e+06,10498,13009
11.1,1.3557e+06,10495,12353
11.2,1.3315e+06,10492,11728
11.3,1.3077e+06,10488,11135
11.4,1.2844e+06,10485,10571
11.5,1.2615e+06,10481,10035
11.6,1.239e+06,10478,9525.8
11.7,1.2169e+06,10474,9041.8
11.8,1.1952e+06,10471,8582.1
11.9,1.1738e+06,10467,8145.3
12,1.1529e+06,10463,7730.5
12.1,1.1323e+06,10459,7336.5
12.2,1.1121e+06,10455,6962.4
12.3,1.0923e+06,10451,6607.2
12.4,1.0728e+06,10447,6269.9
12.5,1.0536e+06,10443,5949.7
12.6,1.0349e+06,10439,5645.8
12.7,1.0164e+06,10435,5357.3
12.8,9.9825e+05,10431,5083.4
12.9,9.8044e+05,10427,4823.6
13,9.6295e+05,10423,4577
13.1,9.4577e+05,10418,4342.9
13.2,9.289e+05,10414,4120.9
13.3,9.1232e+05,10410,3910.2
13.4,8.9605e+05,10405,3710.3
13.5,8.8006e+05,10401,3520.7
13.6,8.6436e+05,10396,3340.7
13.7,8.4894e+05,10392,3170.1
13.8,8.3379e+05,10387,3008.2
13.9,8.1891e+05,10383,2854.6
14,8.043e+05,10378,2708.9
14.1,7.8995e+05,10373,2570.7
14.2,7.7586e+05,10369,2439.7
14.3,7.6202e+05,10364,2315.3
14.4,7.4842e+05,10359,2197.4
14.5,7.3507e+05,10354,2085.6
14.6,7.2195e+05,10349,1979.5
14.7,7.0907e+05,10345,1878.9
14.8,6.9642e+05,10340,1783.5
14.9,6.84e+05,10335,1693.1
15,6.7179e+05,10330,1607.2
15.1,6.5981e+05,10325,1525.9
15.2,6.4804e+05,10320,1448.7
15.3,6.3647e+05,10315,1375.4
15.4,6.2512e+05,10310,1306
15.5,6.1396e+05,10305,1240.2
15.6,6.0301e+05,10299,1177.7
15.7,5.9225e+05,10294,1118.4
15.8,5.8169e+05,10289,1062.2
15.9,5.7131e+05,10284,1008.9
16,5.6111e+05,10279,958.39
16.1,5.511e+05,10274,910.43
16.2,5.4127e+05,10268,864.94
16.3,5.3161e+05,10263,821.78
16.4,5.2213e+05,10258,780.84
16.5,5.1281e+05,10252,742.01
16.6,5.0366e+05,10247,705.16
16.7,4.9468e+05,10242,670.21
16.8,4.8585e+05,10236,637.04
16.9,4.7718e+05,10231,605.57
17,4.6867e+05,10225,575.71
17.1,4.6031e+05,10220,547.38
17.2,4.521e+05,10215,520.49
17.3,4.4403e+05,10209,494.97
17.4,4.3611e+05,10204,470.76
17.5,4.2833e+05,10198,447.78
17.6,4.2068e+05,10193,425.96
17.7,4.1318e+05,10187,405.26
17.8,4.0581e+05,10181,385.6
17.9,3.9857e+05,10176,366.94
18,3.9146e+05,10170,349.23
18.1,3.8447e+05,10165,332.41
18.2,3.7761e+05,10159,316.44
18.3,3.7087e+05,10153,301.27
18.4,3.6426e+05,10148,286.87
18.5,3.5776e+05,10142,273.2
18.6,3.5138e+05,10137,260.21
18.7,3.4511e+05,10131,247.88
18.8,3.3895e+05,10125,236.16
18.9,3.329e+05,10119,225.03
19,3.2696e+05,10114,214.45
19.1,3.2113e+05,10108,204.4
19.2,3.154e+05,10102,194.85
19.3,3.0977e+05,10097,185.78
19.4,3.0425e+05,10091,177.16
19.5,2.9882e+05,10085,168.96
19.6,2.9349e+05,10079,161.17
19.7,2.8825e+05,10073,153.77
19.8,2.8311e+05,10068,146.73
19.9,2.7806e+05,10062,140.04
20,2.731e+05,10056,133.67
20.1,2.6822e+05,10050,127.62
20.2,2.6344e+05,10044,121.86
20.3,2.5874e+05,10038,116.39
20.4,2.5412e+05,10033,111.18
20.5,2.4959e+05,10027,106.23
20.6,2.4513e+05,10021,101.51
20.7,2.4076e+05,10015,97.027
20.8,2.3646e+05,10009,92.759
20.9,2.3225e+05,10003,88.697
21,2.281e+05,9997.3,84.83
21.1,2.2403e+05,9991.4,81.15
21.2,2.2004e+05,9985.5,77.646
21.3,2.1611e+05,9979.5,74.309
21.4,2.1225e+05,9973.6,71.132
21.5,2.0847e+05,9967.7,68.107
21.6,2.0475e+05,9961.7,65.225
21.7,2.0109e+05,9955.8,62.48
21.8,1.9751e+05,9949.8,59.865
21.9,1.9398e+05,9943.9,57.373
22,1.9052e+05,9937.9,54.999
22.1,1.8712e+05,9932,52.736
22.2,1.8378e+05,9926,50.579
22.3,1.8051e+05,9920,48.523
22.4,1.7728e+05,9914,46.563
22.5,1.7412e+05,9908,44.694
22.6,1.7102e+05,9902.1,42.912
22.7,1.6796e+05,9896.1,41.213
22.8,1.6497e+05,9890.1,39.592
22.9,1.6202e+05,9884.1,38.046
23,1.5913e+05,9878.1,36.57
23.1,1.5629e+05,9872.1,35.163
23.2,1.5351e+05,9866,33.82
23.3,1.5077e+05,9860,32.538
23.4,1.4808e+05,9854,31.314
23.5,1.4544e+05,9848,30.146
23.6,1.4284e+05,9842,29.031
23.7,1.4029e+05,9835.9,27.966
23.8,1.3779e+05,9829.9,26.949
23.9,1.3533e+05,9823.9,25.978
24,1.3292e+05,9817.8,25.051
24.1,1.3054e+05,9811.8,24.165
24.2,1.2822e+05,9805.8,23.318
24.3,1.2593e+05,9799.7,22.51
24.4,1.2368e+05,9793.7,21.737
24.5,1.2147e+05,9787.6,20.999
24.6,1.1931e+05,9781.6,20.293
24.7,1.1718e+05,9775.5,19.618
24.8,1.1509e+05,9769.5,18.974
24.9,1.1303e+05,9763.4,18.357
25,1.1102e+05,9757.4,17.768
25.1,1.0904e+05,9751.3,17.205
25.2,1.0709e+05,9745.3,16.666
25.3,1.0518e+05,9739.2,16.151
25.4,1.033e+05,9733.2,15.659
25.5,1.0146e+05,9727.1,15.188
25.6,99651,9721,14.737
25.7,97873,9715,14.307
25.8,96127,9708.9,13.895
25.9,94412,9702.9,13.501
26,92727,9696.8,13.125
26.1,91073,9690.7,12.765
26.2,89448,9684.7,12.421
26.3,87852,9678.6,12.092
26.4,86285,9672.6,11.777
26.5,84745,9666.5,11.476
26.6,83233,9660.4,11.189
26.7,81748,9654.4,10.915
26.8,80290,9648.3,10.652
26.9,78857,9642.2,10.402
27,77450,9636.2,10.163
27.1,76069,9630.1,9.9349
27.2,74711,9624.1,9.7172
27.3,73378,9618,9.5097
27.4,72069,9611.9,9.3118
27.5,70783,9605.9,9.1234
27.6,69521,9599.8,8.9439
27.7,68280,9593.8,8.7732
27.8,67062,9587.7,8.6109
27.9,65866,9581.7,8.4568
28,64690,9575.6,8.3106
28.1,63536,9569.5,8.172
28.2,62403,9563.5,8.0408
28.3,61289,9557.4,7.9168
28.4,60196,9551.4,7.7998
28.5,59122,9545.3,7.6896
28.6,58067,9539.3,7.5861
28.7,57031,9533.2,7.489
28.8,56013,9527.2,7.3983
28.9,55014,9521.1,7.3138
29,54033,9515.1,7.2353
29.1,53069,9509,7.1628
29.2,52122,9503,7.0962
29.3,51192,9497,7.0354
29.4,50278,9490.9,6.9803
29.5,49381,9484.9,6.9308
29.6,48500,9478.9,6.887
29.7,47635,9472.8,6.8487
29.8,46785,9466.8,6.816
29.9,45950,9460.8,6.7888
30,45131,9454.7,6.7672
30.1,44325,9448.7,6.7511
30.2,43535,9442.7,6.7406
30.3,42758,9436.7,6.7357
30.4,41995,9430.6,6.7365
30.5,41246,9424.6,6.7431
30.6,40510,9418.6,6.7555
30.7,39787,9412.6,6.7739
30.8,39077,9406.6,6.7983
30.9,38380,9400.6,6.8289
31,37695,9394.5,6.8659
31.1,37023,9388.5,6.9095
31.2,36362,9382.5,6.9597
31.3,35713,9376.5,7.0169
31.4,35076,9370.5,7.0813
31.5,34450,9364.5,7.1532
31.6,33836,9358.5,7.2328
31.7,33232,9352.5,7.3204
31.8,32639,9346.6,7.4165
31.9,32057,9340.6,7.5214
32,31485,9334.6,7.6355
32.1,30923,9328.6,7.7594
32.2,30371,9322.6,7.8934
32.3,29830,9316.6,8.0381
32.4,29297,9310.7,8.1941
32.5,28775,9304.7,8.3622
32.6,28261,9298.7,8.5429
32.7,27757,9292.7,8.7371
32.8,27262,9286.8,8.9455
32.9,26775,9280.8,9.1691
33,26298,9274.9,9.4089
33.1,25829,9268.9,9.666
33.2,25368,9262.9,9.9415
33.3,24915,9257,10.237
33.4,24471,9251,10.553
33.5,24034,9245.1,10.892
33.6,23605,9239.1,11.255
33.7,23184,9233.2,11.645
33.8,22770,9227.3,12.062
33.9,22364,9221.3,12.51
34,21965,9215.4,12.991
34.1,21573,9209.5,13.507
34.2,21188,9203.5,14.061
34.3,20810,9197.6,14.656
34.4,20439,9191.7,15.296
34.5,20074,9185.8,15.985
34.6,19716,9179.8,16.727
34.7,19364,9173.9,17.526
34.8,19019,9168,18.388
34.9,18680,9162.1,19.318
35,18346,9156.2,20.323
35.1,18019,9150.3,21.408
35.2,17698,9144.4,22.583
35.3,17382,9138.5,23.855
35.4,17072,9132.6,25.234
35.5,16767,9126.7,26.73
35.6,16468,9120.8,28.355
35.7,16174,9115,30.122
35.8,15886,9109.1,32.045
35.9,15602,9103.2,34.14
36,15324,9097.3,36.426
36.1,15050,9091.5,38.921
36.2,14782,9085.6,41.65
36.3,14518,9079.7,44.637
36.4,14259,9073.9,47.91
36.5,14005,9068,51.501
36.6,13755,9062.1,55.447
36.7,13509,9056.3,59.788
36.8,13268,9050.4,64.569
36.9,13032,9044.6,69.843
37,12799,9038.8,75.668
37.1,12571,9032.9,82.111
37.2,12347,9027.1,89.247
37.3,12126,9021.2,97.163
37.4,11910,9015.4,105.96
37.5,11697,9009.6,115.74
37.6,11489,9003.8,126.65
37.7,11284,8997.9,138.82
37.8,11082,8992.1,152.42
37.9,10885,8986.3,167.66
38,10690,8980.5,184.76
38.1,10500,8974.7,203.97
38.2,10312,8968.9,225.61
38.3,10128,8963.1,250.03
38.4,9947.7,8957.3,277.64
38.5,9770.2,8951.5,308.92
38.6,9595.9,8945.7,344.44
38.7,9424.7,8939.9,384.89
38.8,9256.6,8934.1,431.05
38.9,9091.4,8928.4,483.88
39,8929.2,8922.6,544.52
39.1,8769.9,8916.8,614.35
39.2,8613.4,8911,695.02
39.3,8459.7,8905.3,788.54
39.4,8308.8,8899.5,897.43
39.5,8160.6,8893.8,1024.8
39.6,8015,8888,1174.5
39.7,7872,8882.2,1351.4
39.8,7731.5,8876.5,1562
39.9,7593.6,8870.8,1814.2
40,7458.1,8865,2118.9
40.1,7325,8859.3,2491
40.2,7194.3,8853.5,2949.9
40.3,7066,8847.8,3524.2
40.4,6939.9,8842.1,4254.3
40.5,6816.1,8836.4,5201
40.6,6694.5,8830.7,6459.8
40.7,6575.1,8825,8183.4
40.8,6457.7,8819.3,10632
40.9,6342.5,8813.6,14266
41,6229.4,8807.9,19636
41.1,6118.2,8802.3,27097
41.2,6009.1,8796.6,37397
41.3,5901.9,8790.9,51612
41.4,5796.6,8785.3,71222
41.5,5693.1,8779.6,98270
41.6,5591.6,8774,1.3556e+05
41.7,5491.8,8768.3,1.8695e+05
41.8,5393.8,8762.7,2.5772e+05
41.9,5297.6,8757,3.5509e+05
42,5203.1,8751.4,4.8888e+05
42.1,5110.2,8745.8,6.7239e+05
42.2,5019.1,8740.1,9.235e+05
42.3,4929.5,8734.5,1.266e+06
42.4,4841.6,8728.9,1.7312e+06
42.5,4755.2,8723.3,2.3595e+06
42.6,4670.4,8717.6,3.2017e+06
42.7,4587,8712,4.3199e+06
42.8,4505.2,8706.4,5.7871e+06
42.9,4424.8,8700.8,7.6842e+06
43,4345.9,8695.2,1.0096e+07
43.1,4268.3,8689.6,1.3102e+07
43.2,4192.2,8684,1.6771e+07
43.3,4117.4,8678.4,2.1151e+07
43.4,4043.9,8672.8,2.6267e+07
43.5,3971.8,8667.2,3.2118e+07
43.6,3900.9,8661.7,3.8681e+07
43.7,3831.3,8656.1,4.5916e+07
43.8,3763,8650.5,5.3771e+07
43.9,3695.8,8644.9,6.2189e+07
44,3629.9,8639.4,7.1112e+07
44.1,3565.1,8633.8,8.048e+07
44.2,3501.5,8628.2,9.0241e+07
44.3,3439.1,8622.7,1.0035e+08
44.4,3377.7,8617.1,1.1075e+08
44.5,3317.4,8611.6,1.2141e+08
44.6,3258.2,8606,1.3229e+08
44.7,3200.1,8600.5,1.4336e+08
44.8,3143,8594.9,1.546e+08
44.9,3086.9,8589.4,1.6597e+08
45,3031.9,8583.9,1.7746e+08
45.1,2977.8,8578.3,1.8905e+08
45.2,2924.6,8572.8,2.0072e+08
45.3,2872.5,8567.3,2.1245e+08
45.4,2821.2,8561.8,2.2424e+08
45.5,2770.9,8556.3,2.3607e+08
45.6,2721.5,8550.7,2.4793e+08
45.7,2672.9,8545.2,2.5981e+08
45.8,2625.2,8539.7,2.717e+08
45.9,2578.4,8534.2,2.836e+08
46,2532.4,8528.7,2.955e+08
46.1,2487.2,8523.2,3.0739e+08
46.2,2442.8,8517.7,3.1927e+08
46.3,2399.2,8512.3,3.3113e+08
46.4,2356.4,8506.8,3.4297e+08
46.5,2314.4,8501.3,3.5479e+08
46.6,2273.1,8495.8,3.6657e+08
46.7,2232.5,8490.3,3.7833e+08
46.8,2192.7,8484.9,3.9005e+08
46.9,2153.6,8479.4,4.0173e+08
47,2115.2,8473.9,4.1337e+08
47.1,2077.4,8468.5,4.2496e+08
47.2,2040.4,8463,4.3652e+08
47.3,2004,8457.6,4.4802e+08
47.4,1968.2,8452.1,4.5948e+08
47.5,1933.1,8446.7,4.7089e+08
47.6,1898.6,8441.2,4.8225e+08
47.7,1864.7,8435.8,4.9356e+08
47.8,1831.5,8430.3,5.0481e+08
47.9,1798.8,8424.9,5.1601e+08
48,1766.7,8419.5,5.2716e+08
48.1,1735.2,8414,5.3825e+08
48.2,1704.2,8408.6,5.4928e+08
48.3,1673.8,8403.2,5.6025e+08
48.4,1644,8397.8,5.7117e+08
48.5,1614.6,8392.4,5.8203e+08
48.6,1585.8,8387,5.9283e+08
48.7,1557.5,8381.5,6.0357e+08
48.8,1529.7,8376.1,6.1425e+08
48.9,1502.4,8370.7,6.2487e+08
49,1475.6,8365.4,6.3543e+08
49.1,1449.3,8360,6.4593e+08
49.2,1423.5,8354.6,6.5637e+08
49.3,1398.1,8349.2,6.6675e+08
49.4,1373.1,8343.8,6.7707e+08
49.5,1348.6,8338.4,6.8733e+08
49.6,1324.6,8333,6.9752e+08
49.7,1300.9,8327.7,7.0766e+08
49.8,1277.7,8322.3,7.1773e+08
49.9,1254.9,8316.9,7.2774e+08
50,1232.5,8311.6,7.3769e+08
50.1,1210.5,8306.2,7.4758e+08
50.2,1188.9,8300.9,7.5741e+08
50.3,1167.7,8295.5,7.6718e+08
50.4,1146.9,8290.2,7.7688e+08
50.5,1126.4,8284.8,7.8653e+08
50.6,1106.3,8279.5,7.9611e+08
50.7,1086.6,8274.1,8.0564e+08
50.8,1067.2,8268.8,8.151e+08
50.9,1048.2,8263.5,8.245e+08
51,1029.5,8258.2,8.3384e+08
51.1,1011.1,8252.8,8.4313e+08
51.2,993.07,8247.5,8.5235e+08
51.3,975.36,8242.2,8.6151e+08
51.4,957.96,8236.9,8.7062e+08
51.5,940.86,8231.6,8.7966e+08
51.6,924.08,8226.3,8.8865e+08
51.7,907.59,8221,8.9757e+08
51.8,891.4,8215.7,9.0644e+08
51.9,875.5,8210.4,9.1525e+08
52,859.88,8205.1,9.24e+08
52.1,844.54,8199.8,9.327e+08
52.2,829.47,8194.5,9.4134e+08
52.3,814.67,8189.2,9.4991e+08
52.4,800.14,8183.9,9.5844e+08
52.5,785.86,8178.7,9.669e+08
52.6,771.84,8173.4,9.7531e+08
52.7,758.07,8168.1,9.8366e+08
52.8,744.55,8162.8,9.9196e+08
52.9,731.27,8157.6,1.0002e+09
53,718.22,8152.3,1.0084e+09
53.1,705.41,8147.1,1.0165e+09
53.2,692.82,8141.8,1.0246e+09
53.3,680.46,8136.6,1.0326e+09
53.4,668.32,8131.3,1.0406e+09
53.5,656.4,8126.1,1.0485e+09
53.6,644.69,8120.8,1.0563e+09
53.7,633.19,8115.6,1.0642e+09
53.8,621.89,8110.4,1.0719e+09
53.9,610.8,8105.1,1.0796e+09
54,599.9,8099.9,1.0873e+09
54.1,589.2,8094.7,1.0948e+09
54.2,578.69,8089.5,1.1024e+09
54.3,568.36,8084.3,1.1099e+09
54.4,558.22,8079,1.1173e+09
54.5,548.26,8073.8,1.1247e+09
54.6,538.48,8068.6,1.132e+09
54.7,528.88,8063.4,1.1393e+09
54.8,519.44,8058.2,1.1466e+09
54.9,510.17,8053,1.1537e+09
55,501.07,8047.8,1.1609e+09
55.1,492.13,8042.7,1.168e+09
55.2,483.35,8037.5,1.175e+09
55.3,474.73,8032.3,1.182e+09
55.4,466.26,8027.1,1.1889e+09
55.5,457.94,8021.9,1.1958e+09
55.6,449.77,8016.8,1.2027e+09
55.7,441.75,8011.6,1.2095e+09
55.8,433.87,8006.4,1.2162e+09
55.9,426.13,8001.3,1.2229e+09
56,418.53,7996.1,1.2296e+09
56.1,411.06,7991,1.2362e+09
56.2,403.73,7985.8,1.2428e+09
56.3,396.53,7980.7,1.2493e+09
56.4,389.45,7975.5,1.2558e+09
56.5,382.5,7970.4,1.2622e+09
56.6,375.68,7965.2,1.2686e+09
56.7,368.98,7960.1,1.2749e+09
56.8,362.4,7955,1.2812e+09
56.9,355.93,7949.8,1.2874e+09
57,349.58,7944.7,1.2937e+09
57.1,343.35,7939.6,1.2998e+09
57.2,337.22,7934.5,1.3059e+09
57.3,331.2,7929.3,1.312e+09
57.4,325.3,7924.2,1.318e+09
57.5,319.49,7919.1,1.324e+09
57.6,313.79,7914,1.33e+09
57.7,308.2,7908.9,1.3359e+09
57.8,302.7,7903.8,1.3417e+09
57.9,297.3,7898.7,1.3476e+09
58,291.99,7893.6,1.3534e+09
58.1,286.79,7888.5,1.3591e+09
58.2,281.67,7883.5,1.3648e+09
58.3,276.65,7878.4,1.3705e+09
58.4,271.71,7873.3,1.3761e+09
58.5,266.86,7868.2,1.3817e+09
58.6,262.1,7863.2,1.3872e+09
58.7,257.43,7858.1,1.3927e+09
58.8,252.84,7853,1.3982e+09
58.9,248.33,7848,1.4036e+09
59,243.9,7842.9,1.409e+09
59.1,239.54,7837.8,1.4143e+09
59.2,235.27,7832.8,1.4196e+09
59.3,231.07,7827.7,1.4249e+09
59.4,226.95,7822.7,1.4301e+09
59.5,222.9,7817.6,1.4353e+09
59.6,218.93,7812.6,1.4405e+09
59.7,215.02,7807.6,1.4456e+09
59.8,211.19,7802.5,1.4507e+09
59.9,207.42,7797.5,1.4558e+09
60,203.72,7792.5,1.4608e+09
60.1,200.09,7787.5,1.4658e+09
60.2,196.52,7782.4,1.4707e+09
60.3,193.01,7777.4,1.4756e+09
60.4,189.57,7772.4,1.4805e+09
60.5,186.19,7767.4,1.4853e+09
60.6,182.87,7762.4,1.4901e+09
60.7,179.6,7757.4,1.4949e+09
60.8,176.4,7752.4,1.4996e+09
60.9,173.25,7747.4,1.5044e+09
61,170.16,7742.4,1.509e+09
61.1,167.13,7737.4,1.5137e+09
61.2,164.15,7732.4,1.5183e+09
61.3,161.22,7727.4,1.5228e+09
61.4,158.34,7722.4,1.5274e+09
61.5,155.52,7717.5,1.5319e+09
61.6,152.75,7712.5,1.5363e+09
61.7,150.02,7707.5,1.5408e+09
61.8,147.35,7702.6,1.5452e+09
61.9,144.72,7697.6,1.5496e+09
62,142.14,7692.6,1.5539e+09
62.1,139.6,7687.7,1.5582e+09
62.2,137.11,7682.7,1.5625e+09
62.3,134.67,7677.8,1.5668e+09
62.4,132.26,7672.8,1.571e+09
62.5,129.9,7667.9,1.5752e+09
62.6,127.59,7662.9,1.5794e+09
62.7,125.31,7658,1.5835e+09
62.8,123.08,7653,1.5876e+09
62.9,120.88,7648.1,1.5917e+09
63,118.73,7643.2,1.5957e+09
63.1,116.61,7638.3,1.5997e+09
63.2,114.53,7633.3,1.6037e+09
63.3,112.49,7628.4,1.6077e+09
63.4,110.48,7623.5,1.6116e+09
63.5,108.51,7618.6,1.6155e+09
63.6,106.57,7613.7,1.6194e+09
63.7,104.67,7608.8,1.6232e+09
63.8,102.81,7603.9,1.6271e+09
63.9,100.97,7599,1.6308e+09
64,99.173,7594.1,1.6346e+09
64.1,97.404,7589.2,1.6383e+09
64.2,95.667,7584.3,1.6421e+09
64.3,93.961,7579.4,1.6457e+09
64.4,92.285,7574.5,1.6494e+09
64.5,90.64,7569.6,1.653e+09
64.6,89.023,7564.7,1.6566e+09
64.7,87.436,7559.9,1.6602e+09
64.8,85.877,7555,1.6638e+09
64.9,84.345,7550.1,1.6673e+09
65,82.841,7545.3,1.6708e+09
65.1,81.364,7540.4,1.6743e+09
65.2,79.913,7535.5,1.6777e+09
65.3,78.488,7530.7,1.6812e+09
65.4,77.088,7525.8,1.6846e+09
65.5,75.714,7521,1.6879e+09
65.6,74.363,7516.1,1.6913e+09
65.7,73.037,7511.3,1.6946e+09
65.8,71.735,7506.4,1.6979e+09
65.9,70.456,7501.6,1.7012e+09
66,69.2,7496.8,1.7045e+09
66.1,67.966,7491.9,1.7077e+09
66.2,66.754,7487.1,1.7109e+09
66.3,65.564,7482.3,1.7141e+09
66.4,64.395,7477.5,1.7173e+09
66.5,63.247,7472.6,1.7204e+09
66.6,62.119,7467.8,1.7235e+09
66.7,61.011,7463,1.7266e+09
66.8,59.923,7458.2,1.7297e+09
66.9,58.855,7453.4,1.7327e+09
67,57.806,7448.6,1.7358e+09
67.1,56.775,7443.8,1.7388e+09
67.2,55.763,7439,1.7418e+09
67.3,54.769,7434.2,1.7447e+09
67.4,53.792,7429.4,1.7477e+09
67.5,52.833,7424.6,1.7506e+09
67.6,51.891,7419.8,1.7535e+09
67.7,50.966,7415.1,1.7564e+09
67.8,50.058,7410.3,1.7592e+09
67.9,49.165,7405.5,1.7621e+09
68,48.289,7400.7,1.7649e+09
68.1,47.428,7396,1.7677e+09
68.2,46.583,7391.2,1.7705e+09
68.3,45.752,7386.4,1.7732e+09
68.4,44.937,7381.7,1.776e+09
68.5,44.136,7376.9,1.7787e+09
68.6,43.349,7372.2,1.7814e+09
68.7,42.576,7367.4,1.7841e+09
68.8,41.817,7362.7,1.7867e+09
68.9,41.072,7357.9,1.7894e+09
69,40.34,7353.2,1.792e+09
69.1,39.621,7348.4,1.7946e+09
69.2,38.915,7343.7,1.7972e+09
69.3,38.221,7339,1.7997e+09
69.4,37.54,7334.2,1.8023e+09
69.5,36.871,7329.5,1.8048e+09
69.6,36.214,7324.8,1.8073e+09
69.7,35.569,7320.1,1.8098e+09
69.8,34.935,7315.4,1.8123e+09
69.9,34.312,7310.6,1.8148e+09
70,33.701,7305.9,1.8172e+09
70.1,33.1,7301.2,1.8196e+09
70.2,32.51,7296.5,1.822e+09
70.3,31.931,7291.8,1.8244e+09
70.4,31.362,7287.1,1.8268e+09
70.5,30.803,7282.4,1.8291e+09
70.6,30.254,7277.7,1.8315e+09
70.7,29.715,7273,1.8338e+09
70.8,29.186,7268.4,1.8361e+09
70.9,28.666,7263.7,1.8384e+09
71,28.155,7259,1.8406e+09
71.1,27.653,7254.3,1.8429e+09
71.2,27.161,7249.6,1.8451e+09
71.3,26.677,7245,1.8473e+09
71.4,26.202,7240.3,1.8495e+09
71.5,25.735,7235.6,1.8517e+09
71.6,25.277,7231,1.8539e+09
71.7,24.826,7226.3,1.856e+09
71.8,24.384,7221.7,1.8582e+09
71.9,23.95,7217,1.8603e+09
72,23.523,7212.4,1.8624e+09
72.1,23.104,7207.7,1.8645e+09
72.2,22.693,7203.1,1.8666e+09
72.3,22.288,7198.4,1.8686e+09
72.4,21.892,7193.8,1.8707e+09
72.5,21.502,7189.2,1.8727e+09
72.6,21.119,7184.5,1.8747e+09
72.7,20.743,7179.9,1.8767e+09
72.8,20.373,7175.3,1.8787e+09
72.9,20.011,7170.6,1.8807e+09
73,19.654,7166,1.8827e+09
73.1,19.304,7161.4,1.8846e+09
73.2,18.961,7156.8,1.8865e+09
73.3,18.623,7152.2,1.8885e+09
73.4,18.291,7147.6,1.8904e+09
73.5,17.966,7143,1.8923e+09
73.6,17.646,7138.4,1.8941e+09
73.7,17.332,7133.8,1.896e+09
73.8,17.023,7129.2,1.8978e+09
73.9,16.72,7124.6,1.8997e+09
74,16.423,7120,1.9015e+09
74.1,16.13,7115.4,1.9033e+09
74.2,15.843,7110.8,1.9051e+09
74.3,15.561,7106.2,1.9069e+09
74.4,15.284,7101.7,1.9087e+09
74.5,15.012,7097.1,1.9104e+09
74.6,14.745,7092.5,1.9122e+09
74.7,14.483,7087.9,1.9139e+09
74.8,14.225,7083.4,1.9156e+09
74.9,13.972,7078.8,1.9173e+09
75,13.724,7074.3,1.919e+09
75.1,13.479,7069.7,1.9207e+09
75.2,13.24,7065.1,1.9224e+09
75.3,13.004,7060.6,1.924e+09
75.4,12.773,7056,1.9257e+09
75.5,12.546,7051.5,1.9273e+09
75.6,12.322,7047,1.9289e+09
75.7,12.103,7042.4,1.9305e+09
75.8,11.888,7037.9,1.9321e+09
75.9,11.677,7033.3,1.9337e+09
76,11.469,7028.8,1.9353e+09
76.1,11.265,7024.3,1.9369e+09
76.2,11.065,7019.8,1.9384e+09
76.3,10.868,7015.2,1.94e+09
76.4,10.675,7010.7,1.9415e+09
76.5,10.485,7006.2,1.943e+09
76.6,10.299,7001.7,1.9445e+09
76.7,10.116,6997.2,1.946e+09
76.8,9.9359,6992.7,1.9475e+09
76.9,9.7593,6988.2,1.949e+09
77,9.5859,6983.7,1.9504e+09
77.1,9.4156,6979.2,1.9519e+09
77.2,9.2483,6974.7,1.9533e+09
77.3,9.0839,6970.2,1.9548e+09
77.4,8.9226,6965.7,1.9562e+09
77.5,8.7641,6961.2,1.9576e+09
77.6,8.6084,6956.7,1.959e+09
77.7,8.4555,6952.2,1.9604e+09
77.8,8.3053,6947.8,1.9618e+09
77.9,8.1578,6943.3,1.9632e+09
78,8.013,6938.8,1.9645e+09
78.1,7.8707,6934.3,1.9659e+09
78.2,7.731,6929.9,1.9672e+09
78.3,7.5937,6925.4,1.9685e+09
78.4,7.4589,6921,1.9699e+09
78.5,7.3265,6916.5,1.9712e+09
78.6,7.1965,6912,1.9725e+09
78.7,7.0688,6907.6,1.9738e+09
78.8,6.9433,6903.1,1.9751e+09
78.9,6.8201,6898.7,1.9763e+09
79,6.6991,6894.3,1.9776e+09
79.1,6.5803,6889.8,1.9789e+09
79.2,6.4636,6885.4,1.9801e+09
79.3,6.349,6880.9,1.9813e+09
79.4,6.2364,6876.5,1.9826e+09
79.5,6.1258,6872.1,1.9838e+09
79.6,6.0172,6867.7,1.985e+09
79.7,5.9105,6863.2,1.9862e+09
79.8,5.8057,6858.8,1.9874e+09
79.9,5.7028,6854.4,1.9886e+09
80,5.6017,6850,1.9898e+09
80.1,5.5025,6845.6,1.9909e+09
80.2,5.405,6841.2,1.9921e+09
80.3,5.3092,6836.8,1.9932e+09
80.4,5.2152,6832.4,1.9944e+09
80.5,5.1228,6828,1.9955e+09
80.6,5.0321,6823.6,1.9966e+09
80.7,4.943,6819.2,1.9978e+09
80.8,4.8555,6814.8,1.9989e+09
80.9,4.7695,6810.4,2e+09
81,4.6851,6806,2.0011e+09
81.1,4.6022,6801.6,2.0022e+09
81.2,4.5207,6797.2,2.0032e+09
81.3,4.4408,6792.9,2.0043e+09
81.4,4.3622,6788.5,2.0054e+09
81.5,4.285,6784.1,2.0064e+09
81.6,4.2093,6779.7,2.0075e+09
81.7,4.1348,6775.4,2.0085e+09
81.8,4.0617,6771,2.0095e+09
81.9,3.9899,6766.7,2.0106e+09
82,3.9194,6762.3,2.0116e+09
82.1,3.8502,6757.9,2.0126e+09
82.2,3.7821,6753.6,2.0136e+09
82.3,3.7153,6749.2,2.0146e+09
82.4,3.6497,6744.9,2.0156e+09
82.5,3.5853,6740.6,2.0165e+09
82.6,3.522,6736.2,2.0175e+09
82.7,3.4598,6731.9,2.0185e+09
82.8,3.3987,6727.5,2.0194e+09
82.9,3.3388,6723.2,2.0204e+09
83,3.2799,6718.9,2.0213e+09
83.1,3.222,6714.6,2.0223e+09
83.2,3.1652,6710.2,2.0232e+09
83.3,3.1094,6705.9,2.0241e+09
83.4,3.0546,6701.6,2.0251e+09
83.5,3.0007,6697.3,2.026e+09
83.6,2.9479,6693,2.0269e+09
83.7,2.8959,6688.7,2.0278e+09
83.8,2.8449,6684.4,2.0287e+09
83.9,2.7948,6680,2.0295e+09
84,2.7456,6675.7,2.0304e+09
84.1,2.6973,6671.4,2.0313e+09
84.2,2.6498,6667.2,2.0322e+09
84.3,2.6032,6662.9,2.033e+09
84.4,2.5574,6658.6,2.0339e+09
84.5,2.5125,6654.3,2.0347e+09
84.6,2.4683,6650,2.0356e+09
84.7,2.4249,6645.7,2.0364e+09
84.8,2.3823,6641.4,2.0372e+09
84.9,2.3405,6637.2,2.038e+09
85,2.2994,6632.9,2.0389e+09
85.1,2.259,6628.6,2.0397e+09
85.2,2.2194,6624.4,2.0405e+09
85.3,2.1804,6620.1,2.0413e+09
85.4,2.1422,6615.8,2.0421e+09
85.5,2.1046,6611.6,2.0429e+09
85.6,2.0677,6607.3,2.0436e+09
85.7,2.0315,6603.1,2.0444e+09
85.8,1.9959,6598.8,2.0452e+09
85.9,1.9609,6594.6,2.046e+09
86,1.9266,6590.3,2.0467e+09
86.1,1.8929,6586.1,2.0475e+09
86.2,1.8598,6581.8,2.0482e+09
86.3,1.8272,6577.6,2.049e+09
86.4,1.7953,6573.4,2.0497e+09
86.5,1.7639,6569.1,2.0504e+09
86.6,1.7331,6564.9,2.0511e+09
86.7,1.7028,6560.7,2.0519e+09
86.8,1.6731,6556.4,2.0526e+09
86.9,1.6439,6552.2,2.0533e+09
87,1.6152,6548,2.054e+09
87.1,1.587,6543.8,2.0547e+09
87.2,1.5594,6539.6,2.0554e+09
87.3,1.5322,6535.4,2.0561e+09
87.4,1.5055,6531.2,2.0568e+09
87.5,1.4793,6527,2.0575e+09
87.6,1.4535,6522.8,2.0581e+09
87.7,1.4283,6518.6,2.0588e+09
87.8,1.4034,6514.4,2.0595e+09
87.9,1.379,6510.2,2.0601e+09
88,1.3551,6506,2.0608e+09
88.1,1.3315,6501.8,2.0614e+09
88.2,1.3084,6497.6,2.0621e+09
88.3,1.2857,6493.4,2.0627e+09
88.4,1.2634,6489.2,2.0634e+09
88.5,1.2415,6485.1,2.064e+09
88.6,1.22,6480.9,2.0646e+09
88.7,1.1989,6476.7,2.0652e+09
88.8,1.1781,6472.6,2.0659e+09
88.9,1.1578,6468.4,2.0665e+09
89,1.1377,6464.2,2.0671e+09
89.1,1.1181,6460.1,2.0677e+09
89.2,1.0988,6455.9,2.0683e+09
89.3,1.0798,6451.7,2.0689e+09
89.4,1.0612,6447.6,2.0695e+09
89.5,1.0429,6443.4,2.0701e+09
89.6,1.0249,6439.3,2.0706e+09
89.7,1.0073,6435.2,2.0712e+09
89.8,0.98995,6431,2.0718e+09
89.9,0.97292,6426.9,2.0724e+09
90,0.9562,6422.7,2.0729e+09
90.1,0.93978,6418.6,2.0735e+09
90.2,0.92365,6414.5,2.0741e+09
90.3,0.9078,6410.3,2.0746e+09
90.4,0.89224,6406.2,2.0752e+09
90.5,0.87696,6402.1,2.0757e+09
90.6,0.86194,6398,2.0762e+09
90.7,0.8472,6393.9,2.0768e+09
90.8,0.83272,6389.7,2.0773e+09
90.9,0.81849,6385.6,2.0779e+09
91,0.80452,6381.5,2.0784e+09
91.1,0.7908,6377.4,2.0789e+09
91.2,0.77732,6373.3,2.0794e+09
91.3,0.76409,6369.2,2.0799e+09
91.4,0.75109,6365.1,2.0804e+09
91.5,0.73832,6361,2.081e+09
91.6,0.72577,6356.9,2.0815e+09
91.7,0.71345,6352.8,2.082e+09
91.8,0.70135,6348.7,2.0825e+09
91.9,0.68947,6344.6,2.0829e+09
92,0.6778,6340.6,2.0834e+09
92.1,0.66633,6336.5,2.0839e+09
92.2,0.65507,6332.4,2.0844e+09
92.3,0.64401,6328.3,2.0849e+09
92.4,0.63315,6324.3,2.0854e+09
92.5,0.62248,6320.2,2.0858e+09
92.6,0.612,6316.1,2.0863e+09
92.7,0.60171,6312.1,2.0868e+09
92.8,0.5916,6308,2.0872e+09
92.9,0.58167,6303.9,2.0877e+09
93,0.57191,6299.9,2.0881e+09
93.1,0.56233,6295.8,2.0886e+09
93.2,0.55292,6291.8,2.089e+09
93.3,0.54368,6287.7,2.0895e+09
93.4,0.53461,6283.7,2.0899e+09
93.5,0.52569,6279.6,2.0904e+09
93.6,0.51693,6275.6,2.0908e+09
93.7,0.50833,6271.6,2.0912e+09
93.8,0.49988,6267.5,2.0917e+09
93.9,0.49159,6263.5,2.0921e+09
94,0.48344,6259.5,2.0925e+09
94.1,0.47543,6255.4,2.0929e+09
94.2,0.46757,6251.4,2.0933e+09
94.3,0.45984,6247.4,2.0938e+09
94.4,0.45226,6243.4,2.0942e+09
94.5,0.44481,6239.3,2.0946e+09
94.6,0.43749,6235.3,2.095e+09
94.7,0.4303,6231.3,2.0954e+09
94.8,0.42324,6227.3,2.0958e+09
94.9,0.41631,6223.3,2.0962e+09
95,0.4095,6219.3,2.0966e+09
95.1,0.40281,6215.3,2.097e+09
95.2,0.39624,6211.3,2.0973e+09
95.3,0.38978,6207.3,2.0977e+09
95.4,0.38344,6203.3,2.0981e+09
95.5,0.37722,6199.3,2.0985e+09
95.6,0.3711,6195.3,2.0989e+09
95.7,0.36509,6191.3,2.0992e+09
95.8,0.35919,6187.4,2.0996e+09
95.9,0.3534,6183.4,2.1e+09
96,0.34771,6179.4,2.1003e+09
96.1,0.34211,6175.4,2.1007e+09
96.2,0.33662,6171.5,2.1011e+09
96.3,0.33123,6167.5,2.1014e+09
96.4,0.32593,6163.5,2.1018e+09
96.5,0.32072,6159.5,2.1021e+09
96.6,0.31561,6155.6,2.1025e+09
96.7,0.31059,6151.6,2.1028e+09
96.8,0.30566,6147.7,2.1032e+09
96.9,0.30082,6143.7,2.1035e+09
97,0.29606,6139.8,2.1038e+09
97.1,0.29138,6135.8,2.1042e+09
97.2,0.28679,6131.9,2.1045e+09
97.3,0.28228,6127.9,2.1049e+09
97.4,0.27785,6124,2.1052e+09
97.5,0.2735,6120,2.1055e+09
97.6,0.26923,6116.1,2.1058e+09
97.7,0.26503,6112.2,2.1062e+09
97.8,0.26091,6108.2,2.1065e+09
97.9,0.25686,6104.3,2.1068e+09
98,0.25288,6100.4,2.1071e+09
98.1,0.24897,6096.5,2.1074e+09
98.2,0.24514,6092.5,2.1077e+09
98.3,0.24137,6088.6,2.108e+09
98.4,0.23766,6084.7,2.1083e+09
98.5,0.23403,6080.8,2.1087e+09
98.6,0.23045,6076.9,2.109e+09
98.7,0.22694,6073,2.1093e+09
98.8,0.2235,6069.1,2.1096e+09
98.9,0.22011,6065.2,2.1098e+09
99,0.21678,6061.2,2.1101e+09
99.1,0.21352,6057.4,2.1104e+09
99.2,0.21031,6053.5,2.1107e+09
99.3,0.20715,6049.6,2.111e+09
99.4,0.20406,6045.7,2.1113e+09
99.5,0.20102,6041.8,2.1116e+09
99.6,0.19803,6037.9,2.1119e+09
99.7,0.19509,6034,2.1121e+09
99.8,0.19221,6030.1,2.1124e+09
99.9,0.18938,6026.3,2.1127e+09
100,0.1866,6022.4,2.113e+09
100.1,0.18386,6018.5,2.1132e+09
100.2,0.18118,6014.6,2.1135e+09
100.3,0.17854,6010.8,2.1138e+09
100.4,0.17595,6006.9,2.114e+09
100.5,0.17341,6003,2.1143e+09
100.6,0.17091,5999.2,2.1145e+09
100.7,0.16845,5995.3,2.1148e+09
100.8,0.16604,5991.5,2.1151e+09
100.9,0.16367,5987.6,2.1153e+09
101,0.16135,5983.8,2.1156e+09
101.1,0.15906,5979.9,2.1158e+09
101.2,0.15682,5976.1,2.1161e+09
101.3,0.15461,5972.2,2.1163e+09
101.4,0.15244,5968.4,2.1166e+09
101.5,0.15032,5964.5,2.1168e+09
101.6,0.14822,5960.7,2.1171e+09
101.7,0.14617,5956.9,2.1173e+09
101.8,0.14415,5953,2.1175e+09
101.9,0.14217,5949.2,2.1178e+09
102,0.14022,5945.4,2.118e+09
102.1,0.13831,5941.6,2.1182e+09
102.2,0.13643,5937.7,2.1185e+09
102.3,0.13459,5933.9,2.1187e+09
102.4,0.13277,5930.1,2.1189e+09
102.5,0.13099,5926.3,2.1192e+09
102.6,0.12924,5922.5,2.1194e+09
102.7,0.12752,5918.7,2.1196e+09
102.8,0.12583,5914.9,2.1198e+09
102.9,0.12417,5911.1,2.12e+09
103,0.12254,5907.3,2.1203e+09
103.1,0.12094,5903.5,2.1205e+09
103.2,0.11937,5899.7,2.1207e+09
103.3,0.11782,5895.9,2.1209e+09
103.4,0.11631,5892.1,2.1211e+09
103.5,0.11482,5888.3,2.1213e+09
103.6,0.11335,5884.5,2.1215e+09
103.7,0.11191,5880.7,2.1218e+09
103.8,0.1105,5876.9,2.122e+09
103.9,0.10911,5873.2,2.1222e+09
104,0.10774,5869.4,2.1224e+09
104.1,0.1064,5865.6,2.1226e+09
104.2,0.10508,5861.8,2.1228e+09
104.3,0.10379,5858.1,2.123e+09
104.4,0.10252,5854.3,2.1232e+09
104.5,0.10127,5850.5,2.1234e+09
104.6,0.10004,5846.8,2.1236e+09
104.7,0.098837,5843,2.1237e+09
104.8,0.097653,5839.3,2.1239e+09
104.9,0.096489,5835.5,2.1241e+09
105,0.095346,5831.7,2.1243e+09
105.1,0.094222,5828,2.1245e+09
105.2,0.093119,5824.2,2.1247e+09
105.3,0.092034,5820.5,2.1249e+09
105.4,0.090969,5816.8,2.1251e+09
105.5,0.089922,5813,2.1252e+09
105.6,0.088894,5809.3,2.1254e+09
105.7,0.087883,5805.5,2.1256e+09
105.8,0.086891,5801.8,2.1258e+09
105.9,0.085915,5798.1,2.126e+09
106,0.084957,5794.4,2.1261e+09
106.1,0.084015,5790.6,2.1263e+09
106.2,0.08309,5786.9,2.1265e+09
106.3,0.082181,5783.2,2.1267e+09
106.4,0.081287,5779.5,2.1268e+09
106.5,0.08041,5775.8,2.127e+09
106.6,0.079547,5772,2.1272e+09
106.7,0.0787,5768.3,2.1273e+09
106.8,0.077867,5764.6,2.1275e+09
106.9,0.077049,5760.9,2.1277e+09
107,0.076245,5757.2,2.1278e+09
107.1,0.075455,5753.5,2.128e+09
107.2,0.074679,5749.8,2.1281e+09
107.3,0.073916,5746.1,2.1283e+09
107.4,0.073167,5742.4,2.1285e+09
107.5,0.07243,5738.7,2.1286e+09
107.6,0.071707,5735,2.1288e+09
107.7,0.070995,5731.4,2.1289e+09
107.8,0.070297,5727.7,2.1291e+09
107.9,0.06961,5724,2.1292e+09
108,0.068935,5720.3,2.1294e+09
108.1,0.068272,5716.6,2.1295e+09
108.2,0.06762,5713,2.1297e+09
108.3,0.06698,5709.3,2.1298e+09
108.4,0.06635,5705.6,2.13e+09
108.5,0.065732,5701.9,2.1301e+09
108.6,0.065124,5698.3,2.1303e+09
108.7,0.064527,5694.6,2.1304e+09
108.8,0.06394,5691,2.1306e+09
108.9,0.063363,5687.3,2.1307e+09
109,0.062796,5683.6,2.1308e+09
109.1,0.062238,5680,2.131e+09
109.2,0.061691,5676.3,2.1311e+09
109.3,0.061152,5672.7,2.1313e+09
109.4,0.060623,5669,2.1314e+09
109.5,0.060103,5665.4,2.1315e+09
109.6,0.059592,5661.8,2.1317e+09
109.7,0.05909,5658.1,2.1318e+09
109.8,0.058596,5654.5,2.1319e+09
109.9,0.058111,5650.8,2.1321e+09
110,0.057634,5647.2,2.1322e+09
110.1,0.057165,5643.6,2.1323e+09
110.2,0.056705,5640,2.1325e+09
110.3,0.056252,5636.3,2.1326e+09
110.4,0.055806,5632.7,2.1327e+09
110.5,0.055369,5629.1,2.1328e+09
110.6,0.054939,5625.5,2.133e+09
110.7,0.054516,5621.9,2.1331e+09
110.8,0.0541,5618.2,2.1332e+09
110.9,0.053691,5614.6,2.1333e+09
111,0.05329,5611,2.1335e+09
111.1,0.052895,5607.4,2.1336e+09
111.2,0.052507,5603.8,2.1337e+09
111.3,0.052125,5600.2,2.1338e+09
111.4,0.05175,5596.6,2.1339e+09
111.5,0.051381,5593,2.1341e+09
111.6,0.051019,5589.4,2.1342e+09
111.7,0.050662,5585.8,2.1343e+09
111.8,0.050312,5582.2,2.1344e+09
111.9,0.049967,5578.6,2.1345e+09
112,0.049628,5575.1,2.1346e+09
112.1,0.049295,5571.5,2.1347e+09
112.2,0.048968,5567.9,2.1348e+09
112.3,0.048646,5564.3,2.135e+09
112.4,0.048329,5560.7,2.1351e+09
112.5,0.048018,5557.2,2.1352e+09
112.6,0.047711,5553.6,2.1353e+09
112.7,0.04741,5550,2.1354e+09
112.8,0.047114,5546.5,2.1355e+09
112.9,0.046823,5542.9,2.1356e+09
113,0.046537,5539.3,2.1357e+09
113.1,0.046256,5535.8,2.1358e+09
113.2,0.045979,5532.2,2.1359e+09
113.3,0.045707,5528.7,2.136e+09
113.4,0.045439,5525.1,2.1361e+09
113.5,0.045175,5521.6,2.1362e+09
113.6,0.044917,5518,2.1363e+09
113.7,0.044662,5514.5,2.1364e+09
113.8,0.044411,5510.9,2.1365e+09
113.9,0.044165,5507.4,2.1366e+09
114,0.043923,5503.8,2.1367e+09
114.1,0.043684,5500.3,2.1368e+09
114.2,0.04345,5496.8,2.1369e+09
114.3,0.043219,5493.2,2.137e+09
114.4,0.042992,5489.7,2.1371e+09
114.5,0.042769,5486.2,2.1372e+09
114.6,0.04255,5482.7,2.1373e+09
114.7,0.042334,5479.1,2.1374e+09
114.8,0.042121,5475.6,2.1375e+09
114.9,0.041912,5472.1,2.1376e+09
115,0.041707,5468.6,2.1377e+09
115.1,0.041504,5465.1,2.1377e+09
115.2,0.041305,5461.6,2.1378e+09
115.3,0.041109,5458,2.1379e+09
115.4,0.040917,5454.5,2.138e+09
115.5,0.040727,5451,2.1381e+09
115.6,0.04054,5447.5,2.1382e+09
115.7,0.040357,5444,2.1383e+09
115.8,0.040176,5440.5,2.1384e+09
115.9,0.039998,5437,2.1384e+09
116,0.039823,5433.5,2.1385e+09
116.1,0.039651,5430.1,2.1386e+09
116.2,0.039482,5426.6,2.1387e+09
116.3,0.039315,5423.1,2.1388e+09
116.4,0.039151,5419.6,2.1389e+09
116.5,0.038989,5416.1,2.1389e+09
116.6,0.03883,5412.6,2.139e+09
116.7,0.038674,5409.2,2.1391e+09
116.8,0.03852,5405.7,2.1392e+09
116.9,0.038368,5402.2,2.1393e+09
117,0.038219,5398.7,2.1393e+09
117.1,0.038072,5395.3,2.1394e+09
117.2,0.037927,5391.8,2.1395e+09
117.3,0.037784,5388.3,2.1396e+09
117.4,0.037644,5384.9,2.1396e+09
117.5,0.037506,5381.4,2.1397e+09
117.6,0.03737,5378,2.1398e+09
117.7,0.037236,5374.5,2.1399e+09
117.8,0.037104,5371.1,2.1399e+09
117.9,0.036974,5367.6,2.14e+09
118,0.036846,5364.2,2.1401e+09
118.1,0.03672,5360.7,2.1402e+09
118.2,0.036596,5357.3,2.1402e+09
118.3,0.036474,5353.8,2.1403e+09
118.4,0.036354,5350.4,2.1404e+09
118.5,0.036235,5346.9,2.1405e+09
118.6,0.036119,5343.5,2.1405e+09
118.7,0.036004,5340.1,2.1406e+09
118.8,0.03589,5336.7,2.1407e+09
118.9,0.035779,5333.2,2.1407e+09
119,0.035669,5329.8,2.1408e+09
119.1,0.03556,5326.4,2.1409e+09
119.2,0.035454,5323,2.1409e+09
119.3,0.035348,5319.5,2.141e+09
119.4,0.035245,5316.1,2.1411e+09
119.5,0.035143,5312.7,2.1411e+09
119.6,0.035042,5309.3,2.1412e+09
119.7,0.034943,5305.9,2.1413e+09
119.8,0.034845,5302.5,2.1413e+09
119.9,0.034749,5299.1,2.1414e+09
120,0.034654,5295.7,2.1414e+09
120.1,0.03456,5292.3,2.1415e+09
120.2,0.034468,5288.9,2.1416e+09
120.3,0.034377,5285.5,2.1416e+09
120.4,0.034287,5282.1,2.1417e+09
120.5,0.034199,5278.7,2.1418e+09
120.6,0.034112,5275.3,2.1418e+09
120.7,0.034026,5271.9,2.1419e+09
120.8,0.033941,5268.5,2.1419e+09
120.9,0.033857,5265.1,2.142e+09
121,0.033775,5261.7,2.142e+09
121.1,0.033693,5258.4,2.1421e+09
121.2,0.033613,5255,2.1422e+09
121.3,0.033534,5251.6,2.1422e+09
121.4,0.033456,5248.2,2.1423e+09
121.5,0.033379,5244.9,2.1423e+09
121.6,0.033303,5241.5,2.1424e+09
121.7,0.033228,5238.1,2.1424e+09
121.8,0.033155,5234.8,2.1425e+09
121.9,0.033082,5231.4,2.1426e+09
122,0.03301,5228.1,2.1426e+09
122.1,0.032939,5224.7,2.1427e+09
122.2,0.032869,5221.3,2.1427e+09
122.3,0.0328,5218,2.1428e+09
122.4,0.032731,5214.6,2.1428e+09
122.5,0.032664,5211.3,2.1429e+09
122.6,0.032598,5207.9,2.1429e+09
122.7,0.032532,5204.6,2.143e+09
122.8,0.032467,5201.3,2.143e+09
122.9,0.032403,5197.9,2.1431e+09
123,0.03234,5194.6,2.1431e+09
123.1,0.032278,5191.2,2.1432e+09
123.2,0.032216,5187.9,2.1432e+09
123.3,0.032155,5184.6,2.1433e+09
123.4,0.032095,5181.2,2.1433e+09
123.5,0.032036,5177.9,2.1434e+09
123.6,0.031977,5174.6,2.1434e+09
123.7,0.03192,5171.3,2.1435e+09
123.8,0.031862,5168,2.1435e+09
123.9,0.031806,5164.6,2.1436e+09
124,0.03175,5161.3,2.1436e+09
124.1,0.031695,5158,2.1437e+09
124.2,0.031641,5154.7,2.1437e+09
124.3,0.031587,5151.4,2.1438e+09
124.4,0.031534,5148.1,2.1438e+09
124.5,0.031481,5144.8,2.1438e+09
124.6,0.031429,5141.5,2.1439e+09
124.7,0.031378,5138.2,2.1439e+09
124.8,0.031327,5134.9,2.144e+09
124.9,0.031277,5131.6,2.144e+09
125,0.031227,5128.3,2.1441e+09
125.1,0.031178,5125,2.1441e+09
125.2,0.031129,5121.7,2.1442e+09
125.3,0.031081,5118.4,2.1442e+09
125.4,0.031034,5115.1,2.1442e+09
125.5,0.030987,5111.8,2.1443e+09
125.6,0.030941,5108.6,2.1443e+09
125.7,0.030895,5105.3,2.1444e+09
125.8,0.030849,5102,2.1444e+09
125.9,0.030804,5098.7,2.1444e+09
126,0.03076,5095.4,2.1445e+09
126.1,0.030716,5092.2,2.1445e+09
126.2,0.030673,5088.9,2.1446e+09
126.3,0.030629,5085.6,2.1446e+09
126.4,0.030587,5082.4,2.1446e+09
126.5,0.030545,5079.1,2.1447e+09
126.6,0.030503,5075.8,2.1447e+09
126.7,0.030462,5072.6,2.1448e+09
126.8,0.030421,5069.3,2.1448e+09
126.9,0.03038,5066.1,2.1448e+09
127,0.03034,5062.8,2.1449e+09
127.1,0.0303,5059.6,2.1449e+09
127.2,0.030261,5056.3,2.145e+09
127.3,0.030222,5053.1,2.145e+09
127.4,0.030183,5049.8,2.145e+09
127.5,0.030145,5046.6,2.1451e+09
127.6,0.030107,5043.4,2.1451e+09
127.7,0.03007,5040.1,2.1451e+09
127.8,0.030033,5036.9,2.1452e+09
127.9,0.029996,5033.7,2.1452e+09
128,0.029959,5030.4,2.1452e+09
128.1,0.029923,5027.2,2.1453e+09
128.2,0.029887,5024,2.1453e+09
128.3,0.029852,5020.7,2.1453e+09
128.4,0.029817,5017.5,2.1454e+09
128.5,0.029782,5014.3,2.1454e+09
128.6,0.029747,5011.1,2.1454e+09
128.7,0.029713,5007.9,2.1455e+09
128.8,0.029679,5004.6,2.1455e+09
128.9,0.029645,5001.4,2.1455e+09
129,0.029612,4998.2,2.1456e+09
129.1,0.029579,4995,2.1456e+09
129.2,0.029546,4991.8,2.1456e+09
129.3,0.029513,4988.6,2.1457e+09
129.4,0.029481,4985.4,2.1457e+09
129.5,0.029449,4982.2,2.1457e+09
129.6,0.029417,4979,2.1458e+09
129.7,0.029386,4975.8,2.1458e+09
129.8,0.029354,4972.6,2.1458e+09
129.9,0.029323,4969.4,2.1459e+09
130,0.029292,4966.2,2.1459e+09
130.1,0.029262,4963.1,2.1459e+09
130.2,0.029231,4959.9,2.1459e+09
130.3,0.029201,4956.7,2.146e+09
130.4,0.029171,4953.5,2.146e+09
130.5,0.029142,4950.3,2.146e+09
130.6,0.029112,4947.1,2.1461e+09
130.7,0.029083,4944,2.1461e+09
130.8,0.029054,4940.8,2.1461e+09
130.9,0.029025,4937.6,2.1462e+09
131,0.028996,4934.5,2.1462e+09
131.1,0.028968,4931.3,2.1462e+09
131.2,0.02894,4928.1,2.1462e+09
131.3,0.028912,4925,2.1463e+09
131.4,0.028884,4921.8,2.1463e+09
131.5,0.028856,4918.6,2.1463e+09
131.6,0.028828,4915.5,2.1463e+09
131.7,0.028801,4912.3,2.1464e+09
131.8,0.028774,4909.2,2.1464e+09
131.9,0.028747,4906,2.1464e+09
132,0.02872,4902.9,2.1464e+09
132.1,0.028693,4899.7,2.1465e+09
132.2,0.028667,4896.6,2.1465e+09
132.3,0.028641,4893.5,2.1465e+09
132.4,0.028614,4890.3,2.1466e+09
132.5,0.028588,4887.2,2.1466e+09
132.6,0.028562,4884,2.1466e+09
132.7,0.028537,4880.9,2.1466e+09
132.8,0.028511,4877.8,2.1467e+09
132.9,0.028486,4874.6,2.1467e+09
133,0.02846,4871.5,2.1467e+09
133.1,0.028435,4868.4,2.1467e+09
133.2,0.02841,4865.3,2.1467e+09
133.3,0.028385,4862.1,2.1468e+09
133.4,0.028361,4859,2.1468e+09
133.5,0.028336,4855.9,2.1468e+09
133.6,0.028312,4852.8,2.1468e+09
133.7,0.028287,4849.7,2.1469e+09
133.8,0.028263,4846.6,2.1469e+09
133.9,0.028239,4843.5,2.1469e+09
134,0.028215,4840.4,2.1469e+09
134.1,0.028191,4837.2,2.147e+09
134.2,0.028167,4834.1,2.147e+09
134.3,0.028144,4831,2.147e+09
134.4,0.02812,4827.9,2.147e+09
134.5,0.028097,4824.8,2.147e+09
134.6,0.028074,4821.7,2.1471e+09
134.7,0.028051,4818.7,2.1471e+09
134.8,0.028027,4815.6,2.1471e+09
134.9,0.028004,4812.5,2.1471e+09
135,0.027982,4809.4,2.1472e+09
135.1,0.027959,4806.3,2.1472e+09
135.2,0.027936,4803.2,2.1472e+09
135.3,0.027914,4800.1,2.1472e+09
135.4,0.027891,4797.1,2.1472e+09
135.5,0.027869,4794,2.1473e+09
135.6,0.027847,4790.9,2.1473e+09
135.7,0.027824,4787.8,2.1473e+09
135.8,0.027802,4784.8,2.1473e+09
135.9,0.02778,4781.7,2.1473e+09
136,0.027758,4778.6,2.1474e+09
136.1,0.027737,4775.6,2.1474e+09
136.2,0.027715,4772.5,2.1474e+09
136.3,0.027693,4769.4,2.1474e+09
136.4,0.027672,4766.4,2.1474e+09
136.5,0.02765,4763.3,2.1474e+09
136.6,0.027629,4760.3,2.1475e+09
136.7,0.027607,4757.2,2.1475e+09
136.8,0.027586,4754.2,2.1475e+09
136.9,0.027565,4751.1,2.1475e+09
137,0.027544,4748.1,2.1475e+09
137.1,0.027523,4745,2.1476e+09
137.2,0.027502,4742,2.1476e+09
137.3,0.027481,4738.9,2.1476e+09
137.4,0.02746,4735.9,2.1476e+09
137.5,0.02744,4732.9,2.1476e+09
137.6,0.027419,4729.8,2.1476e+09
137.7,0.027398,4726.8,2.1477e+09
137.8,0.027378,4723.8,2.1477e+09
137.9,0.027357,4720.7,2.1477e+09
138,0.027337,4717.7,2.1477e+09
138.1,0.027317,4714.7,2.1477e+09
138.2,0.027296,4711.6,2.1477e+09
138.3,0.027276,4708.6,2.1478e+09
138.4,0.027256,4705.6,2.1478e+09
138.5,0.027236,4702.6,2.1478e+09
138.6,0.027216,4699.6,2.1478e+09
138.7,0.027196,4696.6,2.1478e+09
138.8,0.027176,4693.5,2.1478e+09
138.9,0.027156,4690.5,2.1479e+09
139,0.027136,4687.5,2.1479e+09
139.1,0.027117,4684.5,2.1479e+09
139.2,0.027097,4681.5,2.1479e+09
139.3,0.027077,4678.5,2.1479e+09
139.4,0.027058,4675.5,2.1479e+09
139.5,0.027038,4672.5,2.148e+09
139.6,0.027019,4669.5,2.148e+09
139.7,0.026999,4666.5,2.148e+09
139.8,0.02698,4663.5,2.148e+09
139.9,0.02696,4660.5,2.148e+09
140,0.026941,4657.6,2.148e+09
140.1,0.026922,4654.6,2.148e+09
140.2,0.026903,4651.6,2.1481e+09
140.3,0.026884,4648.6,2.1481e+09
140.4,0.026865,4645.6,2.1481e+09
140.5,0.026846,4642.6,2.1481e+09
140.6,0.026827,4639.7,2.1481e+09
140.7,0.026808,4636.7,2.1481e+09
140.8,0.026789,4633.7,2.1481e+09
140.9,0.02677,4630.7,2.1482e+09
141,0.026751,4627.8,2.1482e+09
141.1,0.026732,4624.8,2.1482e+09
141.2,0.026713,4621.8,2.1482e+09
141.3,0.026695,4618.9,2.1482e+09
141.4,0.026676,4615.9,2.1482e+09
141.5,0.026657,4613,2.1482e+09
141.6,0.026639,4610,2.1482e+09
141.7,0.02662,4607,2.1483e+09
141.8,0.026602,4604.1,2.1483e+09
141.9,0.026583,4601.1,2.1483e+09
142,0.026565,4598.2,2.1483e+09
142.1,0.026546,4595.2,2.1483e+09
142.2,0.026528,4592.3,2.1483e+09
142.3,0.02651,4589.3,2.1483e+09
142.4,0.026491,4586.4,2.1483e+09
142.5,0.026473,4583.5,2.1484e+09
142.6,0.026455,4580.5,2.1484e+09
142.7,0.026437,4577.6,2.1484e+09
142.8,0.026419,4574.7,2.1484e+09
142.9,0.026401,4571.7,2.1484e+09
143,0.026382,4568.8,2.1484e+09
143.1,0.026364,4565.9,2.1484e+09
143.2,0.026346,4562.9,2.1484e+09
143.3,0.026328,4560,2.1484e+09
143.4,0.02631,4557.1,2.1485e+09
143.5,0.026292,4554.2,2.1485e+09
143.6,0.026275,4551.2,2.1485e+09
143.7,0.026257,4548.3,2.1485e+09
143.8,0.026239,4545.4,2.1485e+09
143.9,0.026221,4542.5,2.1485e+09
144,0.026203,4539.6,2.1485e+09
144.1,0.026185,4536.7,2.1485e+09
144.2,0.026168,4533.8,2.1485e+09
144.3,0.02615,4530.9,2.1486e+09
144.4,0.026132,4528,2.1486e+09
144.5,0.026115,4525.1,2.1486e+09
144.6,0.026097,4522.2,2.1486e+09
144.7,0.02608,4519.3,2.1486e+09
144.8,0.026062,4516.4,2.1486e+09
144.9,0.026044,4513.5,2.1486e+09
145,0.026027,4510.6,2.1486e+09
145.1,0.026009,4507.7,2.1486e+09
145.2,0.025992,4504.8,2.1487e+09
145.3,0.025975,4501.9,2.1487e+09
145.4,0.025957,4499,2.1487e+09
145.5,0.02594,4496.1,2.1487e+09
145.6,0.025922,4493.3,2.1487e+09
145.7,0.025905,4490.4,2.1487e+09
145.8,0.025888,4487.5,2.1487e+09
145.9,0.025871,4484.6,2.1487e+09
146,0.025853,4481.7,2.1487e+09
146.1,0.025836,4478.9,2.1487e+09
146.2,0.025819,4476,2.1487e+09
146.3,0.025802,4473.1,2.1488e+09
146.4,0.025784,4470.3,2.1488e+09
146.5,0.025767,4467.4,2.1488e+09
146.6,0.02575,4464.5,2.1488e+09
146.7,0.025733,4461.7,2.1488e+09
146.8,0.025716,4458.8,2.1488e+09
146.9,0.025699,4456,2.1488e+09
147,0.025682,4453.1,2.1488e+09
147.1,0.025665,4450.2,2.1488e+09
147.2,0.025648,4447.4,2.1488e+09
147.3,0.025631,4444.5,2.1488e+09
147.4,0.025614,4441.7,2.1489e+09
147.5,0.025597,4438.9,2.1489e+09
147.6,0.02558,4436,2.1489e+09
147.7,0.025563,4433.2,2.1489e+09
147.8,0.025546,4430.3,2.1489e+09
147.9,0.025529,4427.5,2.1489e+09
148,0.025513,4424.6,2.1489e+09
148.1,0.025496,4421.8,2.1489e+09
148.2,0.025479,4419,2.1489e+09
148.3,0.025462,4416.1,2.1489e+09
148.4,0.025445,4413.3,2.1489e+09
148.5,0.025429,4410.5,2.1489e+09
148.6,0.025412,4407.7,2.1489e+09
148.7,0.025395,4404.8,2.149e+09
148.8,0.025379,4402,2.149e+09
148.9,0.025362,4399.2,2.149e+09
149,0.025345,4396.4,2.149e+09
149.1,0.025329,4393.6,2.149e+09
149.2,0.025312,4390.7,2.149e+09
149.3,0.025295,4387.9,2.149e+09
149.4,0.025279,4385.1,2.149e+09
149.5,0.025262,4382.3,2.149e+09
149.6,0.025246,4379.5,2.149e+09
149.7,0.025229,4376.7,2.149e+09
149.8,0.025213,4373.9,2.149e+09
149.9,0.025196,4371.1,2.149e+09
150,0.02518,4368.3,2.1491e+09
150.1,0.025163,4365.5,2.1491e+09
150.2,0.025147,4362.7,2.1491e+09
150.3,0.02513,4359.9,2.1491e+09
150.4,0.025114,4357.1,2.1491e+09
150.5,0.025098,4354.3,2.1491e+09
150.6,0.025081,4351.5,2.1491e+09
150.7,0.025065,4348.7,2.1491e+09
150.8,0.025048,4346,2.1491e+09
150.9,0.025032,4343.2,2.1491e+09
151,0.025016,4340.4,2.1491e+09
151.1,0.024999,4337.6,2.1491e+09
151.2,0.024983,4334.8,2.1491e+09
151.3,0.024967,4332,2.1491e+09
151.4,0.024951,4329.3,2.1491e+09
151.5,0.024934,4326.5,2.1491e+09
151.6,0.024918,4323.7,2.1492e+09
151.7,0.024902,4321,2.1492e+09
151.8,0.024886,4318.2,2.1492e+09
151.9,0.02487,4315.4,2.1492e+09
152,0.024853,4312.7,2.1492e+09
152.1,0.024837,4309.9,2.1492e+09
152.2,0.024821,4307.1,2.1492e+09
152.3,0.024805,4304.4,2.1492e+09
152.4,0.024789,4301.6,2.1492e+09
152.5,0.024773,4298.9,2.1492e+09
152.6,0.024757,4296.1,2.1492e+09
152.7,0.024741,4293.4,2.1492e+09
152.8,0.024725,4290.6,2.1492e+09
152.9,0.024709,4287.9,2.1492e+09
153,0.024693,4285.1,2.1492e+09
153.1,0.024677,4282.4,2.1492e+09
153.2,0.024661,4279.6,2.1492e+09
153.3,0.024645,4276.9,2.1493e+09
153.4,0.024629,4274.1,2.1493e+09
153.5,0.024613,4271.4,2.1493e+09
153.6,0.024597,4268.7,2.1493e+09
153.7,0.024581,4265.9,2.1493e+09
153.8,0.024565,4263.2,2.1493e+09
153.9,0.024549,4260.5,2.1493e+09
154,0.024533,4257.7,2.1493e+09
154.1,0.024517,4255,2.1493e+09
154.2,0.024501,4252.3,2.1493e+09
154.3,0.024485,4249.6,2.1493e+09
154.4,0.02447,4246.9,2.1493e+09
154.5,0.024454,4244.1,2.1493e+09
154.6,0.024438,4241.4,2.1493e+09
154.7,0.024422,4238.7,2.1493e+09
154.8,0.024406,4236,2.1493e+09
154.9,0.024391,4233.3,2.1493e+09
155,0.024375,4230.6,2.1493e+09
155.1,0.024359,4227.9,2.1493e+09
155.2,0.024343,4225.1,2.1494e+09
155.3,0.024328,4222.4,2.1494e+09
155.4,0.024312,4219.7,2.1494e+09
155.5,0.024296,4217,2.1494e+09
155.6,0.024281,4214.3,2.1494e+09
155.7,0.024265,4211.6,2.1494e+09
155.8,0.024249,4208.9,2.1494e+09
155.9,0.024234,4206.2,2.1494e+09
156,0.024218,4203.5,2.1494e+09
156.1,0.024202,4200.9,2.1494e+09
156.2,0.024187,4198.2,2.1494e+09
156.3,0.024171,4195.5,2.1494e+09
156.4,0.024156,4192.8,2.1494e+09
156.5,0.02414,4190.1,2.1494e+09
156.6,0.024124,4187.4,2.1494e+09
156.7,0.024109,4184.7,2.1494e+09
156.8,0.024093,4182.1,2.1494e+09
156.9,0.024078,4179.4,2.1494e+09
157,0.024062,4176.7,2.1494e+09
157.1,0.024047,4174,2.1494e+09
157.2,0.024031,4171.4,2.1494e+09
157.3,0.024016,4168.7,2.1494e+09
157.4,0.024,4166,2.1494e+09
157.5,0.023985,4163.4,2.1495e+09
157.6,0.023969,4160.7,2.1495e+09
157.7,0.023954,4158,2.1495e+09
157.8,0.023938,4155.4,2.1495e+09
157.9,0.023923,4152.7,2.1495e+09
158,0.023908,4150,2.1495e+09
158.1,0.023892,4147.4,2.1495e+09
158.2,0.023877,4144.7,2.1495e+09
158.3,0.023862,4142.1,2.1495e+09
158.4,0.023846,4139.4,2.1495e+09
158.5,0.023831,4136.8,2.1495e+09
158.6,0.023816,4134.1,2.1495e+09
158.7,0.0238,4131.5,2.1495e+09
158.8,0.023785,4128.8,2.1495e+09
158.9,0.02377,4126.2,2.1495e+09
159,0.023754,4123.6,2.1495e+09
159.1,0.023739,4120.9,2.1495e+09
159.2,0.023724,4118.3,2.1495e+09
159.3,0.023708,4115.6,2.1495e+09
159.4,0.023693,4113,2.1495e+09
159.5,0.023678,4110.4,2.1495e+09
159.6,0.023663,4107.7,2.1495e+09
159.7,0.023648,4105.1,2.1495e+09
159.8,0.023632,4102.5,2.1495e+09
159.9,0.023617,4099.9,2.1495e+09
160,0.023602,4097.2,2.1495e+09
160.1,0.023587,4094.6,2.1495e+09
160.2,0.023572,4092,2.1496e+09
160.3,0.023557,4089.4,2.1496e+09
160.4,0.023541,4086.8,2.1496e+09
160.5,0.023526,4084.1,2.1496e+09
160.6,0.023511,4081.5,2.1496e+09
160.7,0.023496,4078.9,2.1496e+09
160.8,0.023481,4076.3,2.1496e+09
160.9,0.023466,4073.7,2.1496e+09
161,0.023451,4071.1,2.1496e+09
161.1,0.023436,4068.5,2.1496e+09
161.2,0.023421,4065.9,2.1496e+09
161.3,0.023406,4063.3,2.1496e+09
161.4,0.023391,4060.7,2.1496e+09
161.5,0.023376,4058.1,2.1496e+09
161.6,0.023361,4055.5,2.1496e+09
161.7,0.023346,4052.9,2.1496e+09
161.8,0.023331,4050.3,2.1496e+09
161.9,0.023316,4047.7,2.1496e+09
162,0.023301,4045.1,2.1496e+09
162.1,0.023286,4042.5,2.1496e+09
162.2,0.023271,4039.9,2.1496e+09
162.3,0.023256,4037.3,2.1496e+09
162.4,0.023241,4034.8,2.1496e+09
162.5,0.023226,4032.2,2.1496e+09
162.6,0.023211,4029.6,2.1496e+09
162.7,0.023196,4027,2.1496e+09
162.8,0.023181,4024.4,2.1496e+09
162.9,0.023166,4021.9,2.1496e+09
163,0.023152,4019.3,2.1496e+09
163.1,0.023137,4016.7,2.1496e+09
163.2,0.023122,4014.2,2.1496e+09
163.3,0.023107,4011.6,2.1496e+09
163.4,0.023092,4009,2.1496e+09
163.5,0.023077,4006.5,2.1496e+09
163.6,0.023063,4003.9,2.1496e+09
163.7,0.023048,4001.3,2.1497e+09
163.8,0.023033,3998.8,2.1497e+09
163.9,0.023018,3996.2,2.1497e+09
164,0.023003,3993.7,2.1497e+09
164.1,0.022989,3991.1,2.1497e+09
164.2,0.022974,3988.5,2.1497e+09
164.3,0.022959,3986,2.1497e+09
164.4,0.022945,3983.4,2.1497e+09
164.5,0.02293,3980.9,2.1497e+09
164.6,0.022915,3978.3,2.1497e+09
164.7,0.0229,3975.8,2.1497e+09
164.8,0.022886,3973.3,2.1497e+09
164.9,0.022871,3970.7,2.1497e+09
165,0.022856,3968.2,2.1497e+09
165.1,0.022842,3965.6,2.1497e+09
165.2,0.022827,3963.1,2.1497e+09
165.3,0.022812,3960.6,2.1497e+09
165.4,0.022798,3958,2.1497e+09
165.5,0.022783,3955.5,2.1497e+09
165.6,0.022769,3953,2.1497e+09
165.7,0.022754,3950.4,2.1497e+09
165.8,0.022739,3947.9,2.1497e+09
165.9,0.022725,3945.4,2.1497e+09
166,0.02271,3942.9,2.1497e+09
166.1,0.022696,3940.3,2.1497e+09
166.2,0.022681,3937.8,2.1497e+09
166.3,0.022667,3935.3,2.1497e+09
166.4,0.022652,3932.8,2.1497e+09
166.5,0.022638,3930.3,2.1497e+09
166.6,0.022623,3927.8,2.1497e+09
166.7,0.022609,3925.2,2.1497e+09
166.8,0.022594,3922.7,2.1497e+09
166.9,0.02258,3920.2,2.1497e+09
167,0.022565,3917.7,2.1497e+09
167.1,0.022551,3915.2,2.1497e+09
167.2,0.022536,3912.7,2.1497e+09
167.3,0.022522,3910.2,2.1497e+09
167.4,0.022507,3907.7,2.1497e+09
167.5,0.022493,3905.2,2.1497e+09
167.6,0.022479,3902.7,2.1497e+09
167.7,0.022464,3900.2,2.1497e+09
167.8,0.02245,3897.7,2.1497e+09
167.9,0.022435,3895.2,2.1497e+09
168,0.022421,3892.7,2.1497e+09
168.1,0.022407,3890.2,2.1497e+09
168.2,0.022392,3887.7,2.1497e+09
168.3,0.022378,3885.3,2.1498e+09
168.4,0.022364,3882.8,2.1498e+09
168.5,0.022349,3880.3,2.1498e+09
168.6,0.022335,3877.8,2.1498e+09
168.7,0.022321,3875.3,2.1498e+09
168.8,0.022306,3872.9,2.1498e+09
168.9,0.022292,3870.4,2.1498e+09
169,0.022278,3867.9,2.1498e+09
169.1,0.022264,3865.4,2.1498e+09
169.2,0.022249,3863,2.1498e+09
169.3,0.022235,3860.5,2.1498e+09
169.4,0.022221,3858,2.1498e+09
169.5,0.022207,3855.5,2.1498e+09
169.6,0.022192,3853.1,2.1498e+09
169.7,0.022178,3850.6,2.1498e+09
169.8,0.022164,3848.2,2.1498e+09
169.9,0.02215,3845.7,2.1498e+09
170,0.022136,3843.2,2.1498e+09
170.1,0.022122,3840.8,2.1498e+09
170.2,0.022107,3838.3,2.1498e+09
170.3,0.022093,3835.9,2.1498e+09
170.4,0.022079,3833.4,2.1498e+09
170.5,0.022065,3831,2.1498e+09
170.6,0.022051,3828.5,2.1498e+09
170.7,0.022037,3826.1,2.1498e+09
170.8,0.022023,3823.6,2.1498e+09
170.9,0.022008,3821.2,2.1498e+09
171,0.021994,3818.7,2.1498e+09
171.1,0.02198,3816.3,2.1498e+09
171.2,0.021966,3813.9,2.1498e+09
171.3,0.021952,3811.4,2.1498e+09
171.4,0.021938,3809,2.1498e+09
171.5,0.021924,3806.5,2.1498e+09
171.6,0.02191,3804.1,2.1498e+09
171.7,0.021896,3801.7,2.1498e+09
171.8,0.021882,3799.2,2.1498e+09
171.9,0.021868,3796.8,2.1498e+09
172,0.021854,3794.4,2.1498e+09
172.1,0.02184,3792,2.1498e+09
172.2,0.021826,3789.5,2.1498e+09
172.3,0.021812,3787.1,2.1498e+09
172.4,0.021798,3784.7,2.1498e+09
172.5,0.021784,3782.3,2.1498e+09
172.6,0.02177,3779.9,2.1498e+09
172.7,0.021756,3777.4,2.1498e+09
172.8,0.021742,3775,2.1498e+09
172.9,0.021728,3772.6,2.1498e+09
173,0.021715,3770.2,2.1498e+09
173.1,0.021701,3767.8,2.1498e+09
173.2,0.021687,3765.4,2.1498e+09
173.3,0.021673,3763,2.1498e+09
173.4,0.021659,3760.6,2.1498e+09
173.5,0.021645,3758.2,2.1498e+09
173.6,0.021631,3755.8,2.1498e+09
173.7,0.021618,3753.4,2.1498e+09
173.8,0.021604,3751,2.1498e+09
173.9,0.02159,3748.6,2.1498e+09
174,0.021576,3746.2,2.1498e+09
174.1,0.021562,3743.8,2.1498e+09
174.2,0.021548,3741.4,2.1498e+09
174.3,0.021535,3739,2.1498e+09
174.4,0.021521,3736.6,2.1498e+09
174.5,0.021507,3734.2,2.1498e+09
174.6,0.021493,3731.8,2.1498e+09
174.7,0.02148,3729.4,2.1498e+09
174.8,0.021466,3727.1,2.1498e+09
174.9,0.021452,3724.7,2.1498e+09
175,0.021438,3722.3,2.1498e+09
175.1,0.021425,3719.9,2.1498e+09
175.2,0.021411,3717.5,2.1499e+09
175.3,0.021397,3715.2,2.1499e+09
175.4,0.021384,3712.8,2.1499e+09
175.5,0.02137,3710.4,2.1499e+09
175.6,0.021356,3708,2.1499e+09
175.7,0.021343,3705.7,2.1499e+09
175.8,0.021329,3703.3,2.1499e+09
175.9,0.021315,3700.9,2.1499e+09
176,0.021302,3698.6,2.1499e+09
176.1,0.021288,3696.2,2.1499e+09
176.2,0.021274,3693.9,2.1499e+09
176.3,0.021261,3691.5,2.1499e+09
176.4,0.021247,3689.1,2.1499e+09
176.5,0.021234,3686.8,2.1499e+09
176.6,0.02122,3684.4,2.1499e+09
176.7,0.021207,3682.1,2.1499e+09
176.8,0.021193,3679.7,2.1499e+09
176.9,0.021179,3677.4,2.1499e+09
177,0.021166,3675,2.1499e+09
177.1,0.021152,3672.7,2.1499e+09
177.2,0.021139,3670.3,2.1499e+09
177.3,0.021125,3668,2.1499e+09
177.4,0.021112,3665.6,2.1499e+09
177.5,0.021098,3663.3,2.1499e+09
177.6,0.021085,3660.9,2.1499e+09
177.7,0.021071,3658.6,2.1499e+09
177.8,0.021058,3656.3,2.1499e+09
177.9,0.021044,3653.9,2.1499e+09
178,0.021031,3651.6,2.1499e+09
178.1,0.021017,3649.3,2.1499e+09
178.2,0.021004,3646.9,2.1499e+09
178.3,0.020991,3644.6,2.1499e+09
178.4,0.020977,3642.3,2.1499e+09
178.5,0.020964,3640,2.1499e+09
178.6,0.02095,3637.6,2.1499e+09
178.7,0.020937,3635.3,2.1499e+09
178.8,0.020924,3633,2.1499e+09
178.9,0.02091,3630.7,2.1499e+09
179,0.020897,3628.3,2.1499e+09
179.1,0.020883,3626,2.1499e+09
179.2,0.02087,3623.7,2.1499e+09
179.3,0.020857,3621.4,2.1499e+09
179.4,0.020843,3619.1,2.1499e+09
179.5,0.02083,3616.8,2.1499e+09
179.6,0.020817,3614.5,2.1499e+09
179.7,0.020804,3612.1,2.1499e+09
179.8,0.02079,3609.8,2.1499e+09
179.9,0.020777,3607.5,2.1499e+09
180,0.020764,3605.2,2.1499e+09
180.1,0.02075,3602.9,2.1499e+09
180.2,0.020737,3600.6,2.1499e+09
180.3,0.020724,3598.3,2.1499e+09
180.4,0.020711,3596,2.1499e+09
180.5,0.020697,3593.7,2.1499e+09
180.6,0.020684,3591.4,2.1499e+09
180.7,0.020671,3589.1,2.1499e+09
180.8,0.020658,3586.8,2.1499e+09
180.9,0.020644,3584.6,2.1499e+09
181,0.020631,3582.3,2.1499e+09
181.1,0.020618,3580,2.1499e+09
181.2,0.020605,3577.7,2.1499e+09
181.3,0.020592,3575.4,2.1499e+09
181.4,0.020579,3573.1,2.1499e+09
181.5,0.020565,3570.8,2.1499e+09
181.6,0.020552,3568.6,2.1499e+09
181.7,0.020539,3566.3,2.1499e+09
181.8,0.020526,3564,2.1499e+09
181.9,0.020513,3561.7,2.1499e+09
182,0.0205,3559.5,2.1499e+09
182.1,0.020487,3557.2,2.1499e+09
182.2,0.020474,3554.9,2.1499e+09
182.3,0.020461,3552.6,2.1499e+09
182.4,0.020447,3550.4,2.1499e+09
182.5,0.020434,3548.1,2.1499e+09
182.6,0.020421,3545.8,2.1499e+09
182.7,0.020408,3543.6,2.1499e+09
182.8,0.020395,3541.3,2.1499e+09
182.9,0.020382,3539,2.1499e+09
183,0.020369,3536.8,2.1499e+09
183.1,0.020356,3534.5,2.1499e+09
183.2,0.020343,3532.3,2.1499e+09
183.3,0.02033,3530,2.1499e+09
183.4,0.020317,3527.8,2.1499e+09
183.5,0.020304,3525.5,2.1499e+09
183.6,0.020291,3523.3,2.1499e+09
183.7,0.020278,3521,2.1499e+09
183.8,0.020265,3518.8,2.1499e+09
183.9,0.020252,3516.5,2.1499e+09
184,0.020239,3514.3,2.1499e+09
184.1,0.020227,3512,2.1499e+09
184.2,0.020214,3509.8,2.1499e+09
184.3,0.020201,3507.5,2.1499e+09
184.4,0.020188,3505.3,2.1499e+09
184.5,0.020175,3503.1,2.1499e+09
184.6,0.020162,3500.8,2.1499e+09
184.7,0.020149,3498.6,2.1499e+09
184.8,0.020136,3496.4,2.1499e+09
184.9,0.020123,3494.1,2.1499e+09
185,0.02011,3491.9,2.1499e+09
185.1,0.020098,3489.7,2.1499e+09
185.2,0.020085,3487.4,2.1499e+09
185.3,0.020072,3485.2,2.1499e+09
185.4,0.020059,3483,2.1499e+09
185.5,0.020046,3480.8,2.1499e+09
185.6,0.020034,3478.5,2.1499e+09
185.7,0.020021,3476.3,2.1499e+09
185.8,0.020008,3474.1,2.1499e+09
185.9,0.019995,3471.9,2.1499e+09
186,0.019982,3469.7,2.1499e+09
186.1,0.01997,3467.5,2.1499e+09
186.2,0.019957,3465.2,2.1499e+09
186.3,0.019944,3463,2.1499e+09
186.4,0.019931,3460.8,2.1499e+09
186.5,0.019919,3458.6,2.1499e+09
186.6,0.019906,3456.4,2.1499e+09
186.7,0.019893,3454.2,2.1499e+09
186.8,0.019881,3452,2.1499e+09
186.9,0.019868,3449.8,2.1499e+09
187,0.019855,3447.6,2.1499e+09
187.1,0.019842,3445.4,2.1499e+09
187.2,0.01983,3443.2,2.1499e+09
187.3,0.019817,3441,2.1499e+09
187.4,0.019804,3438.8,2.1499e+09
187.5,0.019792,3436.6,2.1499e+09
187.6,0.019779,3434.4,2.1499e+09
187.7,0.019767,3432.2,2.1499e+09
187.8,0.019754,3430,2.1499e+09
187.9,0.019741,3427.8,2.1499e+09
188,0.019729,3425.7,2.1499e+09
188.1,0.019716,3423.5,2.1499e+09
188.2,0.019704,3421.3,2.1499e+09
188.3,0.019691,3419.1,2.1499e+09
188.4,0.019678,3416.9,2.1499e+09
188.5,0.019666,3414.7,2.1499e+09
188.6,0.019653,3412.6,2.1499e+09
188.7,0.019641,3410.4,2.1499e+09
188.8,0.019628,3408.2,2.1499e+09
188.9,0.019616,3406,2.1499e+09
189,0.019603,3403.9,2.1499e+09
189.1,0.019591,3401.7,2.1499e+09
189.2,0.019578,3399.5,2.1499e+09
189.3,0.019566,3397.3,2.1499e+09
189.4,0.019553,3395.2,2.1499e+09
189.5,0.019541,3393,2.1499e+09
189.6,0.019528,3390.8,2.1499e+09
189.7,0.019516,3388.7,2.1499e+09
189.8,0.019503,3386.5,2.1499e+09
189.9,0.019491,3384.4,2.1499e+09
190,0.019478,3382.2,2.1499e+09
190.1,0.019466,3380,2.1499e+09
190.2,0.019453,3377.9,2.15e+09
190.3,0.019441,3375.7,2.15e+09
190.4,0.019429,3373.6,2.15e+09
190.5,0.019416,3371.4,2.15e+09
190.6,0.019404,3369.3,2.15e+09
190.7,0.019391,3367.1,2.15e+09
190.8,0.019379,3365,2.15e+09
190.9,0.019367,3362.8,2.15e+09
191,0.019354,3360.7,2.15e+09
191.1,0.019342,3358.5,2.15e+09
191.2,0.01933,3356.4,2.15e+09
191.3,0.019317,3354.3,2.15e+09
191.4,0.019305,3352.1,2.15e+09
191.5,0.019293,3350,2.15e+09
191.6,0.01928,3347.8,2.15e+09
191.7,0.019268,3345.7,2.15e+09
191.8,0.019256,3343.6,2.15e+09
191.9,0.019243,3341.4,2.15e+09
192,0.019231,3339.3,2.15e+09
192.1,0.019219,3337.2,2.15e+09
192.2,0.019207,3335,2.15e+09
192.3,0.019194,3332.9,2.15e+09
192.4,0.019182,3330.8,2.15e+09
192.5,0.01917,3328.7,2.15e+09
192.6,0.019158,3326.5,2.15e+09
192.7,0.019145,3324.4,2.15e+09
192.8,0.019133,3322.3,2.15e+09
192.9,0.019121,3320.2,2.15e+09
193,0.019109,3318.1,2.15e+09
193.1,0.019096,3315.9,2.15e+09
193.2,0.019084,3313.8,2.15e+09
193.3,0.019072,3311.7,2.15e+09
193.4,0.01906,3309.6,2.15e+09
193.5,0.019048,3307.5,2.15e+09
193.6,0.019036,3305.4,2.15e+09
193.7,0.019023,3303.3,2.15e+09
193.8,0.019011,3301.2,2.15e+09
193.9,0.018999,3299.1,2.15e+09
194,0.018987,3297,2.15e+09
194.1,0.018975,3294.9,2.15e+09
194.2,0.018963,3292.8,2.15e+09
194.3,0.018951,3290.7,2.15e+09
194.4,0.018939,3288.6,2.15e+09
194.5,0.018927,3286.5,2.15e+09
194.6,0.018915,3284.4,2.15e+09
194.7,0.018902,3282.3,2.15e+09
194.8,0.01889,3280.2,2.15e+09
194.9,0.018878,3278.1,2.15e+09
195,0.018866,3276,2.15e+09
195.1,0.018854,3273.9,2.15e+09
195.2,0.018842,3271.8,2.15e+09
195.3,0.01883,3269.7,2.15e+09
195.4,0.018818,3267.7,2.15e+09
195.5,0.018806,3265.6,2.15e+09
195.6,0.018794,3263.5,2.15e+09
195.7,0.018782,3261.4,2.15e+09
195.8,0.01877,3259.3,2.15e+09
195.9,0.018758,3257.3,2.15e+09
196,0.018746,3255.2,2.15e+09
196.1,0.018734,3253.1,2.15e+09
196.2,0.018722,3251,2.15e+09
196.3,0.01871,3249,2.15e+09
196.4,0.018698,3246.9,2.15e+09
196.5,0.018687,3244.8,2.15e+09
196.6,0.018675,3242.7,2.15e+09
196.7,0.018663,3240.7,2.15e+09
196.8,0.018651,3238.6,2.15e+09
196.9,0.018639,3236.5,2.15e+09
197,0.018627,3234.5,2.15e+09
197.1,0.018615,3232.4,2.15e+09
197.2,0.018603,3230.4,2.15e+09
197.3,0.018591,3228.3,2.15e+09
197.4,0.01858,3226.2,2.15e+09
197.5,0.018568,3224.2,2.15e+09
197.6,0.018556,3222.1,2.15e+09
197.7,0.018544,3220.1,2.15e+09
197.8,0.018532,3218,2.15e+09
197.9,0.01852,3216,2.15e+09
198,0.018509,3213.9,2.15e+09
198.1,0.018497,3211.9,2.15e+09
198.2,0.018485,3209.8,2.15e+09
198.3,0.018473,3207.8,2.15e+09
198.4,0.018461,3205.7,2.15e+09
198.5,0.01845,3203.7,2.15e+09
198.6,0.018438,3201.7,2.15e+09
198.7,0.018426,3199.6,2.15e+09
198.8,0.018414,3197.6,2.15e+09
198.9,0.018403,3195.5,2.15e+09
199,0.018391,3193.5,2.15e+09
199.1,0.018379,3191.5,2.15e+09
199.2,0.018367,3189.4,2.15e+09
199.3,0.018356,3187.4,2.15e+09
199.4,0.018344,3185.4,2.15e+09
199.5,0.018332,3183.3,2.15e+09
199.6,0.018321,3181.3,2.15e+09
199.7,0.018309,3179.3,2.15e+09
199.8,0.018297,3177.3,2.15e+09
199.9,0.018286,3175.2,2.15e+09
200,0.018274,3173.2,2.15e+09
