76
1
1
76
79
76
85
59
82
89
81
71
98
72
74
81
1
81
1
66
78
88
71
85
72
86
60
69
79
74
68
80
90
48
65
82
82
83
77
1
1
82
54
72
80
81
91
81
1
60
87
82
81
93
61
88
79
62
76
86
80
83
75
72
85
1
84
71
80
1
86
81
87
84
56
79
1
59
64
86
47
1
1
69
1
1
85
74
81
77
69
59
77
82
66
91
88
61
1
83
82
82
86
70
76
79
64
77
63
66
93
75
1
73
90
79
84
61
78
74
96
82
80
51
86
60
1
75
82
71
1
58
1
86
1
71
1
65
69
75
59
1
55
68
69
76
58
79
80
76
52
1
81
74
78
73
72
58
1
75
69
73
87
65
78
63
64
58
1
87
74
83
73
80
46
76
60
72
85
55
66
88
74
75
1
90
73
77
73
83
74
79
1
72
71
76
63
66
82
72
78
76
73
79
75
84
84
79
54
71
85
90
61
59
69
80
55
69
56
91
69
1
81
77
57
1
86
86
54
82
72
76
60
77
74
77
81
81
72
66
73
80
52
80
81
67
1
1
87
61
83
85
80
73
1
1
74
86
66
77
77
56
82
74
91
64
79
77
68
83
81
53
1
58
75
65
73
76
66
67
54
86
55
72
94
79
77
68
90
67
90
63
93
97
77
73
76
77
72
72
92
58
83
77
63
68
77
86
59
1
75
57
68
81
84
78
81
65
1
1
1
67
70
74
73
75
57
1
50
83
77
1
70
92
54
81
78
72
87
80
74
72
1
82
67
80
78
75
72
51
70
84
81
77
1
66
75
75
90
70
1
1
1
1
78
78
1
78
75
94
1
62
93
1
68
83
86
92
59
72
66
64
78
86
58
59
77
61
58
1
89
87
77
71
77
70
55
72
86
1
82
71
66
64
56
79
71
62
53
89
81
83
77
76
1
71
84
85
72
89
49
81
94
64
80
73
88
54
82
75
58
72
89
71
90
82
75
69
1
80
78
72
72
90
88
79
76
63
72
72
76
69
81
76
78
90
77
73
76
79
78
91
65
83
81
90
55
72
60
93
72
49
80
62
79
82
63
75
86
72
74
75
85
72
88
78
87
49
73
68
64
77
87
1
1
69
77
65
49
56
85
67
69
59
50
89
66
81
64
58
67
55
63
72
84
89
64
59
65
50
61
74
62
55
76
61
79
83
89
76
67
69
64
75
75
81
1
64
75
69
76
82
86
81
81
77
83
89
85
72
1
86
59
1
50
66
65
73
79
67
81
65
81
76
1
83
84
73
68
98
1
1
59
70
75
74
58
76
1
88
70
53
79
71
84
75
72
76
90
83
1
74
1
78
77
83
70
83
90
74
67
74
78
77
1
72
64
90
90
1
57
75
1
79
92
87
81
81
1
70
94
71
53
78
81
57
82
87
62
1
82
80
76
72
68
64
58
75
84
65
63
70
79
61
70
54
90
87
1
88
89
55
1
76
86
64
66
81
83
72
84
59
83
1
61
78
79
58
68
70
1
51
1
74
72
1
67
70
71
76
79
81
80
55
1
90
71
57
76
79
84
68
93
81
1
67
54
86
87
86
81
1
81
60
1
80
86
75
54
61
74
53
65
1
67
69
88
89
84
73
69
78
77
92
77
92
68
89
59
1
78
83
74
84
1
87
86
79
71
62
82
89
76
70
1
77
76
88
85
93
1
52
1
86
87
73
72
1
76
94
64
75
62
83
90
86
71
1
71
87
70
1
66
1
79
68
73
64
51
80
74
1
81
93
71
56
75
71
83
78
90
70
87
78
83
85
68
84
87
91
72
78
1
58
70
73
75
77
61
82
70
66
80
84
75
77
76
83
59
88
68
81
74
84
74
73
80
74
76
57
84
1
81
76
65
1
90
81
81
51
77
83
68
79
75
54
55
92
77
67
86
74
77
76
68
88
83
68
63
57
93
86
88
86
1
84
73
81
72
86
70
82
59
65
74
62
1
80
70
86
81
78
91
69
79
50
77
1
60
66
72
71
1
79
83
67
1
57
1
74
74
71
80
77
77
76
82
76
82
76
78
63
80
1
82
67
65
75
79
84
75
76
60
89
79
84
75
77
82
82
1
1
83
51
72
53
86
86
66
81
68
74
77
65
81
86
1
63
75
87
79
1
84
65
94
1
78
58
86
77
1
87
81
85
69
1
71
62
68
77
1
71
77
78
68
74
90
75
86
72
62
79
78
1
79
72
72
54
74
71
83
91
83
1
74
71
76
85
81
59
