0.027027
-0.98649
-0.98649
0.027027
0.067568
0.027027
0.14865
-0.2027
0.10811
0.2027
0.094595
-0.040541
0.32432
-0.027027
0
0.094595
-0.98649
0.094595
-0.98649
-0.10811
0.054054
0.18919
-0.040541
0.14865
-0.027027
0.16216
-0.18919
-0.067568
0.067568
0
-0.081081
0.081081
0.21622
-0.35135
-0.12162
0.10811
0.10811
0.12162
0.040541
-0.98649
-0.98649
0.10811
-0.27027
-0.027027
0.081081
0.094595
0.22973
0.094595
-0.98649
-0.18919
0.17568
0.10811
0.094595
0.25676
-0.17568
0.18919
0.067568
-0.16216
0.027027
0.16216
0.081081
0.12162
0.013514
-0.027027
0.14865
-0.98649
0.13514
-0.040541
0.081081
-0.98649
0.16216
0.094595
0.17568
0.13514
-0.24324
0.067568
-0.98649
-0.2027
-0.13514
0.16216
-0.36486
-0.98649
-0.98649
-0.067568
-0.98649
-0.98649
0.14865
0
0.094595
0.040541
-0.067568
-0.2027
0.040541
0.10811
-0.10811
0.22973
0.18919
-0.17568
-0.98649
0.12162
0.10811
0.10811
0.16216
-0.054054
0.027027
0.067568
-0.13514
0.040541
-0.14865
-0.10811
0.25676
0.013514
-0.98649
-0.013514
0.21622
0.067568
0.13514
-0.17568
0.054054
0
0.2973
0.10811
0.081081
-0.31081
0.16216
-0.18919
-0.98649
0.013514
0.10811
-0.040541
-0.98649
-0.21622
-0.98649
0.16216
-0.98649
-0.040541
-0.98649
-0.12162
-0.067568
0.013514
-0.2027
-0.98649
-0.25676
-0.081081
-0.067568
0.027027
-0.21622
0.067568
0.081081
0.027027
-0.2973
-0.98649
0.094595
0
0.054054
-0.013514
-0.027027
-0.21622
-0.98649
0.013514
-0.067568
-0.013514
0.17568
-0.12162
0.054054
-0.14865
-0.13514
-0.21622
-0.98649
0.17568
0
0.12162
-0.013514
0.081081
-0.37838
0.027027
-0.18919
-0.027027
0.14865
-0.25676
-0.10811
0.18919
0
0.013514
-0.98649
0.21622
-0.013514
0.040541
-0.013514
0.12162
0
0.067568
-0.98649
-0.027027
-0.040541
0.027027
-0.14865
-0.10811
0.10811
-0.027027
0.054054
0.027027
-0.013514
0.067568
0.013514
0.13514
0.13514
0.067568
-0.27027
-0.040541
0.14865
0.21622
-0.17568
-0.2027
-0.067568
0.081081
-0.25676
-0.067568
-0.24324
0.22973
-0.067568
-0.98649
0.094595
0.040541
-0.22973
-0.98649
0.16216
0.16216
-0.27027
0.10811
-0.027027
0.027027
-0.18919
0.040541
0
0.040541
0.094595
0.094595
-0.027027
-0.10811
-0.013514
0.081081
-0.2973
0.081081
0.094595
-0.094595
-0.98649
-0.98649
0.17568
-0.17568
0.12162
0.14865
0.081081
-0.013514
-0.98649
-0.98649
0
0.16216
-0.10811
0.040541
0.040541
-0.24324
0.10811
0
0.22973
-0.13514
0.067568
0.040541
-0.081081
0.12162
0.094595
-0.28378
-0.98649
-0.21622
0.013514
-0.12162
-0.013514
0.027027
-0.10811
-0.094595
-0.27027
0.16216
-0.25676
-0.027027
0.27027
0.067568
0.040541
-0.081081
0.21622
-0.094595
0.21622
-0.14865
0.25676
0.31081
0.040541
-0.013514
0.027027
0.040541
-0.027027
-0.027027
0.24324
-0.21622
0.12162
0.040541
-0.14865
-0.081081
0.040541
0.16216
-0.2027
-0.98649
0.013514
-0.22973
-0.081081
0.094595
0.13514
0.054054
0.094595
-0.12162
-0.98649
-0.98649
-0.98649
-0.094595
-0.054054
0
-0.013514
0.013514
-0.22973
-0.98649
-0.32432
0.12162
0.040541
-0.98649
-0.054054
0.24324
-0.27027
0.094595
0.054054
-0.027027
0.17568
0.081081
0
-0.027027
-0.98649
0.10811
-0.094595
0.081081
0.054054
0.013514
-0.027027
-0.31081
-0.054054
0.13514
0.094595
0.040541
-0.98649
-0.10811
0.013514
0.013514
0.21622
-0.054054
-0.98649
-0.98649
-0.98649
-0.98649
0.054054
0.054054
-0.98649
0.054054
0.013514
0.27027
-0.98649
-0.16216
0.25676
-0.98649
-0.081081
0.12162
0.16216
0.24324
-0.2027
-0.027027
-0.10811
-0.13514
0.054054
0.16216
-0.21622
-0.2027
0.040541
-0.17568
-0.21622
-0.98649
0.2027
0.17568
0.040541
-0.040541
0.040541
-0.054054
-0.25676
-0.027027
0.16216
-0.98649
0.10811
-0.040541
-0.10811
-0.13514
-0.24324
0.067568
-0.040541
-0.16216
-0.28378
0.2027
0.094595
0.12162
0.040541
0.027027
-0.98649
-0.040541
0.13514
0.14865
-0.027027
0.2027
-0.33784
0.094595
0.27027
-0.13514
0.081081
-0.013514
0.18919
-0.27027
0.10811
0.013514
-0.21622
-0.027027
0.2027
-0.040541
0.21622
0.10811
0.013514
-0.067568
-0.98649
0.081081
0.054054
-0.027027
-0.027027
0.21622
0.18919
0.067568
0.027027
-0.14865
-0.027027
-0.027027
0.027027
-0.067568
0.094595
0.027027
0.054054
0.21622
0.040541
-0.013514
0.027027
0.067568
0.054054
0.22973
-0.12162
0.12162
0.094595
0.21622
-0.25676
-0.027027
-0.18919
0.25676
-0.027027
-0.33784
0.081081
-0.16216
0.067568
0.10811
-0.14865
0.013514
0.16216
-0.027027
0
0.013514
0.14865
-0.027027
0.18919
0.054054
0.17568
-0.33784
-0.013514
-0.081081
-0.13514
0.040541
0.17568
-0.98649
-0.98649
-0.067568
0.040541
-0.12162
-0.33784
-0.24324
0.14865
-0.094595
-0.067568
-0.2027
-0.32432
0.2027
-0.10811
0.094595
-0.13514
-0.21622
-0.094595
-0.25676
-0.14865
-0.027027
0.13514
0.2027
-0.13514
-0.2027
-0.12162
-0.32432
-0.17568
0
-0.16216
-0.25676
0.027027
-0.17568
0.067568
0.12162
0.2027
0.027027
-0.094595
-0.067568
-0.13514
0.013514
0.013514
0.094595
-0.98649
-0.13514
0.013514
-0.067568
0.027027
0.10811
0.16216
0.094595
0.094595
0.040541
0.12162
0.2027
0.14865
-0.027027
-0.98649
0.16216
-0.2027
-0.98649
-0.32432
-0.10811
-0.12162
-0.013514
0.067568
-0.094595
0.094595
-0.12162
0.094595
0.027027
-0.98649
0.12162
0.13514
-0.013514
-0.081081
0.32432
-0.98649
-0.98649
-0.2027
-0.054054
0.013514
0
-0.21622
0.027027
-0.98649
0.18919
-0.054054
-0.28378
0.067568
-0.040541
0.13514
0.013514
-0.027027
0.027027
0.21622
0.12162
-0.98649
0
-0.98649
0.054054
0.040541
0.12162
-0.054054
0.12162
0.21622
0
-0.094595
0
0.054054
0.040541
-0.98649
-0.027027
-0.13514
0.21622
0.21622
-0.98649
-0.22973
0.013514
-0.98649
0.067568
0.24324
0.17568
0.094595
0.094595
-0.98649
-0.054054
0.27027
-0.040541
-0.28378
0.054054
0.094595
-0.22973
0.10811
0.17568
-0.16216
-0.98649
0.10811
0.081081
0.027027
-0.027027
-0.081081
-0.13514
-0.21622
0.013514
0.13514
-0.12162
-0.14865
-0.054054
0.067568
-0.17568
-0.054054
-0.27027
0.21622
0.17568
-0.98649
0.18919
0.2027
-0.25676
-0.98649
0.027027
0.16216
-0.13514
-0.10811
0.094595
0.12162
-0.027027
0.13514
-0.2027
0.12162
-0.98649
-0.17568
0.054054
0.067568
-0.21622
-0.081081
-0.054054
-0.98649
-0.31081
-0.98649
0
-0.027027
-0.98649
-0.094595
-0.054054
-0.040541
0.027027
0.067568
0.094595
0.081081
-0.25676
-0.98649
0.21622
-0.040541
-0.22973
0.027027
0.067568
0.13514
-0.081081
0.25676
0.094595
-0.98649
-0.094595
-0.27027
0.16216
0.17568
0.16216
0.094595
-0.98649
0.094595
-0.18919
-0.98649
0.081081
0.16216
0.013514
-0.27027
-0.17568
0
-0.28378
-0.12162
-0.98649
-0.094595
-0.067568
0.18919
0.2027
0.13514
-0.013514
-0.067568
0.054054
0.040541
0.24324
0.040541
0.24324
-0.081081
0.2027
-0.2027
-0.98649
0.054054
0.12162
0
0.13514
-0.98649
0.17568
0.16216
0.067568
-0.040541
-0.16216
0.10811
0.2027
0.027027
-0.054054
-0.98649
0.040541
0.027027
0.18919
0.14865
0.25676
-0.98649
-0.2973
-0.98649
0.16216
0.17568
-0.013514
-0.027027
-0.98649
0.027027
0.27027
-0.13514
0.013514
-0.16216
0.12162
0.21622
0.16216
-0.040541
-0.98649
-0.040541
0.17568
-0.054054
-0.98649
-0.10811
-0.98649
0.067568
-0.081081
-0.013514
-0.13514
-0.31081
0.081081
0
-0.98649
0.094595
0.25676
-0.040541
-0.24324
0.013514
-0.040541
0.12162
0.054054
0.21622
-0.054054
0.17568
0.054054
0.12162
0.14865
-0.081081
0.13514
0.17568
0.22973
-0.027027
0.054054
-0.98649
-0.21622
-0.054054
-0.013514
0.013514
0.040541
-0.17568
0.10811
-0.054054
-0.10811
0.081081
0.13514
0.013514
0.040541
0.027027
0.12162
-0.2027
0.18919
-0.081081
0.094595
0
0.13514
0
-0.013514
0.081081
0
0.027027
-0.22973
0.13514
-0.98649
0.094595
0.027027
-0.12162
-0.98649
0.21622
0.094595
0.094595
-0.31081
0.040541
0.12162
-0.081081
0.067568
0.013514
-0.27027
-0.25676
0.24324
0.040541
-0.094595
0.16216
0
0.040541
0.027027
-0.081081
0.18919
0.12162
-0.081081
-0.14865
-0.22973
0.25676
0.16216
0.18919
0.16216
-0.98649
0.13514
-0.013514
0.094595
-0.027027
0.16216
-0.054054
0.10811
-0.2027
-0.12162
0
-0.16216
-0.98649
0.081081
-0.054054
0.16216
0.094595
0.054054
0.22973
-0.067568
0.067568
-0.32432
0.040541
-0.98649
-0.18919
-0.10811
-0.027027
-0.040541
-0.98649
0.067568
0.12162
-0.094595
-0.98649
-0.22973
-0.98649
0
0
-0.040541
0.081081
0.040541
0.040541
0.027027
0.10811
0.027027
0.10811
0.027027
0.054054
-0.14865
0.081081
-0.98649
0.10811
-0.094595
-0.12162
0.013514
0.067568
0.13514
0.013514
0.027027
-0.18919
0.2027
0.067568
0.13514
0.013514
0.040541
0.10811
0.10811
-0.98649
-0.98649
0.12162
-0.31081
-0.027027
-0.28378
0.16216
0.16216
-0.10811
0.094595
-0.081081
0
0.040541
-0.12162
0.094595
0.16216
-0.98649
-0.14865
0.013514
0.17568
0.067568
-0.98649
0.13514
-0.12162
0.27027
-0.98649
0.054054
-0.21622
0.16216
0.040541
-0.98649
0.17568
0.094595
0.14865
-0.067568
-0.98649
-0.040541
-0.16216
-0.081081
0.040541
-0.98649
-0.040541
0.040541
0.054054
-0.081081
0
0.21622
0.013514
0.16216
-0.027027
-0.16216
0.067568
0.054054
-0.98649
0.067568
-0.027027
-0.027027
-0.27027
0
-0.040541
0.12162
0.22973
0.12162
-0.98649
0
-0.040541
0.027027
0.14865
0.094595
-0.2027
